-3.1 0.000299976 0.00197163 3.30978 1.64241e-08
-3.0969 0.000306097 0.00197746 3.30917 1.62801e-08
-3.0938 0.000312236 0.00198342 3.30856 1.61463e-08
-3.0907 0.000318394 0.00198949 3.30796 1.6022e-08
-3.0876 0.000324571 0.00199568 3.30736 1.5907e-08
-3.0845 0.000330767 0.00200199 3.30677 1.58008e-08
-3.0814 0.000336984 0.00200841 3.30618 1.5703e-08
-3.0783 0.00034322 0.00201496 3.3056 1.56133e-08
-3.0752 0.000349476 0.00202162 3.30501 1.55314e-08
-3.0721 0.000355754 0.0020284 3.30443 1.5457e-08
-3.069 0.000362053 0.00203531 3.30386 1.53898e-08
-3.0659 0.000368373 0.00204233 3.30328 1.53297e-08
-3.0628 0.000374715 0.00204948 3.30271 1.52763e-08
-3.0597 0.00038108 0.00205674 3.30215 1.52294e-08
-3.0566 0.000387467 0.00206413 3.30158 1.5189e-08
-3.0535 0.000393878 0.00207164 3.30102 1.51547e-08
-3.0504 0.000400311 0.00207928 3.30046 1.51264e-08
-3.0473 0.000406769 0.00208704 3.2999 1.51039e-08
-3.0442 0.000413251 0.00209492 3.29934 1.50872e-08
-3.0411 0.000419758 0.00210292 3.29878 1.50761e-08
-3.038 0.000426289 0.00211105 3.29823 1.50704e-08
-3.0349 0.000432846 0.00211931 3.29768 1.50701e-08
-3.0318 0.000439429 0.00212769 3.29712 1.50751e-08
-3.0287 0.000446038 0.00213619 3.29657 1.50851e-08
-3.0256 0.000452674 0.00214483 3.29602 1.51003e-08
-3.0225 0.000459336 0.00215359 3.29548 1.51205e-08
-3.0194 0.000466026 0.00216247 3.29493 1.51456e-08
-3.0163 0.000472744 0.00217149 3.29438 1.51755e-08
-3.0132 0.00047949 0.00218064 3.29384 1.52103e-08
-3.0101 0.000486264 0.00218991 3.29329 1.52498e-08
-3.007 0.000493067 0.00219932 3.29275 1.52941e-08
-3.0039 0.0004999 0.00220885 3.29221 1.5343e-08
-3.0008 0.000506762 0.00221852 3.29167 1.53965e-08
-2.9977 0.000513655 0.00222831 3.29112 1.54547e-08
-2.9946 0.000520578 0.00223824 3.29058 1.55174e-08
-2.9915 0.000527532 0.00224831 3.29004 1.55847e-08
-2.9884 0.000534517 0.0022585 3.2895 1.56566e-08
-2.9853 0.000541535 0.00226883 3.28896 1.57331e-08
-2.9822 0.000548584 0.0022793 3.28842 1.5814e-08
-2.9791 0.000555667 0.0022899 3.28788 1.58995e-08
-2.976 0.000562782 0.00230064 3.28734 1.59896e-08
-2.9729 0.000569931 0.00231151 3.2868 1.60842e-08
-2.9698 0.000577113 0.00232252 3.28626 1.61834e-08
-2.9667 0.00058433 0.00233367 3.28572 1.62871e-08
-2.9636 0.000591582 0.00234495 3.28518 1.63955e-08
-2.9605 0.000598869 0.00235638 3.28464 1.65084e-08
-2.9574 0.000606192 0.00236794 3.28409 1.6626e-08
-2.9543 0.000613551 0.00237965 3.28355 1.67483e-08
-2.9512 0.000620946 0.0023915 3.28301 1.68753e-08
-2.9481 0.000628378 0.00240349 3.28247 1.7007e-08
-2.945 0.000635848 0.00241562 3.28193 1.71435e-08
-2.9419 0.000643355 0.0024279 3.28139 1.72848e-08
-2.9388 0.000650901 0.00244032 3.28085 1.7431e-08
-2.9357 0.000658485 0.00245288 3.2803 1.75821e-08
-2.9326 0.000666109 0.00246559 3.27976 1.77381e-08
-2.9295 0.000673772 0.00247845 3.27922 1.78992e-08
-2.9264 0.000681475 0.00249146 3.27867 1.80653e-08
-2.9233 0.000689219 0.00250461 3.27813 1.82365e-08
-2.9202 0.000697004 0.00251791 3.27759 1.8413e-08
-2.9171 0.00070483 0.00253136 3.27704 1.85947e-08
-2.914 0.000712699 0.00254496 3.27649 1.87818e-08
-2.9109 0.000720609 0.00255871 3.27595 1.89742e-08
-2.9078 0.000728563 0.00257262 3.2754 1.91721e-08
-2.9047 0.00073656 0.00258668 3.27485 1.93756e-08
-2.9016 0.0007446 0.00260089 3.27431 1.95848e-08
-2.8985 0.000752685 0.00261525 3.27376 1.97996e-08
-2.8954 0.000760815 0.00262978 3.27321 2.00203e-08
-2.8923 0.00076899 0.00264445 3.27266 2.02468e-08
-2.8892 0.000777211 0.00265929 3.27211 2.04794e-08
-2.8861 0.000785478 0.00267428 3.27156 2.0718e-08
-2.883 0.000793792 0.00268943 3.271 2.09629e-08
-2.8799 0.000802153 0.00270474 3.27045 2.1214e-08
-2.8768 0.000810561 0.00272022 3.2699 2.14716e-08
-2.8737 0.000819018 0.00273585 3.26934 2.17356e-08
-2.8706 0.000827524 0.00275165 3.26879 2.20063e-08
-2.8675 0.000836078 0.00276761 3.26823 2.22838e-08
-2.8644 0.000844683 0.00278373 3.26768 2.25681e-08
-2.8613 0.000853338 0.00280002 3.26712 2.28594e-08
-2.8582 0.000862043 0.00281648 3.26656 2.31578e-08
-2.8551 0.0008708 0.00283311 3.266 2.34635e-08
-2.852 0.000879609 0.0028499 3.26544 2.37765e-08
-2.8489 0.00088847 0.00286686 3.26488 2.40971e-08
-2.8458 0.000897383 0.00288399 3.26432 2.44253e-08
-2.8427 0.000906351 0.0029013 3.26376 2.47614e-08
-2.8396 0.000915372 0.00291877 3.26319 2.51055e-08
-2.8365 0.000924447 0.00293642 3.26263 2.54576e-08
-2.8334 0.000933578 0.00295425 3.26207 2.5818e-08
-2.8303 0.000942764 0.00297225 3.2615 2.61869e-08
-2.8272 0.000952006 0.00299043 3.26093 2.65644e-08
-2.8241 0.000961305 0.00300878 3.26037 2.69507e-08
-2.821 0.00097066 0.00302731 3.2598 2.73459e-08
-2.8179 0.000980074 0.00304603 3.25923 2.77503e-08
-2.8148 0.000989546 0.00306492 3.25866 2.8164e-08
-2.8117 0.000999077 0.003084 3.25809 2.85872e-08
-2.8086 0.00100867 0.00310326 3.25752 2.90201e-08
-2.8055 0.00101832 0.00312271 3.25694 2.94629e-08
-2.8024 0.00102803 0.00314234 3.25637 2.99158e-08
-2.7993 0.0010378 0.00316216 3.2558 3.03791e-08
-2.7962 0.00104763 0.00318216 3.25522 3.08528e-08
-2.7931 0.00105753 0.00320236 3.25464 3.13374e-08
-2.79 0.00106749 0.00322274 3.25407 3.18329e-08
-2.7869 0.00107751 0.00324332 3.25349 3.23396e-08
-2.7838 0.0010876 0.00326409 3.25291 3.28578e-08
-2.7807 0.00109775 0.00328505 3.25233 3.33876e-08
-2.7776 0.00110796 0.00330621 3.25175 3.39294e-08
-2.7745 0.00111825 0.00332757 3.25117 3.44834e-08
-2.7714 0.0011286 0.00334912 3.25058 3.50498e-08
-2.7683 0.00113901 0.00337088 3.25 3.56289e-08
-2.7652 0.0011495 0.00339283 3.24941 3.6221e-08
-2.7621 0.00116005 0.00341499 3.24883 3.68264e-08
-2.759 0.00117067 0.00343735 3.24824 3.74453e-08
-2.7559 0.00118136 0.00345991 3.24765 3.80781e-08
-2.7528 0.00119212 0.00348268 3.24707 3.8725e-08
-2.7497 0.00120295 0.00350565 3.24648 3.93864e-08
-2.7466 0.00121386 0.00352884 3.24589 4.00625e-08
-2.7435 0.00122483 0.00355223 3.24529 4.07537e-08
-2.7404 0.00123588 0.00357584 3.2447 4.14603e-08
-2.7373 0.001247 0.00359966 3.24411 4.21826e-08
-2.7342 0.0012582 0.00362369 3.24351 4.2921e-08
-2.7311 0.00126947 0.00364794 3.24292 4.36759e-08
-2.728 0.00128082 0.00367241 3.24232 4.44476e-08
-2.7249 0.00129224 0.00369709 3.24172 4.52364e-08
-2.7218 0.00130374 0.00372199 3.24113 4.60428e-08
-2.7187 0.00131531 0.00374712 3.24053 4.68671e-08
-2.7156 0.00132697 0.00377247 3.23993 4.77097e-08
-2.7125 0.0013387 0.00379804 3.23932 4.85711e-08
-2.7094 0.00135052 0.00382384 3.23872 4.94516e-08
-2.7063 0.00136241 0.00384986 3.23812 5.03517e-08
-2.7032 0.00137439 0.00387612 3.23751 5.12718e-08
-2.7001 0.00138644 0.00390261 3.23691 5.22123e-08
-2.697 0.00139858 0.00392932 3.2363 5.31737e-08
-2.6939 0.00141081 0.00395628 3.2357 5.41564e-08
-2.6908 0.00142311 0.00398346 3.23509 5.5161e-08
-2.6877 0.0014355 0.00401089 3.23448 5.6188e-08
-2.6846 0.00144798 0.00403855 3.23387 5.72377e-08
-2.6815 0.00146054 0.00406645 3.23326 5.83108e-08
-2.6784 0.00147319 0.0040946 3.23265 5.94076e-08
-2.6753 0.00148593 0.00412299 3.23203 6.05289e-08
-2.6722 0.00149876 0.00415162 3.23142 6.16751e-08
-2.6691 0.00151167 0.0041805 3.2308 6.28468e-08
-2.666 0.00152467 0.00420963 3.23019 6.40445e-08
-2.6629 0.00153777 0.00423901 3.22957 6.52688e-08
-2.6598 0.00155096 0.00426864 3.22895 6.65204e-08
-2.6567 0.00156424 0.00429853 3.22833 6.77998e-08
-2.6536 0.00157761 0.00432867 3.22771 6.91077e-08
-2.6505 0.00159107 0.00435907 3.22709 7.04446e-08
-2.6474 0.00160463 0.00438973 3.22647 7.18113e-08
-2.6443 0.00161829 0.00442065 3.22585 7.32085e-08
-2.6412 0.00163204 0.00445183 3.22522 7.46367e-08
-2.6381 0.00164589 0.00448328 3.2246 7.60967e-08
-2.635 0.00165984 0.004515 3.22397 7.75893e-08
-2.6319 0.00167389 0.00454698 3.22334 7.91151e-08
-2.6288 0.00168803 0.00457924 3.22271 8.06749e-08
-2.6257 0.00170228 0.00461176 3.22209 8.22694e-08
-2.6226 0.00171662 0.00464456 3.22146 8.38995e-08
-2.6195 0.00173107 0.00467764 3.22082 8.5566e-08
-2.6164 0.00174563 0.004711 3.22019 8.72696e-08
-2.6133 0.00176028 0.00474463 3.21956 8.90113e-08
-2.6102 0.00177504 0.00477855 3.21893 9.07918e-08
-2.6071 0.00178991 0.00481276 3.21829 9.2612e-08
-2.604 0.00180488 0.00484724 3.21765 9.44729e-08
-2.6009 0.00181996 0.00488202 3.21702 9.63754e-08
-2.5978 0.00183515 0.00491709 3.21638 9.83203e-08
-2.5947 0.00185045 0.00495245 3.21574 1.00309e-07
-2.5916 0.00186586 0.00498811 3.2151 1.02342e-07
-2.5885 0.00188138 0.00502406 3.21446 1.0442e-07
-2.5854 0.00189701 0.00506031 3.21382 1.06545e-07
-2.5823 0.00191275 0.00509686 3.21317 1.08717e-07
-2.5792 0.00192861 0.00513372 3.21253 1.10938e-07
-2.5761 0.00194458 0.00517088 3.21188 1.13209e-07
-2.573 0.00196067 0.00520835 3.21124 1.1553e-07
-2.5699 0.00197687 0.00524613 3.21059 1.17904e-07
-2.5668 0.00199319 0.00528422 3.20994 1.20331e-07
-2.5637 0.00200963 0.00532263 3.20929 1.22812e-07
-2.5606 0.00202619 0.00536135 3.20864 1.25348e-07
-2.5575 0.00204287 0.00540039 3.20799 1.27942e-07
-2.5544 0.00205968 0.00543976 3.20734 1.30594e-07
-2.5513 0.0020766 0.00547944 3.20668 1.33305e-07
-2.5482 0.00209365 0.00551946 3.20603 1.36077e-07
-2.5451 0.00211082 0.0055598 3.20538 1.38911e-07
-2.542 0.00212812 0.00560047 3.20472 1.41809e-07
-2.5389 0.00214555 0.00564148 3.20406 1.44772e-07
-2.5358 0.0021631 0.00568282 3.2034 1.47802e-07
-2.5327 0.00218078 0.0057245 3.20274 1.509e-07
-2.5296 0.00219859 0.00576652 3.20208 1.54067e-07
-2.5265 0.00221653 0.00580888 3.20142 1.57306e-07
-2.5234 0.00223461 0.00585159 3.20076 1.60617e-07
-2.5203 0.00225281 0.00589465 3.2001 1.64003e-07
-2.5172 0.00227115 0.00593806 3.19943 1.67465e-07
-2.5141 0.00228963 0.00598182 3.19877 1.71005e-07
-2.511 0.00230824 0.00602594 3.1981 1.74625e-07
-2.5079 0.00232699 0.00607042 3.19743 1.78326e-07
-2.5048 0.00234588 0.00611526 3.19676 1.82111e-07
-2.5017 0.0023649 0.00616046 3.19609 1.8598e-07
-2.4986 0.00238407 0.00620603 3.19542 1.89938e-07
-2.4955 0.00240338 0.00625197 3.19475 1.93984e-07
-2.4924 0.00242284 0.00629828 3.19408 1.98122e-07
-2.4893 0.00244243 0.00634496 3.1934 2.02352e-07
-2.4862 0.00246217 0.00639203 3.19273 2.06679e-07
-2.4831 0.00248206 0.00643947 3.19205 2.11103e-07
-2.48 0.0025021 0.0064873 3.19138 2.15627e-07
-2.4769 0.00252229 0.00653551 3.1907 2.20253e-07
-2.4738 0.00254262 0.00658412 3.19002 2.24983e-07
-2.4707 0.00256311 0.00663311 3.18934 2.2982e-07
-2.4676 0.00258375 0.0066825 3.18866 2.34767e-07
-2.4645 0.00260454 0.00673229 3.18797 2.39825e-07
-2.4614 0.00262549 0.00678247 3.18729 2.44998e-07
-2.4583 0.00264659 0.00683307 3.18661 2.50288e-07
-2.4552 0.00266785 0.00688406 3.18592 2.55697e-07
-2.4521 0.00268927 0.00693547 3.18524 2.61229e-07
-2.449 0.00271085 0.00698729 3.18455 2.66886e-07
-2.4459 0.00273259 0.00703953 3.18386 2.7267e-07
-2.4428 0.0027545 0.00709219 3.18317 2.78586e-07
-2.4397 0.00277657 0.00714526 3.18248 2.84636e-07
-2.4366 0.0027988 0.00719877 3.18179 2.90822e-07
-2.4335 0.0028212 0.0072527 3.18109 2.97149e-07
-2.4304 0.00284377 0.00730706 3.1804 3.03619e-07
-2.4273 0.0028665 0.00736186 3.17971 3.10236e-07
-2.4242 0.00288941 0.0074171 3.17901 3.17002e-07
-2.4211 0.00291249 0.00747278 3.17831 3.23922e-07
-2.418 0.00293574 0.0075289 3.17761 3.30999e-07
-2.4149 0.00295917 0.00758548 3.17692 3.38236e-07
-2.4118 0.00298277 0.0076425 3.17622 3.45638e-07
-2.4087 0.00300655 0.00769998 3.17551 3.53207e-07
-2.4056 0.00303051 0.00775792 3.17481 3.60948e-07
-2.4025 0.00305465 0.00781632 3.17411 3.68864e-07
-2.3994 0.00307897 0.00787518 3.1734 3.76961e-07
-2.3963 0.00310348 0.00793451 3.1727 3.85241e-07
-2.3932 0.00312817 0.00799432 3.17199 3.93709e-07
-2.3901 0.00315304 0.0080546 3.17128 4.02369e-07
-2.387 0.00317811 0.00811536 3.17057 4.11226e-07
-2.3839 0.00320336 0.00817661 3.16986 4.20284e-07
-2.3808 0.0032288 0.00823834 3.16915 4.29548e-07
-2.3777 0.00325444 0.00830056 3.16844 4.39022e-07
-2.3746 0.00328027 0.00836328 3.16773 4.48712e-07
-2.3715 0.00330629 0.00842649 3.16701 4.58622e-07
-2.3684 0.00333251 0.00849021 3.1663 4.68757e-07
-2.3653 0.00335893 0.00855443 3.16558 4.79122e-07
-2.3622 0.00338555 0.00861916 3.16486 4.89724e-07
-2.3591 0.00341237 0.0086844 3.16415 5.00566e-07
-2.356 0.00343939 0.00875017 3.16343 5.11655e-07
-2.3529 0.00346662 0.00881645 3.1627 5.22996e-07
-2.3498 0.00349406 0.00888326 3.16198 5.34595e-07
-2.3467 0.0035217 0.00895059 3.16126 5.46458e-07
-2.3436 0.00354955 0.00901846 3.16054 5.58591e-07
-2.3405 0.00357761 0.00908687 3.15981 5.71e-07
-2.3374 0.00360589 0.00915581 3.15908 5.83692e-07
-2.3343 0.00363438 0.00922531 3.15836 5.96673e-07
-2.3312 0.00366309 0.00929535 3.15763 6.09949e-07
-2.3281 0.00369201 0.00936594 3.1569 6.23527e-07
-2.325 0.00372116 0.0094371 3.15617 6.37415e-07
-2.3219 0.00375052 0.00950881 3.15543 6.51619e-07
-2.3188 0.00378011 0.00958109 3.1547 6.66147e-07
-2.3157 0.00380993 0.00965395 3.15397 6.81005e-07
-2.3126 0.00383997 0.00972737 3.15323 6.96202e-07
-2.3095 0.00387024 0.00980138 3.15249 7.11746e-07
-2.3064 0.00390074 0.00987597 3.15176 7.27643e-07
-2.3033 0.00393147 0.00995115 3.15102 7.43903e-07
-2.3002 0.00396243 0.0100269 3.15028 7.60534e-07
-2.2971 0.00399364 0.0101033 3.14954 7.77544e-07
-2.294 0.00402507 0.0101803 3.14879 7.94941e-07
-2.2909 0.00405675 0.0102578 3.14805 8.12735e-07
-2.2878 0.00408867 0.010336 3.1473 8.30936e-07
-2.2847 0.00412084 0.0104148 3.14656 8.49551e-07
-2.2816 0.00415325 0.0104942 3.14581 8.6859e-07
-2.2785 0.0041859 0.0105743 3.14506 8.88064e-07
-2.2754 0.00421881 0.010655 3.14431 9.07983e-07
-2.2723 0.00425196 0.0107363 3.14356 9.28355e-07
-2.2692 0.00428537 0.0108182 3.14281 9.49193e-07
-2.2661 0.00431904 0.0109008 3.14206 9.70506e-07
-2.263 0.00435296 0.0109841 3.1413 9.92306e-07
-2.2599 0.00438714 0.011068 3.14055 1.0146e-06
-2.2568 0.00442158 0.0111525 3.13979 1.03741e-06
-2.2537 0.00445629 0.0112378 3.13903 1.06073e-06
-2.2506 0.00449126 0.0113237 3.13828 1.08459e-06
-2.2475 0.00452649 0.0114102 3.13752 1.109e-06
-2.2444 0.004562 0.0114975 3.13675 1.13396e-06
-2.2413 0.00459778 0.0115854 3.13599 1.15949e-06
-2.2382 0.00463383 0.011674 3.13523 1.1856e-06
-2.2351 0.00467016 0.0117633 3.13446 1.21231e-06
-2.232 0.00470676 0.0118534 3.1337 1.23963e-06
-2.2289 0.00474365 0.0119441 3.13293 1.26758e-06
-2.2258 0.00478082 0.0120355 3.13216 1.29616e-06
-2.2227 0.00481827 0.0121277 3.13139 1.3254e-06
-2.2196 0.00485601 0.0122205 3.13062 1.3553e-06
-2.2165 0.00489404 0.0123141 3.12985 1.38588e-06
-2.2134 0.00493236 0.0124085 3.12907 1.41717e-06
-2.2103 0.00497097 0.0125035 3.1283 1.44917e-06
-2.2072 0.00500988 0.0125994 3.12752 1.4819e-06
-2.2041 0.00504909 0.0126959 3.12675 1.51538e-06
-2.201 0.0050886 0.0127933 3.12597 1.54962e-06
-2.1979 0.00512841 0.0128914 3.12519 1.58465e-06
-2.1948 0.00516852 0.0129902 3.12441 1.62048e-06
-2.1917 0.00520895 0.0130898 3.12362 1.65713e-06
-2.1886 0.00524968 0.0131903 3.12284 1.69461e-06
-2.1855 0.00529073 0.0132915 3.12206 1.73295e-06
-2.1824 0.00533209 0.0133934 3.12127 1.77217e-06
-2.1793 0.00537377 0.0134962 3.12048 1.81228e-06
-2.1762 0.00541577 0.0135998 3.11969 1.85331e-06
-2.1731 0.00545809 0.0137042 3.11891 1.89528e-06
-2.17 0.00550073 0.0138094 3.11811 1.93821e-06
-2.1669 0.00554371 0.0139155 3.11732 1.98212e-06
-2.1638 0.00558701 0.0140223 3.11653 2.02703e-06
-2.1607 0.00563065 0.01413 3.11573 2.07298e-06
-2.1576 0.00567462 0.0142386 3.11494 2.11997e-06
-2.1545 0.00571893 0.014348 3.11414 2.16803e-06
-2.1514 0.00576358 0.0144582 3.11334 2.2172e-06
-2.1483 0.00580857 0.0145693 3.11254 2.26749e-06
-2.1452 0.00585391 0.0146813 3.11174 2.31893e-06
-2.1421 0.00589959 0.0147942 3.11094 2.37155e-06
-2.139 0.00594563 0.0149079 3.11013 2.42537e-06
-2.1359 0.00599202 0.0150225 3.10933 2.48042e-06
-2.1328 0.00603877 0.0151381 3.10852 2.53673e-06
-2.1297 0.00608588 0.0152545 3.10771 2.59433e-06
-2.1266 0.00613335 0.0153718 3.1069 2.65324e-06
-2.1235 0.00618119 0.0154901 3.10609 2.71351e-06
-2.1204 0.00622939 0.0156092 3.10528 2.77515e-06
-2.1173 0.00627797 0.0157293 3.10447 2.8382e-06
-2.1142 0.00632691 0.0158504 3.10365 2.9027e-06
-2.1111 0.00637624 0.0159723 3.10284 2.96867e-06
-2.108 0.00642594 0.0160953 3.10202 3.03615e-06
-2.1049 0.00647603 0.0162192 3.1012 3.10517e-06
-2.1018 0.0065265 0.016344 3.10038 3.17577e-06
-2.0987 0.00657736 0.0164698 3.09956 3.24799e-06
-2.0956 0.00662862 0.0165967 3.09874 3.32186e-06
-2.0925 0.00668026 0.0167245 3.09791 3.39743e-06
-2.0894 0.00673231 0.0168533 3.09709 3.47472e-06
-2.0863 0.00678476 0.0169831 3.09626 3.55378e-06
-2.0832 0.00683761 0.0171139 3.09543 3.63464e-06
-2.0801 0.00689086 0.0172457 3.0946 3.71736e-06
-2.077 0.00694453 0.0173786 3.09377 3.80197e-06
-2.0739 0.00699861 0.0175125 3.09294 3.88852e-06
-2.0708 0.00705311 0.0176474 3.0921 3.97705e-06
-2.0677 0.00710803 0.0177834 3.09127 4.0676e-06
-2.0646 0.00716337 0.0179205 3.09043 4.16023e-06
-2.0615 0.00721913 0.0180586 3.08959 4.25497e-06
-2.0584 0.00727533 0.0181978 3.08875 4.35189e-06
-2.0553 0.00733196 0.0183381 3.08791 4.45102e-06
-2.0522 0.00738903 0.0184795 3.08707 4.55242e-06
-2.0491 0.00744654 0.0186219 3.08623 4.65614e-06
-2.046 0.00750449 0.0187655 3.08538 4.76224e-06
-2.0429 0.00756288 0.0189102 3.08454 4.87076e-06
-2.0398 0.00762173 0.0190561 3.08369 4.98176e-06
-2.0367 0.00768103 0.019203 3.08284 5.09531e-06
-2.0336 0.00774079 0.0193511 3.08199 5.21146e-06
-2.0305 0.00780101 0.0195004 3.08113 5.33026e-06
-2.0274 0.00786169 0.0196508 3.08028 5.45178e-06
-2.0243 0.00792285 0.0198024 3.07942 5.57609e-06
-2.0212 0.00798447 0.0199552 3.07857 5.70323e-06
-2.0181 0.00804657 0.0201092 3.07771 5.83329e-06
-2.015 0.00810915 0.0202644 3.07685 5.96633e-06
-2.0119 0.00817221 0.0204207 3.07599 6.10241e-06
-2.0088 0.00823576 0.0205783 3.07513 6.2416e-06
-2.0057 0.0082998 0.0207372 3.07426 6.38398e-06
-2.0026 0.00836433 0.0208972 3.0734 6.52962e-06
-1.9995 0.00842936 0.0210585 3.07253 6.67859e-06
-1.9964 0.00849489 0.0212211 3.07166 6.83097e-06
-1.9933 0.00856093 0.0213849 3.07079 6.98683e-06
-1.9902 0.00862748 0.02155 3.06992 7.14627e-06
-1.9871 0.00869454 0.0217164 3.06904 7.30935e-06
-1.984 0.00876212 0.0218841 3.06817 7.47617e-06
-1.9809 0.00883023 0.022053 3.06729 7.6468e-06
-1.9778 0.00889886 0.0222233 3.06641 7.82134e-06
-1.9747 0.00896801 0.022395 3.06553 7.99987e-06
-1.9716 0.00903771 0.0225679 3.06465 8.18249e-06
-1.9685 0.00910794 0.0227422 3.06377 8.36928e-06
-1.9654 0.00917871 0.0229179 3.06289 8.56035e-06
-1.9623 0.00925003 0.0230949 3.062 8.7558e-06
-1.9592 0.0093219 0.0232733 3.06111 8.95571e-06
-1.9561 0.00939432 0.0234531 3.06022 9.1602e-06
-1.953 0.00946731 0.0236343 3.05933 9.36937e-06
-1.9499 0.00954086 0.0238169 3.05844 9.58333e-06
-1.9468 0.00961498 0.0240009 3.05755 9.80218e-06
-1.9437 0.00968967 0.0241864 3.05665 1.0026e-05
-1.9406 0.00976493 0.0243733 3.05575 1.0255e-05
-1.9375 0.00984078 0.0245616 3.05486 1.04892e-05
-1.9344 0.00991722 0.0247514 3.05396 1.07288e-05
-1.9313 0.00999424 0.0249427 3.05305 1.09739e-05
-1.9282 0.0100719 0.0251355 3.05215 1.12246e-05
-1.9251 0.0101501 0.0253298 3.05125 1.1481e-05
-1.922 0.0102289 0.0255255 3.05034 1.17432e-05
-1.9189 0.0103083 0.0257228 3.04943 1.20115e-05
-1.9158 0.0103884 0.0259217 3.04852 1.22859e-05
-1.9127 0.0104691 0.0261221 3.04761 1.25666e-05
-1.9096 0.0105503 0.026324 3.0467 1.28537e-05
-1.9065 0.0106323 0.0265275 3.04578 1.31474e-05
-1.9034 0.0107148 0.0267326 3.04486 1.34478e-05
-1.9003 0.010798 0.0269393 3.04395 1.3755e-05
-1.8972 0.0108818 0.0271476 3.04303 1.40693e-05
-1.8941 0.0109663 0.0273575 3.0421 1.43908e-05
-1.891 0.0110515 0.0275691 3.04118 1.47197e-05
-1.8879 0.0111373 0.0277823 3.04026 1.5056e-05
-1.8848 0.0112237 0.0279971 3.03933 1.54001e-05
-1.8817 0.0113108 0.0282136 3.0384 1.5752e-05
-1.8786 0.0113986 0.0284318 3.03747 1.6112e-05
-1.8755 0.0114871 0.0286517 3.03654 1.64802e-05
-1.8724 0.0115763 0.0288733 3.0356 1.68568e-05
-1.8693 0.0116661 0.0290967 3.03467 1.72421e-05
-1.8662 0.0117567 0.0293217 3.03373 1.76361e-05
-1.8631 0.0118479 0.0295485 3.03279 1.80392e-05
-1.86 0.0119399 0.0297771 3.03185 1.84515e-05
-1.8569 0.0120326 0.0300075 3.03091 1.88732e-05
-1.8538 0.0121259 0.0302396 3.02996 1.93046e-05
-1.8507 0.01222 0.0304736 3.02902 1.97458e-05
-1.8476 0.0123149 0.0307093 3.02807 2.01971e-05
-1.8445 0.0124104 0.0309469 3.02712 2.06587e-05
-1.8414 0.0125067 0.0311864 3.02617 2.11309e-05
-1.8383 0.0126038 0.0314277 3.02522 2.16139e-05
-1.8352 0.0127016 0.0316708 3.02426 2.21079e-05
-1.8321 0.0128002 0.0319159 3.0233 2.26132e-05
-1.829 0.0128995 0.0321629 3.02234 2.31301e-05
-1.8259 0.0129996 0.0324118 3.02138 2.36588e-05
-1.8228 0.0131004 0.0326626 3.02042 2.41996e-05
-1.8197 0.0132021 0.0329154 3.01946 2.47527e-05
-1.8166 0.0133045 0.0331701 3.01849 2.53185e-05
-1.8135 0.0134077 0.0334268 3.01752 2.58972e-05
-1.8104 0.0135118 0.0336855 3.01655 2.64892e-05
-1.8073 0.0136166 0.0339463 3.01558 2.70946e-05
-1.8042 0.0137222 0.034209 3.01461 2.7714e-05
-1.8011 0.0138287 0.0344738 3.01363 2.83474e-05
-1.798 0.013936 0.0347406 3.01266 2.89954e-05
-1.7949 0.0140441 0.0350095 3.01168 2.96581e-05
-1.7918 0.014153 0.0352806 3.01069 3.0336e-05
-1.7887 0.0142628 0.0355537 3.00971 3.10294e-05
-1.7856 0.0143735 0.0358289 3.00873 3.17387e-05
-1.7825 0.014485 0.0361063 3.00774 3.24641e-05
-1.7794 0.0145973 0.0363858 3.00675 3.32062e-05
-1.7763 0.0147106 0.0366675 3.00576 3.39651e-05
-1.7732 0.0148247 0.0369514 3.00477 3.47415e-05
-1.7701 0.0149397 0.0372375 3.00377 3.55355e-05
-1.767 0.0150555 0.0375258 3.00277 3.63477e-05
-1.7639 0.0151723 0.0378164 3.00178 3.71785e-05
-1.7608 0.01529 0.0381092 3.00078 3.80282e-05
-1.7577 0.0154086 0.0384043 2.99977 3.88974e-05
-1.7546 0.0155281 0.0387016 2.99877 3.97864e-05
-1.7515 0.0156486 0.0390013 2.99776 4.06957e-05
-1.7484 0.0157699 0.0393033 2.99675 4.16258e-05
-1.7453 0.0158922 0.0396077 2.99574 4.25771e-05
-1.7422 0.0160155 0.0399144 2.99473 4.35502e-05
-1.7391 0.0161397 0.0402235 2.99371 4.45454e-05
-1.736 0.0162649 0.040535 2.9927 4.55634e-05
-1.7329 0.016391 0.040849 2.99168 4.66047e-05
-1.7298 0.0165182 0.0411653 2.99066 4.76697e-05
-1.7267 0.0166463 0.0414842 2.98963 4.87591e-05
-1.7236 0.0167754 0.0418055 2.98861 4.98733e-05
-1.7205 0.0169055 0.0421293 2.98758 5.1013e-05
-1.7174 0.0170366 0.0424556 2.98655 5.21787e-05
-1.7143 0.0171687 0.0427844 2.98552 5.3371e-05
-1.7112 0.0173018 0.0431158 2.98449 5.45905e-05
-1.7081 0.017436 0.0434498 2.98345 5.58379e-05
-1.705 0.0175712 0.0437864 2.98241 5.71137e-05
-1.7019 0.0177075 0.0441256 2.98137 5.84187e-05
-1.6988 0.0178448 0.0444674 2.98033 5.97534e-05
-1.6957 0.0179832 0.0448119 2.97929 6.11186e-05
-1.6926 0.0181226 0.045159 2.97824 6.2515e-05
-1.6895 0.0182632 0.0455089 2.97719 6.39433e-05
-1.6864 0.0184048 0.0458614 2.97614 6.54041e-05
-1.6833 0.0185475 0.0462167 2.97509 6.68983e-05
-1.6802 0.0186913 0.0465748 2.97403 6.84266e-05
-1.6771 0.0188363 0.0469357 2.97297 6.99897e-05
-1.674 0.0189823 0.0472993 2.97191 7.15885e-05
-1.6709 0.0191295 0.0476658 2.97085 7.32238e-05
-1.6678 0.0192779 0.0480351 2.96979 7.48964e-05
-1.6647 0.0194274 0.0484073 2.96872 7.66072e-05
-1.6616 0.019578 0.0487824 2.96765 7.8357e-05
-1.6585 0.0197298 0.0491604 2.96658 8.01467e-05
-1.6554 0.0198828 0.0495413 2.96551 8.19772e-05
-1.6523 0.020037 0.0499252 2.96443 8.38495e-05
-1.6492 0.0201923 0.050312 2.96336 8.57645e-05
-1.6461 0.0203489 0.0507019 2.96228 8.77231e-05
-1.643 0.0205067 0.0510948 2.96119 8.97265e-05
-1.6399 0.0206657 0.0514908 2.96011 9.17755e-05
-1.6368 0.0208259 0.0518898 2.95902 9.38712e-05
-1.6337 0.0209874 0.0522919 2.95793 9.60147e-05
-1.6306 0.0211502 0.0526972 2.95684 9.82071e-05
-1.6275 0.0213141 0.0531056 2.95574 0.00010045
-1.6244 0.0214794 0.0535172 2.95465 0.000102743
-1.6213 0.021646 0.0539319 2.95355 0.000105089
-1.6182 0.0218138 0.0543499 2.95245 0.000107488
-1.6151 0.0219829 0.0547712 2.95134 0.000109942
-1.612 0.0221534 0.0551957 2.95024 0.000112452
-1.6089 0.0223251 0.0556235 2.94913 0.000115019
-1.6058 0.0224982 0.0560546 2.94802 0.000117645
-1.6027 0.0226727 0.0564891 2.9469 0.00012033
-1.5996 0.0228485 0.056927 2.94579 0.000123077
-1.5965 0.0230256 0.0573682 2.94467 0.000125886
-1.5934 0.0232042 0.0578129 2.94355 0.000128759
-1.5903 0.0233841 0.0582611 2.94243 0.000131698
-1.5872 0.0235654 0.0587127 2.9413 0.000134704
-1.5841 0.0237481 0.0591678 2.94017 0.000137778
-1.581 0.0239322 0.0596265 2.93904 0.000140922
-1.5779 0.0241178 0.0600887 2.93791 0.000144138
-1.5748 0.0243048 0.0605546 2.93677 0.000147427
-1.5717 0.0244932 0.061024 2.93563 0.000150791
-1.5686 0.0246831 0.0614971 2.93449 0.000154231
-1.5655 0.0248745 0.0619739 2.93335 0.00015775
-1.5624 0.0250674 0.0624543 2.9322 0.000161349
-1.5593 0.0252617 0.0629385 2.93105 0.00016503
-1.5562 0.0254576 0.0634265 2.9299 0.000168795
-1.5531 0.025655 0.0639182 2.92874 0.000172645
-1.55 0.0258539 0.0644138 2.92759 0.000176584
-1.5469 0.0260544 0.0649132 2.92643 0.000180611
-1.5438 0.0262564 0.0654166 2.92527 0.000184731
-1.5407 0.0264599 0.0659238 2.9241 0.000188944
-1.5376 0.0266651 0.0664349 2.92293 0.000193253
-1.5345 0.0268718 0.0669501 2.92176 0.000197661
-1.5314 0.0270802 0.0674692 2.92059 0.000202168
-1.5283 0.0272902 0.0679924 2.91941 0.000206778
-1.5252 0.0275018 0.0685196 2.91823 0.000211493
-1.5221 0.027715 0.0690509 2.91705 0.000216316
-1.519 0.0279299 0.0695864 2.91587 0.000221248
-1.5159 0.0281464 0.070126 2.91468 0.000226292
-1.5128 0.0283647 0.0706698 2.91349 0.000231451
-1.5097 0.0285846 0.0712178 2.9123 0.000236727
-1.5066 0.0288062 0.0717701 2.9111 0.000242124
-1.5035 0.0290296 0.0723267 2.90991 0.000247643
-1.5004 0.0292546 0.0728876 2.90871 0.000253287
-1.4973 0.0294815 0.0734529 2.9075 0.00025906
-1.4942 0.0297101 0.0740225 2.9063 0.000264964
-1.4911 0.0299404 0.0745966 2.90509 0.000271003
-1.488 0.0301726 0.0751752 2.90387 0.000277179
-1.4849 0.0304065 0.0757582 2.90266 0.000283495
-1.4818 0.0306423 0.0763458 2.90144 0.000289954
-1.4787 0.0308799 0.0769379 2.90022 0.000296561
-1.4756 0.0311193 0.0775347 2.89899 0.000303318
-1.4725 0.0313606 0.0781361 2.89777 0.000310228
-1.4694 0.0316037 0.0787421 2.89654 0.000317295
-1.4663 0.0318488 0.0793529 2.8953 0.000324523
-1.4632 0.0320957 0.0799684 2.89407 0.000331915
-1.4601 0.0323446 0.0805887 2.89283 0.000339476
-1.457 0.0325954 0.0812138 2.89158 0.000347207
-1.4539 0.0328481 0.0818438 2.89034 0.000355115
-1.4508 0.0331028 0.0824787 2.88909 0.000363202
-1.4477 0.0333595 0.0831185 2.88784 0.000371473
-1.4446 0.0336182 0.0837632 2.88658 0.000379932
-1.4415 0.0338788 0.084413 2.88533 0.000388582
-1.4384 0.0341415 0.0850679 2.88407 0.00039743
-1.4353 0.0344063 0.0857278 2.8828 0.000406478
-1.4322 0.034673 0.0863929 2.88153 0.000415731
-1.4291 0.0349419 0.0870631 2.88026 0.000425195
-1.426 0.0352128 0.0877385 2.87899 0.000434873
-1.4229 0.0354859 0.0884192 2.87771 0.000444772
-1.4198 0.035761 0.0891052 2.87643 0.000454894
-1.4167 0.0360383 0.0897965 2.87515 0.000465247
-1.4136 0.0363178 0.0904932 2.87386 0.000475835
-1.4105 0.0365994 0.0911953 2.87257 0.000486662
-1.4074 0.0368832 0.0919028 2.87128 0.000497736
-1.4043 0.0371692 0.0926159 2.86998 0.00050906
-1.4012 0.0374574 0.0933345 2.86868 0.000520642
-1.3981 0.0377479 0.0940587 2.86738 0.000532486
-1.395 0.0380406 0.0947885 2.86607 0.000544599
-1.3919 0.0383356 0.095524 2.86476 0.000556987
-1.3888 0.0386329 0.0962652 2.86345 0.000569656
-1.3857 0.0389324 0.0970122 2.86213 0.000582612
-1.3826 0.0392343 0.097765 2.86081 0.000595861
-1.3795 0.0395386 0.0985236 2.85949 0.000609411
-1.3764 0.0398452 0.0992881 2.85816 0.000623269
-1.3733 0.0401542 0.100059 2.85683 0.00063744
-1.3702 0.0404656 0.100835 2.8555 0.000651933
-1.3671 0.0407794 0.101618 2.85416 0.000666754
-1.364 0.0410956 0.102406 2.85282 0.000681911
-1.3609 0.0414143 0.103201 2.85147 0.000697411
-1.3578 0.0417354 0.104002 2.85013 0.000713263
-1.3547 0.0420591 0.104809 2.84877 0.000729474
-1.3516 0.0423853 0.105622 2.84742 0.000746052
-1.3485 0.042714 0.106442 2.84606 0.000763006
-1.3454 0.0430452 0.107268 2.8447 0.000780343
-1.3423 0.043379 0.108101 2.84333 0.000798073
-1.3392 0.0437154 0.10894 2.84196 0.000816205
-1.3361 0.0440545 0.109785 2.84058 0.000834748
-1.333 0.0443961 0.110637 2.83921 0.00085371
-1.3299 0.0447404 0.111496 2.83783 0.000873101
-1.3268 0.0450874 0.112361 2.83644 0.000892932
-1.3237 0.0454371 0.113233 2.83505 0.000913211
-1.3206 0.0457894 0.114112 2.83366 0.000933949
-1.3175 0.0461446 0.114998 2.83226 0.000955157
-1.3144 0.0465024 0.115891 2.83086 0.000976844
-1.3113 0.0468631 0.11679 2.82946 0.000999023
-1.3082 0.0472265 0.117697 2.82805 0.0010217
-1.3051 0.0475928 0.11861 2.82664 0.0010449
-1.302 0.0479619 0.119531 2.82522 0.00106861
-1.2989 0.0483339 0.120459 2.8238 0.00109287
-1.2958 0.0487088 0.121394 2.82237 0.00111767
-1.2927 0.0490866 0.122336 2.82095 0.00114303
-1.2896 0.0494673 0.123286 2.81951 0.00116897
-1.2865 0.049851 0.124243 2.81808 0.00119549
-1.2834 0.0502376 0.125208 2.81664 0.00122262
-1.2803 0.0506273 0.12618 2.81519 0.00125035
-1.2772 0.0510199 0.127159 2.81374 0.00127871
-1.2741 0.0514156 0.128146 2.81229 0.00130772
-1.271 0.0518144 0.129141 2.81083 0.00133738
-1.2679 0.0522163 0.130144 2.80937 0.00136771
-1.2648 0.0526213 0.131154 2.80791 0.00139872
-1.2617 0.0530295 0.132173 2.80644 0.00143043
-1.2586 0.0534408 0.133199 2.80496 0.00146287
-1.2555 0.0538553 0.134233 2.80349 0.00149603
-1.2524 0.0542731 0.135275 2.802 0.00152994
-1.2493 0.0546941 0.136325 2.80052 0.00156462
-1.2462 0.0551183 0.137384 2.79902 0.00160008
-1.2431 0.0555458 0.138451 2.79753 0.00163634
-1.24 0.0559767 0.139526 2.79603 0.00167342
-1.2369 0.0564109 0.140609 2.79452 0.00171134
-1.2338 0.0568485 0.141701 2.79301 0.00175011
-1.2307 0.0572895 0.142801 2.7915 0.00178976
-1.2276 0.0577339 0.14391 2.78998 0.0018303
-1.2245 0.0581817 0.145027 2.78846 0.00187175
-1.2214 0.058633 0.146154 2.78693 0.00191415
-1.2183 0.0590879 0.147288 2.7854 0.00195749
-1.2152 0.0595462 0.148432 2.78386 0.00200182
-1.2121 0.0600082 0.149585 2.78232 0.00204714
-1.209 0.0604737 0.150746 2.78078 0.00209349
-1.2059 0.0609428 0.151917 2.77923 0.00214088
-1.2028 0.0614156 0.153097 2.77767 0.00218934
-1.1997 0.061892 0.154286 2.77611 0.00223889
-1.1966 0.0623721 0.155484 2.77455 0.00228955
-1.1935 0.062856 0.156691 2.77298 0.00234136
-1.1904 0.0633436 0.157908 2.7714 0.00239434
-1.1873 0.0638351 0.159134 2.76982 0.00244851
-1.1842 0.0643303 0.16037 2.76824 0.00250389
-1.1811 0.0648294 0.161616 2.76665 0.00256053
-1.178 0.0653323 0.162871 2.76505 0.00261844
-1.1749 0.0658392 0.164136 2.76345 0.00267766
-1.1718 0.06635 0.165411 2.76185 0.0027382
-1.1687 0.0668647 0.166695 2.76024 0.00280011
-1.1656 0.0673835 0.16799 2.75862 0.00286342
-1.1625 0.0679063 0.169295 2.757 0.00292815
-1.1594 0.0684331 0.170609 2.75538 0.00299433
-1.1563 0.0689641 0.171934 2.75375 0.003062
-1.1532 0.0694991 0.17327 2.75211 0.0031312
-1.1501 0.0700383 0.174616 2.75047 0.00320195
-1.147 0.0705818 0.175972 2.74882 0.00327429
-1.1439 0.0711294 0.177339 2.74717 0.00334826
-1.1408 0.0716813 0.178716 2.74552 0.0034239
-1.1377 0.0722374 0.180104 2.74385 0.00350123
-1.1346 0.0727979 0.181503 2.74219 0.0035803
-1.1315 0.0733628 0.182913 2.74051 0.00366114
-1.1284 0.073932 0.184333 2.73883 0.00374381
-1.1253 0.0745056 0.185765 2.73715 0.00382832
-1.1222 0.0750837 0.187208 2.73546 0.00391474
-1.1191 0.0756663 0.188662 2.73376 0.0040031
-1.116 0.0762535 0.190127 2.73206 0.00409344
-1.1129 0.0768451 0.191604 2.73035 0.00418581
-1.1098 0.0774414 0.193092 2.72864 0.00428026
-1.1067 0.0780423 0.194592 2.72692 0.00437682
-1.1036 0.0786479 0.196104 2.7252 0.00447555
-1.1005 0.0792582 0.197627 2.72347 0.0045765
-1.0974 0.0798732 0.199162 2.72173 0.00467971
-1.0943 0.080493 0.200709 2.71999 0.00478524
-1.0912 0.0811176 0.202268 2.71824 0.00489313
-1.0881 0.0817471 0.203839 2.71649 0.00500344
-1.085 0.0823814 0.205422 2.71473 0.00511623
-1.0819 0.0830207 0.207018 2.71296 0.00523154
-1.0788 0.083665 0.208626 2.71119 0.00534944
-1.0757 0.0843142 0.210246 2.70941 0.00546998
-1.0726 0.0849685 0.211879 2.70762 0.00559322
-1.0695 0.0856279 0.213525 2.70583 0.00571922
-1.0664 0.0862924 0.215184 2.70403 0.00584805
-1.0633 0.086962 0.216855 2.70223 0.00597976
-1.0602 0.0876369 0.218539 2.70042 0.00611442
-1.0571 0.088317 0.220237 2.6986 0.00625209
-1.054 0.0890024 0.221947 2.69678 0.00639285
-1.0509 0.0896931 0.223671 2.69495 0.00653675
-1.0478 0.0903891 0.225408 2.69311 0.00668388
-1.0447 0.0910906 0.227159 2.69127 0.00683429
-1.0416 0.0917975 0.228923 2.68942 0.00698808
-1.0385 0.0925099 0.230701 2.68756 0.0071453
-1.0354 0.0932279 0.232493 2.68569 0.00730604
-1.0323 0.0939514 0.234299 2.68382 0.00747037
-1.0292 0.0946806 0.236118 2.68195 0.00763837
-1.0261 0.0954154 0.237952 2.68006 0.00781013
-1.023 0.0961559 0.2398 2.67817 0.00798573
-1.0199 0.0969021 0.241662 2.67627 0.00816525
-1.0168 0.0976542 0.243539 2.67437 0.00834878
-1.0137 0.0984121 0.24543 2.67245 0.00853642
-1.0106 0.0991759 0.247336 2.67053 0.00872824
-1.0075 0.0999456 0.249257 2.66861 0.00892434
-1.0044 0.100721 0.251192 2.66667 0.00912482
-1.0013 0.101503 0.253143 2.66473 0.00932978
-0.9982 0.102291 0.255108 2.66278 0.00953931
-0.9951 0.103085 0.257089 2.66082 0.00975351
-0.992 0.103885 0.259085 2.65886 0.0099725
-0.9889 0.104691 0.261097 2.65689 0.0101964
-0.9858 0.105504 0.263124 2.65491 0.0104252
-0.9827 0.106322 0.265167 2.65292 0.0106592
-0.9796 0.107148 0.267225 2.65092 0.0108984
-0.9765 0.107979 0.2693 2.64892 0.0111429
-0.9734 0.108817 0.27139 2.64691 0.0113928
-0.9703 0.109662 0.273497 2.64489 0.0116483
-0.9672 0.110513 0.27562 2.64286 0.0119096
-0.9641 0.111371 0.277759 2.64083 0.0121766
-0.961 0.112235 0.279915 2.63878 0.0124496
-0.9579 0.113106 0.282088 2.63673 0.0127286
-0.9548 0.113984 0.284277 2.63467 0.0130139
-0.9517 0.114869 0.286483 2.6326 0.0133055
-0.9486 0.11576 0.288707 2.63053 0.0136036
-0.9455 0.116659 0.290947 2.62844 0.0139083
-0.9424 0.117564 0.293204 2.62635 0.0142198
-0.9393 0.118477 0.29548 2.62425 0.0145382
-0.9362 0.119396 0.297772 2.62213 0.0148638
-0.9331 0.120323 0.300082 2.62001 0.0151965
-0.93 0.121257 0.30241 2.61789 0.0155366
-0.9269 0.122198 0.304756 2.61575 0.0158843
-0.9238 0.123146 0.30712 2.6136 0.0162397
-0.9207 0.124102 0.309502 2.61145 0.016603
-0.9176 0.125065 0.311903 2.60928 0.0169744
-0.9145 0.126036 0.314322 2.60711 0.017354
-0.9114 0.127014 0.316759 2.60492 0.0177421
-0.9083 0.128 0.319215 2.60273 0.0181387
-0.9052 0.128993 0.32169 2.60053 0.0185442
-0.9021 0.129994 0.324184 2.59832 0.0189586
-0.899 0.131003 0.326697 2.59609 0.0193822
-0.8959 0.13202 0.32923 2.59386 0.0198153
-0.8928 0.133044 0.331782 2.59162 0.0202579
-0.8897 0.134077 0.334353 2.58937 0.0207103
-0.8866 0.135117 0.336944 2.58711 0.0211728
-0.8835 0.136166 0.339555 2.58484 0.0216454
-0.8804 0.137223 0.342186 2.58256 0.0221286
-0.8773 0.138287 0.344837 2.58027 0.0226225
-0.8742 0.139361 0.347508 2.57796 0.0231272
-0.8711 0.140442 0.3502 2.57565 0.0236432
-0.868 0.141532 0.352912 2.57333 0.0241706
-0.8649 0.14263 0.355645 2.571 0.0247096
-0.8618 0.143737 0.358399 2.56865 0.0252606
-0.8587 0.144852 0.361173 2.5663 0.0258237
-0.8556 0.145976 0.363969 2.56393 0.0263993
-0.8525 0.147109 0.366786 2.56156 0.0269876
-0.8494 0.14825 0.369625 2.55917 0.0275889
-0.8463 0.149401 0.372485 2.55677 0.0282035
-0.8432 0.15056 0.375367 2.55436 0.0288316
-0.8401 0.151728 0.37827 2.55194 0.0294736
-0.837 0.152905 0.381196 2.5495 0.0301298
-0.8339 0.154091 0.384144 2.54706 0.0308005
-0.8308 0.155287 0.387114 2.5446 0.031486
-0.8277 0.156491 0.390107 2.54213 0.0321866
-0.8246 0.157705 0.393122 2.53965 0.0329026
-0.8215 0.158929 0.39616 2.53716 0.0336344
-0.8184 0.160162 0.399221 2.53466 0.0343824
-0.8153 0.161404 0.402305 2.53214 0.0351468
-0.8122 0.162656 0.405413 2.52961 0.0359281
-0.8091 0.163918 0.408543 2.52707 0.0367266
-0.806 0.165189 0.411698 2.52451 0.0375427
-0.8029 0.16647 0.414876 2.52194 0.0383767
-0.7998 0.167761 0.418077 2.51936 0.0392291
-0.7967 0.169062 0.421303 2.51677 0.0401002
-0.7936 0.170373 0.424553 2.51416 0.0409905
-0.7905 0.171694 0.427828 2.51154 0.0419004
-0.7874 0.173026 0.431127 2.50891 0.0428303
-0.7843 0.174367 0.43445 2.50626 0.0437807
-0.7812 0.175719 0.437798 2.5036 0.0447519
-0.7781 0.177082 0.441172 2.50093 0.0457445
-0.775 0.178455 0.44457 2.49824 0.0467588
-0.7719 0.179838 0.447994 2.49553 0.0477955
-0.7688 0.181232 0.451443 2.49282 0.0488549
-0.7657 0.182637 0.454917 2.49008 0.0499375
-0.7626 0.184053 0.458418 2.48734 0.0510439
-0.7595 0.185479 0.461944 2.48458 0.0521746
-0.7564 0.186917 0.465496 2.4818 0.0533301
-0.7533 0.188366 0.469075 2.47901 0.0545109
-0.7502 0.189825 0.47268 2.4762 0.0557176
-0.7471 0.191296 0.476311 2.47338 0.0569508
-0.744 0.192778 0.479969 2.47054 0.0582109
-0.7409 0.194272 0.483654 2.46769 0.0594987
-0.7378 0.195777 0.487366 2.46482 0.0608147
-0.7347 0.197294 0.491105 2.46193 0.0621595
-0.7316 0.198822 0.494872 2.45903 0.0635337
-0.7285 0.200362 0.498665 2.45611 0.064938
-0.7254 0.201914 0.502487 2.45318 0.066373
-0.7223 0.203477 0.506336 2.45022 0.0678394
-0.7192 0.205053 0.510213 2.44726 0.0693379
-0.7161 0.206641 0.514118 2.44427 0.0708692
-0.713 0.208241 0.518052 2.44126 0.0724339
-0.7099 0.209853 0.522014 2.43824 0.0740328
-0.7068 0.211477 0.526004 2.4352 0.0756666
-0.7037 0.213114 0.530023 2.43215 0.0773361
-0.7006 0.214763 0.53407 2.42907 0.0790421
-0.6975 0.216425 0.538147 2.42598 0.0807853
-0.6944 0.2181 0.542253 2.42286 0.0825666
-0.6913 0.219787 0.546388 2.41973 0.0843867
-0.6882 0.221487 0.550552 2.41658 0.0862466
-0.6851 0.223201 0.554746 2.41341 0.088147
-0.682 0.224927 0.55897 2.41022 0.0900888
-0.6789 0.226666 0.563224 2.40701 0.092073
-0.6758 0.228419 0.567507 2.40378 0.0941004
-0.6727 0.230185 0.57182 2.40053 0.096172
-0.6696 0.231964 0.576164 2.39726 0.0982888
-0.6665 0.233757 0.580538 2.39396 0.100452
-0.6634 0.235564 0.584943 2.39065 0.102662
-0.6603 0.237384 0.589378 2.38732 0.10492
-0.6572 0.239218 0.593844 2.38396 0.107227
-0.6541 0.241066 0.598341 2.38058 0.109584
-0.651 0.242928 0.602869 2.37718 0.111993
-0.6479 0.244803 0.607427 2.37376 0.114454
-0.6448 0.246694 0.612018 2.37031 0.116969
-0.6417 0.248598 0.616639 2.36684 0.119538
-0.6386 0.250517 0.621292 2.36335 0.122163
-0.6355 0.25245 0.625977 2.35983 0.124846
-0.6324 0.254398 0.630693 2.35629 0.127586
-0.6293 0.25636 0.635441 2.35272 0.130386
-0.6262 0.258338 0.640221 2.34913 0.133247
-0.6231 0.26033 0.645034 2.34552 0.13617
-0.62 0.262337 0.649878 2.34188 0.139157
-0.6169 0.264359 0.654754 2.33821 0.142208
-0.6138 0.266396 0.659663 2.33452 0.145326
-0.6107 0.268449 0.664605 2.3308 0.148512
-0.6076 0.270517 0.669578 2.32705 0.151766
-0.6045 0.2726 0.674585 2.32328 0.155091
-0.6014 0.274699 0.679624 2.31948 0.158489
-0.5983 0.276814 0.684696 2.31565 0.16196
-0.5952 0.278945 0.689801 2.31179 0.165506
-0.5921 0.281091 0.694939 2.3079 0.16913
-0.589 0.283253 0.700109 2.30398 0.172832
-0.5859 0.285432 0.705313 2.30004 0.176614
-0.5828 0.287626 0.710551 2.29606 0.180478
-0.5797 0.289837 0.715821 2.29205 0.184427
-0.5766 0.292064 0.721125 2.28801 0.188461
-0.5735 0.294308 0.726462 2.28394 0.192582
-0.5704 0.296568 0.731833 2.27984 0.196793
-0.5673 0.298845 0.737237 2.2757 0.201095
-0.5642 0.301139 0.742675 2.27153 0.20549
-0.5611 0.30345 0.748147 2.26733 0.209981
-0.558 0.305778 0.753652 2.26309 0.21457
-0.5549 0.308123 0.759191 2.25882 0.219257
-0.5518 0.310485 0.764764 2.25451 0.224047
-0.5487 0.312864 0.770371 2.25017 0.228941
-0.5456 0.315261 0.776011 2.24578 0.23394
-0.5425 0.317676 0.781686 2.24137 0.239049
-0.5394 0.320108 0.787395 2.23691 0.244268
-0.5363 0.322558 0.793138 2.23241 0.249601
-0.5332 0.325025 0.798915 2.22788 0.255049
-0.5301 0.327511 0.804726 2.2233 0.260616
-0.527 0.330015 0.810572 2.21869 0.266304
-0.5239 0.332536 0.816452 2.21403 0.272116
-0.5208 0.335077 0.822367 2.20933 0.278054
-0.5177 0.337635 0.828316 2.20459 0.284122
-0.5146 0.340212 0.834299 2.1998 0.290321
-0.5115 0.342808 0.840317 2.19497 0.296656
-0.5084 0.345422 0.84637 2.19009 0.303128
-0.5053 0.348055 0.852458 2.18517 0.309742
-0.5022 0.350707 0.858581 2.1802 0.3165
-0.4991 0.353379 0.864739 2.17518 0.323406
-0.496 0.356069 0.870932 2.17011 0.330463
-0.4929 0.358778 0.87716 2.16499 0.337673
-0.4898 0.361507 0.883424 2.15982 0.345042
-0.4867 0.364256 0.889723 2.15459 0.352572
-0.4836 0.367024 0.896058 2.14932 0.360267
-0.4805 0.369811 0.902429 2.14399 0.368131
-0.4774 0.372619 0.908836 2.1386 0.376168
-0.4743 0.375446 0.91528 2.13316 0.384382
-0.4712 0.378294 0.92176 2.12765 0.392776
-0.4681 0.381161 0.928277 2.12209 0.401356
-0.465 0.384049 0.934831 2.11647 0.410125
-0.4619 0.386957 0.941423 2.11078 0.419088
-0.4588 0.389886 0.948053 2.10503 0.428249
-0.4557 0.392835 0.954722 2.09922 0.437614
-0.4526 0.395805 0.961429 2.09333 0.447187
-0.4495 0.398796 0.968176 2.08738 0.456973
-0.4464 0.401808 0.974962 2.08136 0.466977
-0.4433 0.404841 0.981789 2.07526 0.477205
-0.4402 0.407895 0.988657 2.0691 0.487662
-0.4371 0.41097 0.995567 2.06285 0.498354
-0.434 0.414067 1.00252 2.05653 0.509286
-0.4309 0.417186 1.00952 2.05012 0.520466
-0.4278 0.420327 1.01656 2.04364 0.531899
-0.4247 0.423489 1.02364 2.03707 0.543591
-0.4216 0.426673 1.03078 2.03041 0.55555
-0.4185 0.42988 1.03796 2.02366 0.567783
-0.4154 0.433109 1.04519 2.01681 0.580296
-0.4123 0.43636 1.05247 2.00988 0.593098
-0.4092 0.439634 1.0598 2.00284 0.606196
-0.4061 0.442931 1.06719 1.9957 0.619598
-0.403 0.446251 1.07464 1.98846 0.633313
-0.3999 0.449594 1.08214 1.9811 0.64735
-0.3968 0.45296 1.0897 1.97364 0.661718
-0.3937 0.45635 1.09733 1.96605 0.676427
-0.3906 0.459763 1.10502 1.95835 0.691487
-0.3875 0.463201 1.11278 1.95052 0.706909
-0.3844 0.466663 1.12061 1.94256 0.722703
-0.3813 0.470149 1.12852 1.93446 0.738882
-0.3782 0.47366 1.13651 1.92623 0.755458
-0.3751 0.477195 1.14458 1.91784 0.772444
-0.372 0.480756 1.15274 1.9093 0.789854
-0.3689 0.484342 1.16099 1.90061 0.807702
-0.3658 0.487954 1.16934 1.89174 0.826003
-0.3627 0.491592 1.17779 1.8827 0.844774
-0.3596 0.495257 1.18636 1.87348 0.864033
-0.3565 0.498948 1.19504 1.86407 0.883797
-0.3534 0.502666 1.20385 1.85445 0.904086
-0.3503 0.506412 1.2128 1.84462 0.924922
-0.3472 0.510186 1.22189 1.83457 0.946326
-0.3441 0.513988 1.23113 1.82427 0.968324
-0.341 0.517819 1.24054 1.81373 0.990941
-0.3379 0.521679 1.25012 1.80292 1.0142
-0.3348 0.52557 1.2599 1.79183 1.03815
-0.3317 0.529491 1.26988 1.78044 1.0628
-0.3286 0.533443 1.28009 1.76872 1.0882
-0.3255 0.537428 1.29054 1.75666 1.11439
-0.3224 0.541445 1.30125 1.74422 1.1414
-0.3193 0.545496 1.31225 1.73139 1.16929
-0.3162 0.549581 1.32356 1.71813 1.19812
-0.3131 0.553702 1.3352 1.70439 1.22793
-0.31 0.55786 1.34723 1.69015 1.25879
-0.3069 0.562055 1.35966 1.67535 1.29077
-0.3038 0.56629 1.37254 1.65993 1.32397
-0.3007 0.570566 1.38592 1.64384 1.35846
-0.2976 0.574883 1.39985 1.627 1.39435
-0.2945 0.579245 1.4144 1.60931 1.43177
-0.2914 0.583653 1.42964 1.59068 1.47085
-0.2883 0.58811 1.44565 1.57097 1.51175
-0.2852 0.592617 1.46253 1.55004 1.55465
-0.2821 0.597179 1.48041 1.5277 1.59979
-0.279 0.601797 1.49942 1.5037 1.64742
-0.2759 0.606476 1.51973 1.47774 1.69787
-0.2728 0.611221 1.54156 1.44943 1.7515
-0.2697 0.616036 1.56517 1.41825 1.8088
-0.2666 0.620927 1.59087 1.38349 1.87035
-0.2635 0.625902 1.61908 1.34415 1.93685
-0.2604 0.630968 1.65028 1.29882 2.00915
-0.2573 0.636137 1.68505 1.24536 2.08822
-0.2542 0.64142 1.72395 1.18059 2.17484
-0.2511 0.64683 1.76702 1.09988 2.26862
-0.248 0.652378 1.81242 0.99788 2.36525
-0.2449 0.658063 1.85406 0.873577 2.45224
-0.2418 0.66386 1.88345 0.737487 2.51326
-0.2387 0.669725 1.89773 0.604675 2.54375
-0.2356 0.675614 1.90024 0.482164 2.55105
-0.2325 0.681499 1.89513 0.370211 2.54351
-0.2294 0.687359 1.88525 0.267064 2.52676
-0.2263 0.693184 1.87239 0.170907 2.50421
-0.2232 0.698966 1.85759 0.0802735 2.47791
-0.2201 0.7047 1.84155 -0.0059558 2.44915
-0.217 0.710383 1.82469 -0.0886271 2.41876
-0.2139 0.716012 1.8073 -0.168385 2.38729
-0.2108 0.721588 1.78959 -0.245725 2.35515
-0.2077 0.727108 1.7717 -0.321035 2.3226
-0.2046 0.732572 1.75374 -0.394618 2.28985
-0.2015 0.737981 1.73578 -0.466714 2.25707
-0.1984 0.743334 1.71788 -0.537516 2.22438
-0.1953 0.748632 1.70008 -0.607177 2.19186
-0.1922 0.753875 1.68243 -0.675821 2.15959
-0.1891 0.759063 1.66494 -0.743546 2.12764
-0.186 0.764197 1.64764 -0.810431 2.09606
-0.1829 0.769279 1.63054 -0.87654 2.06487
-0.1798 0.774307 1.61366 -0.941924 2.03413
-0.1767 0.779284 1.59701 -1.00662 2.00385
-0.1736 0.784209 1.5806 -1.07067 1.97405
-0.1705 0.789083 1.56443 -1.13409 1.94476
-0.1674 0.793908 1.54851 -1.1969 1.91598
-0.1643 0.798684 1.53284 -1.25911 1.88772
-0.1612 0.803412 1.51742 -1.32075 1.86
-0.1581 0.808093 1.50226 -1.38181 1.83281
-0.155 0.812727 1.48736 -1.4423 1.80615
-0.1519 0.817315 1.47271 -1.50224 1.78004
-0.1488 0.821858 1.45832 -1.56161 1.75446
-0.1457 0.826357 1.44418 -1.62043 1.72941
-0.1426 0.830812 1.43029 -1.6787 1.70489
-0.1395 0.835225 1.41665 -1.73643 1.68089
-0.1364 0.839595 1.40326 -1.7936 1.65741
-0.1333 0.843925 1.39011 -1.85023 1.63444
-0.1302 0.848214 1.3772 -1.90631 1.61197
-0.1271 0.852464 1.36453 -1.96185 1.58999
-0.124 0.856675 1.35208 -2.01685 1.5685
-0.1209 0.860847 1.33987 -2.07132 1.54748
-0.1178 0.864982 1.32789 -2.12525 1.52692
-0.1147 0.86908 1.31612 -2.17865 1.50682
-0.1116 0.873142 1.30457 -2.23152 1.48717
-0.1085 0.877169 1.29323 -2.28387 1.46795
-0.1054 0.88116 1.28211 -2.3357 1.44915
-0.1023 0.885118 1.27118 -2.38701 1.43077
-0.0992 0.889042 1.26046 -2.43781 1.41279
-0.0961 0.892933 1.24993 -2.4881 1.39521
-0.093 0.896792 1.23959 -2.53789 1.37801
-0.0899 0.900619 1.22944 -2.58719 1.36119
-0.0868 0.904414 1.21947 -2.63599 1.34473
-0.0837 0.90818 1.20968 -2.6843 1.32863
-0.0806 0.911915 1.20007 -2.73214 1.31288
-0.0775 0.91562 1.19063 -2.7795 1.29746
-0.0744 0.919297 1.18135 -2.82638 1.28237
-0.0713 0.922945 1.17224 -2.87281 1.2676
-0.0682 0.926565 1.16329 -2.91878 1.25314
-0.0651 0.930157 1.15449 -2.96429 1.23899
-0.062 0.933723 1.14585 -3.00936 1.22512
-0.0589 0.937262 1.13735 -3.05398 1.21155
-0.0558 0.940775 1.129 -3.09818 1.19825
-0.0527 0.944262 1.12079 -3.14194 1.18523
-0.0496 0.947724 1.11272 -3.18529 1.17247
-0.0465 0.951161 1.10478 -3.22821 1.15997
-0.0434 0.954573 1.09698 -3.27073 1.14771
-0.0403 0.957962 1.0893 -3.31284 1.1357
-0.0372 0.961327 1.08176 -3.35456 1.12393
-0.0341 0.964669 1.07433 -3.39588 1.11239
-0.031 0.967988 1.06702 -3.43681 1.10107
-0.0279 0.971285 1.05984 -3.47736 1.08997
-0.0248 0.974559 1.05276 -3.51754 1.07908
-0.0217 0.977812 1.0458 -3.55735 1.0684
-0.0186 0.981043 1.03895 -3.59679 1.05792
-0.0155 0.984254 1.0322 -3.63588 1.04764
-0.0124 0.987443 1.02556 -3.67461 1.03755
-0.0093 0.990612 1.01902 -3.71299 1.02764
-0.0062 0.993761 1.01259 -3.75103 1.01792
-0.0031 0.99689 1.00625 -3.78874 1.00837
0 1 1 -3.82611 0.999
0.0224 1.02192 0.957523 -4.08671 0.936006
0.0448 1.04293 0.919212 -4.33197 0.88035
0.0672 1.06312 0.884473 -4.56345 0.830857
0.0896 1.08258 0.852818 -4.78254 0.78658
0.112 1.10135 0.823841 -4.99041 0.746751
0.1344 1.1195 0.797204 -5.18813 0.71074
0.1568 1.13708 0.772623 -5.37661 0.678031
0.1792 1.15413 0.749859 -5.55666 0.648192
0.2016 1.17069 0.728707 -5.72897 0.620865
0.224 1.18678 0.708994 -5.89419 0.595746
0.2464 1.20246 0.690571 -6.05285 0.572579
0.2688 1.21773 0.673308 -6.20547 0.551147
0.2912 1.23263 0.657092 -6.35248 0.531261
0.3136 1.24718 0.641827 -6.49427 0.51276
0.336 1.26139 0.627425 -6.63121 0.495505
0.3584 1.27529 0.613813 -6.76361 0.479374
0.3808 1.28889 0.600922 -6.89177 0.46426
0.4032 1.30222 0.588693 -7.01594 0.450071
0.4256 1.31527 0.577074 -7.13637 0.436724
0.448 1.32807 0.566017 -7.25328 0.424145
0.4704 1.34063 0.555481 -7.36687 0.412271
0.4928 1.35296 0.545426 -7.47732 0.401044
0.5152 1.36507 0.535819 -7.5848 0.390412
0.5376 1.37697 0.526629 -7.68947 0.38033
0.56 1.38867 0.517827 -7.79147 0.370754
0.5824 1.40017 0.509388 -7.89094 0.361649
0.6048 1.41149 0.501288 -7.98799 0.352981
0.6272 1.42263 0.493506 -8.08275 0.344718
0.6496 1.4336 0.486022 -8.17532 0.336832
0.672 1.44441 0.47882 -8.2658 0.329299
0.6944 1.45506 0.471881 -8.35428 0.322096
0.7168 1.46555 0.465191 -8.44085 0.3152
0.7392 1.4759 0.458736 -8.52559 0.308593
0.7616 1.4861 0.452503 -8.60858 0.302257
0.784 1.49617 0.44648 -8.68989 0.296176
0.8064 1.50611 0.440656 -8.76958 0.290334
0.8288 1.51591 0.43502 -8.84772 0.284718
0.8512 1.5256 0.429564 -8.92437 0.279314
0.8736 1.53516 0.424278 -8.99958 0.274112
0.896 1.54461 0.419153 -9.07341 0.269099
0.9184 1.55394 0.414182 -9.14591 0.264266
0.9408 1.56316 0.409358 -9.21713 0.259603
0.9632 1.57228 0.404674 -9.2871 0.255101
0.9856 1.58129 0.400123 -9.35588 0.250752
1.008 1.59021 0.3957 -9.4235 0.246549
1.0304 1.59902 0.391398 -9.49001 0.242484
1.0528 1.60774 0.387214 -9.55543 0.238551
1.0752 1.61637 0.38314 -9.61981 0.234742
1.0976 1.62491 0.379174 -9.68317 0.231053
1.12 1.63336 0.37531 -9.74555 0.227478
1.1424 1.64172 0.371545 -9.80698 0.224011
1.1648 1.65 0.367874 -9.86749 0.220649
1.1872 1.6582 0.364294 -9.9271 0.217385
1.2096 1.66632 0.3608 -9.98585 0.214216
1.232 1.67437 0.357391 -10.0437 0.211137
1.2544 1.68234 0.354062 -10.1008 0.208146
1.2768 1.69023 0.350811 -10.1571 0.205238
1.2992 1.69805 0.347634 -10.2126 0.202409
1.3216 1.7058 0.34453 -10.2674 0.199657
1.344 1.71349 0.341495 -10.3214 0.196979
1.3664 1.7211 0.338527 -10.3747 0.194371
1.3888 1.72865 0.335623 -10.4273 0.191832
1.4112 1.73614 0.332782 -10.4793 0.189357
1.4336 1.74356 0.330002 -10.5306 0.186945
1.456 1.75092 0.327279 -10.5812 0.184593
1.4784 1.75823 0.324613 -10.6312 0.1823
1.5008 1.76547 0.322002 -10.6806 0.180062
1.5232 1.77265 0.319443 -10.7294 0.177879
1.5456 1.77978 0.316936 -10.7776 0.175748
1.568 1.78685 0.314478 -10.8253 0.173666
1.5904 1.79387 0.312068 -10.8724 0.171634
1.6128 1.80083 0.309704 -10.9189 0.169648
1.6352 1.80774 0.307385 -10.965 0.167707
1.6576 1.8146 0.30511 -11.0105 0.16581
1.68 1.82141 0.302878 -11.0555 0.163955
1.7024 1.82817 0.300686 -11.1 0.162141
1.7248 1.83488 0.298535 -11.144 0.160366
1.7472 1.84155 0.296422 -11.1876 0.158629
1.7696 1.84816 0.294347 -11.2306 0.15693
1.792 1.85473 0.292309 -11.2733 0.155266
1.8144 1.86126 0.290306 -11.3155 0.153637
1.8368 1.86774 0.288338 -11.3572 0.152042
1.8592 1.87418 0.286403 -11.3986 0.150479
1.8816 1.88057 0.284501 -11.4395 0.148947
1.904 1.88692 0.282631 -11.48 0.147447
1.9264 1.89323 0.280792 -11.5201 0.145976
1.9488 1.8995 0.278984 -11.5598 0.144534
1.9712 1.90573 0.277204 -11.5991 0.14312
1.9936 1.91192 0.275454 -11.6381 0.141733
2.016 1.91807 0.273731 -11.6767 0.140373
2.0384 1.92419 0.272036 -11.7149 0.139038
2.0608 1.93026 0.270367 -11.7527 0.137728
2.0832 1.9363 0.268724 -11.7902 0.136443
2.1056 1.9423 0.267106 -11.8274 0.135181
2.128 1.94826 0.265513 -11.8642 0.133942
2.1504 1.95419 0.263944 -11.9007 0.132725
2.1728 1.96009 0.262398 -11.9369 0.13153
2.1952 1.96595 0.260876 -11.9728 0.130357
2.2176 1.97178 0.259376 -12.0083 0.129203
2.24 1.97757 0.257897 -12.0436 0.12807
2.2624 1.98333 0.25644 -12.0785 0.126957
2.2848 1.98906 0.255004 -12.1131 0.125862
2.3072 1.99475 0.253588 -12.1475 0.124786
2.3296 2.00042 0.252192 -12.1815 0.123728
2.352 2.00605 0.250816 -12.2153 0.122688
2.3744 2.01166 0.249459 -12.2488 0.121665
2.3968 2.01723 0.24812 -12.282 0.120659
2.4192 2.02277 0.2468 -12.315 0.119669
2.4416 2.02829 0.245497 -12.3476 0.118695
2.464 2.03377 0.244212 -12.3801 0.117737
2.4864 2.03923 0.242944 -12.4122 0.116794
2.5088 2.04465 0.241693 -12.4442 0.115865
2.5312 2.05005 0.240458 -12.4758 0.114952
2.5536 2.05543 0.239239 -12.5073 0.114052
2.576 2.06077 0.238036 -12.5385 0.113166
2.5984 2.06609 0.236848 -12.5694 0.112294
2.6208 2.07138 0.235676 -12.6001 0.111435
2.6432 2.07665 0.234518 -12.6306 0.110589
2.6656 2.08189 0.233374 -12.6609 0.109755
2.688 2.08711 0.232245 -12.6909 0.108934
2.7104 2.09229 0.23113 -12.7207 0.108125
2.7328 2.09746 0.230028 -12.7503 0.107328
2.7552 2.1026 0.22894 -12.7797 0.106542
2.7776 2.10772 0.227865 -12.8089 0.105768
2.8 2.11281 0.226803 -12.8379 0.105004
2.8224 2.11788 0.225753 -12.8666 0.104252
2.8448 2.12292 0.224716 -12.8952 0.10351
2.8672 2.12794 0.223691 -12.9236 0.102779
2.8896 2.13294 0.222677 -12.9518 0.102057
2.912 2.13792 0.221676 -12.9797 0.101346
2.9344 2.14288 0.220686 -13.0075 0.100644
2.9568 2.14781 0.219707 -13.0351 0.099952
2.9792 2.15272 0.21874 -13.0626 0.0992692
3.0016 2.15761 0.217783 -13.0898 0.0985956
3.024 2.16247 0.216837 -13.1168 0.097931
3.0464 2.16732 0.215901 -13.1437 0.0972752
3.0688 2.17215 0.214976 -13.1704 0.096628
3.0912 2.17695 0.214061 -13.197 0.0959892
3.1136 2.18174 0.213156 -13.2233 0.0953588
3.136 2.1865 0.212261 -13.2495 0.0947365
3.1584 2.19125 0.211375 -13.2755 0.0941221
3.1808 2.19597 0.210499 -13.3014 0.0935156
3.2032 2.20068 0.209632 -13.3271 0.0929168
3.2256 2.20536 0.208774 -13.3526 0.0923255
3.248 2.21003 0.207925 -13.378 0.0917416
3.2704 2.21468 0.207085 -13.4032 0.0911649
3.2928 2.21931 0.206254 -13.4283 0.0905954
3.3152 2.22392 0.205431 -13.4532 0.0900328
3.3376 2.22851 0.204617 -13.478 0.0894771
3.36 2.23309 0.203811 -13.5026 0.0889282
3.3824 2.23764 0.203013 -13.5271 0.0883858
3.4048 2.24218 0.202223 -13.5514 0.08785
3.4272 2.2467 0.201441 -13.5756 0.0873205
3.4496 2.25121 0.200667 -13.5996 0.0867973
3.472 2.25569 0.1999 -13.6235 0.0862803
3.4944 2.26016 0.199141 -13.6473 0.0857692
3.5168 2.26461 0.198389 -13.6709 0.0852642
3.5392 2.26905 0.197645 -13.6944 0.084765
3.5616 2.27347 0.196907 -13.7177 0.0842715
3.584 2.27787 0.196177 -13.741 0.0837836
3.6064 2.28226 0.195454 -13.7641 0.0833013
3.6288 2.28663 0.194738 -13.787 0.0828244
3.6512 2.29098 0.194028 -13.8099 0.0823529
3.6736 2.29532 0.193325 -13.8326 0.0818867
3.696 2.29964 0.192629 -13.8552 0.0814257
3.7184 2.30395 0.191939 -13.8776 0.0809697
3.7408 2.30824 0.191255 -13.9 0.0805187
3.7632 2.31252 0.190578 -13.9222 0.0800727
3.7856 2.31678 0.189906 -13.9443 0.0796315
3.808 2.32102 0.189241 -13.9663 0.0791951
3.8304 2.32526 0.188582 -13.9881 0.0787634
3.8528 2.32947 0.187929 -14.0099 0.0783363
3.8752 2.33368 0.187282 -14.0315 0.0779138
3.8976 2.33786 0.18664 -14.053 0.0774957
3.92 2.34204 0.186004 -14.0744 0.077082
3.9424 2.3462 0.185374 -14.0957 0.0766726
3.9648 2.35034 0.184749 -14.1169 0.0762675
3.9872 2.35447 0.184129 -14.138 0.0758666
4.0096 2.35859 0.183515 -14.159 0.0754699
4.032 2.3627 0.182907 -14.1799 0.0750772
4.0544 2.36679 0.182303 -14.2006 0.0746885
4.0768 2.37086 0.181705 -14.2213 0.0743038
4.0992 2.37493 0.181111 -14.2418 0.0739229
4.1216 2.37898 0.180523 -14.2623 0.0735459
4.144 2.38301 0.179939 -14.2826 0.0731726
4.1664 2.38704 0.179361 -14.3029 0.0728031
4.1888 2.39105 0.178787 -14.323 0.0724372
4.2112 2.39505 0.178218 -14.3431 0.0720749
4.2336 2.39903 0.177654 -14.3631 0.0717162
4.256 2.40301 0.177094 -14.3829 0.0713609
4.2784 2.40697 0.176539 -14.4027 0.0710091
4.3008 2.41091 0.175988 -14.4224 0.0706608
4.3232 2.41485 0.175442 -14.4419 0.0703157
4.3456 2.41877 0.1749 -14.4614 0.069974
4.368 2.42269 0.174363 -14.4808 0.0696355
4.3904 2.42659 0.173829 -14.5001 0.0693002
4.4128 2.43047 0.1733 -14.5194 0.0689681
4.4352 2.43435 0.172775 -14.5385 0.0686391
4.4576 2.43821 0.172255 -14.5575 0.0683132
4.48 2.44207 0.171738 -14.5765 0.0679903
4.5024 2.44591 0.171225 -14.5953 0.0676704
4.5248 2.44974 0.170717 -14.6141 0.0673535
4.5472 2.45356 0.170212 -14.6328 0.0670394
4.5696 2.45736 0.169711 -14.6514 0.0667283
4.592 2.46116 0.169214 -14.6699 0.0664199
4.6144 2.46494 0.168721 -14.6884 0.0661144
4.6368 2.46872 0.168231 -14.7068 0.0658116
4.6592 2.47248 0.167745 -14.725 0.0655115
4.6816 2.47623 0.167263 -14.7432 0.0652141
4.704 2.47997 0.166784 -14.7614 0.0649193
4.7264 2.48371 0.166309 -14.7794 0.0646271
4.7488 2.48743 0.165838 -14.7974 0.0643375
4.7712 2.49113 0.165369 -14.8152 0.0640505
4.7936 2.49483 0.164905 -14.8331 0.063766
4.816 2.49852 0.164444 -14.8508 0.0634839
4.8384 2.5022 0.163986 -14.8684 0.0632043
4.8608 2.50587 0.163531 -14.886 0.0629271
4.8832 2.50953 0.16308 -14.9035 0.0626522
4.9056 2.51318 0.162632 -14.921 0.0623798
4.928 2.51681 0.162187 -14.9383 0.0621096
4.9504 2.52044 0.161745 -14.9556 0.0618417
4.9728 2.52406 0.161306 -14.9728 0.0615761
4.9952 2.52767 0.160871 -14.99 0.0613127
5.0176 2.53127 0.160438 -15.0071 0.0610515
5.04 2.53486 0.160009 -15.0241 0.0607925
5.0624 2.53843 0.159582 -15.041 0.0605357
5.0848 2.542 0.159159 -15.0579 0.0602809
5.1072 2.54557 0.158738 -15.0747 0.0600283
5.1296 2.54912 0.158321 -15.0914 0.0597777
5.152 2.55266 0.157906 -15.1081 0.0595292
5.1744 2.55619 0.157494 -15.1247 0.0592827
5.1968 2.55971 0.157085 -15.1412 0.0590382
5.2192 2.56323 0.156678 -15.1577 0.0587957
5.2416 2.56673 0.156275 -15.1741 0.0585551
5.264 2.57023 0.155874 -15.1904 0.0583165
5.2864 2.57372 0.155476 -15.2067 0.0580797
5.3088 2.57719 0.15508 -15.2229 0.0578448
5.3312 2.58066 0.154687 -15.239 0.0576118
5.3536 2.58412 0.154297 -15.2551 0.0573806
5.376 2.58758 0.153909 -15.2711 0.0571512
5.3984 2.59102 0.153524 -15.2871 0.0569237
5.4208 2.59445 0.153141 -15.303 0.0566978
5.4432 2.59788 0.152761 -15.3188 0.0564738
5.4656 2.6013 0.152383 -15.3346 0.0562515
5.488 2.60471 0.152007 -15.3503 0.0560308
5.5104 2.60811 0.151635 -15.366 0.0558119
5.5328 2.6115 0.151264 -15.3816 0.0555946
5.5552 2.61488 0.150896 -15.3971 0.055379
5.5776 2.61826 0.15053 -15.4126 0.0551651
5.6 2.62163 0.150166 -15.4281 0.0549527
5.6224 2.62499 0.149805 -15.4434 0.0547419
5.6448 2.62834 0.149446 -15.4587 0.0545328
5.6672 2.63168 0.14909 -15.474 0.0543251
5.6896 2.63502 0.148735 -15.4892 0.0541191
5.712 2.63835 0.148383 -15.5043 0.0539145
5.7344 2.64167 0.148033 -15.5194 0.0537115
5.7568 2.64498 0.147685 -15.5345 0.0535099
5.7792 2.64828 0.147339 -15.5495 0.0533098
5.8016 2.65158 0.146996 -15.5644 0.0531112
5.824 2.65487 0.146654 -15.5793 0.0529141
5.8464 2.65815 0.146315 -15.5941 0.0527183
5.8688 2.66142 0.145977 -15.6089 0.052524
5.8912 2.66469 0.145642 -15.6236 0.0523311
5.9136 2.66795 0.145308 -15.6383 0.0521395
5.936 2.6712 0.144977 -15.6529 0.0519494
5.9584 2.67444 0.144648 -15.6674 0.0517605
5.9808 2.67768 0.14432 -15.6819 0.051573
6.0032 2.68091 0.143995 -15.6964 0.0513869
6.0256 2.68413 0.143671 -15.7108 0.051202
6.048 2.68734 0.14335 -15.7252 0.0510185
6.0704 2.69055 0.14303 -15.7395 0.0508362
6.0928 2.69375 0.142712 -15.7538 0.0506552
6.1152 2.69695 0.142396 -15.768 0.0504755
6.1376 2.70013 0.142082 -15.7822 0.050297
6.16 2.70331 0.14177 -15.7963 0.0501197
6.1824 2.70648 0.141459 -15.8104 0.0499437
6.2048 2.70965 0.14115 -15.8244 0.0497688
6.2272 2.71281 0.140843 -15.8384 0.0495952
6.2496 2.71596 0.140538 -15.8523 0.0494227
6.272 2.7191 0.140235 -15.8662 0.0492514
6.2944 2.72224 0.139933 -15.88 0.0490813
6.3168 2.72537 0.139633 -15.8938 0.0489123
6.3392 2.7285 0.139335 -15.9076 0.0487444
6.3616 2.73161 0.139038 -15.9213 0.0485777
6.384 2.73473 0.138743 -15.935 0.0484121
6.4064 2.73783 0.138449 -15.9486 0.0482476
6.4288 2.74093 0.138158 -15.9621 0.0480841
6.4512 2.74402 0.137868 -15.9757 0.0479218
6.4736 2.7471 0.137579 -15.9892 0.0477605
6.496 2.75018 0.137292 -16.0026 0.0476003
6.5184 2.75325 0.137007 -16.016 0.0474411
6.5408 2.75632 0.136723 -16.0294 0.0472829
6.5632 2.75938 0.136441 -16.0427 0.0471258
6.5856 2.76243 0.13616 -16.0559 0.0469697
6.608 2.76548 0.135881 -16.0692 0.0468146
6.6304 2.76852 0.135603 -16.0824 0.0466605
6.6528 2.77156 0.135327 -16.0955 0.0465074
6.6752 2.77458 0.135052 -16.1086 0.0463553
6.6976 2.77761 0.134779 -16.1217 0.0462041
6.72 2.78062 0.134508 -16.1347 0.0460539
6.7424 2.78363 0.134237 -16.1477 0.0459047
6.7648 2.78664 0.133968 -16.1606 0.0457564
6.7872 2.78963 0.133701 -16.1735 0.045609
6.8096 2.79263 0.133435 -16.1864 0.0454626
6.832 2.79561 0.13317 -16.1992 0.045317
6.8544 2.79859 0.132907 -16.212 0.0451724
6.8768 2.80157 0.132645 -16.2248 0.0450287
6.8992 2.80453 0.132385 -16.2375 0.0448858
6.9216 2.8075 0.132125 -16.2501 0.0447439
6.944 2.81045 0.131868 -16.2628 0.0446028
6.9664 2.8134 0.131611 -16.2754 0.0444626
6.9888 2.81635 0.131356 -16.2879 0.0443232
7.0112 2.81929 0.131102 -16.3004 0.0441847
7.0336 2.82222 0.13085 -16.3129 0.044047
7.056 2.82515 0.130598 -16.3254 0.0439102
7.0784 2.82807 0.130348 -16.3378 0.0437742
7.1008 2.83099 0.1301 -16.3501 0.043639
7.1232 2.8339 0.129852 -16.3625 0.0435046
7.1456 2.83681 0.129606 -16.3748 0.0433711
7.168 2.83971 0.129361 -16.3871 0.0432383
7.1904 2.8426 0.129117 -16.3993 0.0431063
7.2128 2.84549 0.128875 -16.4115 0.0429751
7.2352 2.84838 0.128633 -16.4236 0.0428447
7.2576 2.85126 0.128393 -16.4358 0.042715
7.28 2.85413 0.128154 -16.4478 0.0425861
7.3024 2.857 0.127916 -16.4599 0.042458
7.3248 2.85986 0.12768 -16.4719 0.0423306
7.3472 2.86272 0.127444 -16.4839 0.042204
7.3696 2.86557 0.12721 -16.4958 0.0420781
7.392 2.86842 0.126977 -16.5078 0.0419529
7.4144 2.87126 0.126745 -16.5196 0.0418285
7.4368 2.87409 0.126514 -16.5315 0.0417047
7.4592 2.87693 0.126284 -16.5433 0.0415817
7.4816 2.87975 0.126056 -16.5551 0.0414594
7.504 2.88257 0.125828 -16.5669 0.0413378
7.5264 2.88539 0.125602 -16.5786 0.0412168
7.5488 2.8882 0.125376 -16.5903 0.0410966
7.5712 2.89101 0.125152 -16.6019 0.040977
7.5936 2.89381 0.124929 -16.6135 0.0408582
7.616 2.8966 0.124707 -16.6251 0.04074
7.6384 2.89939 0.124486 -16.6367 0.0406224
7.6608 2.90218 0.124265 -16.6482 0.0405055
7.6832 2.90496 0.124046 -16.6597 0.0403893
7.7056 2.90774 0.123828 -16.6712 0.0402737
7.728 2.91051 0.123611 -16.6826 0.0401588
7.7504 2.91327 0.123395 -16.694 0.0400445
7.7728 2.91604 0.12318 -16.7054 0.0399308
7.7952 2.91879 0.122966 -16.7167 0.0398177
7.8176 2.92154 0.122753 -16.728 0.0397053
7.84 2.92429 0.122541 -16.7393 0.0395935
7.8624 2.92703 0.12233 -16.7505 0.0394823
7.8848 2.92977 0.12212 -16.7618 0.0393717
7.9072 2.93251 0.121911 -16.773 0.0392617
7.9296 2.93523 0.121703 -16.7841 0.0391523
7.952 2.93796 0.121496 -16.7953 0.0390435
7.9744 2.94068 0.12129 -16.8064 0.0389353
7.9968 2.94339 0.121084 -16.8174 0.0388277
8.0192 2.9461 0.12088 -16.8285 0.0387206
8.0416 2.94881 0.120676 -16.8395 0.0386141
8.064 2.95151 0.120474 -16.8505 0.0385082
8.0864 2.9542 0.120272 -16.8614 0.0384028
8.1088 2.9569 0.120071 -16.8724 0.0382981
8.1312 2.95958 0.119872 -16.8833 0.0381938
8.1536 2.96227 0.119673 -16.8941 0.0380901
8.176 2.96494 0.119474 -16.905 0.037987
8.1984 2.96762 0.119277 -16.9158 0.0378844
8.2208 2.97029 0.119081 -16.9266 0.0377823
8.2432 2.97295 0.118885 -16.9374 0.0376808
8.2656 2.97561 0.118691 -16.9481 0.0375798
8.288 2.97827 0.118497 -16.9588 0.0374793
8.3104 2.98092 0.118304 -16.9695 0.0373794
8.3328 2.98357 0.118112 -16.9801 0.0372799
8.3552 2.98621 0.117921 -16.9908 0.037181
8.3776 2.98885 0.11773 -17.0014 0.0370826
8.4 2.99149 0.117541 -17.0119 0.0369847
8.4224 2.99412 0.117352 -17.0225 0.0368872
8.4448 2.99675 0.117164 -17.033 0.0367903
8.4672 2.99937 0.116977 -17.0435 0.0366939
8.4896 3.00199 0.11679 -17.054 0.036598
8.512 3.0046 0.116605 -17.0644 0.0365025
8.5344 3.00721 0.11642 -17.0749 0.0364076
8.5568 3.00982 0.116236 -17.0852 0.0363131
8.5792 3.01242 0.116053 -17.0956 0.0362191
8.6016 3.01502 0.11587 -17.106 0.0361255
8.624 3.01761 0.115689 -17.1163 0.0360325
8.6464 3.0202 0.115508 -17.1266 0.0359399
8.6688 3.02278 0.115328 -17.1368 0.0358477
8.6912 3.02537 0.115148 -17.1471 0.035756
8.7136 3.02794 0.11497 -17.1573 0.0356648
8.736 3.03052 0.114792 -17.1675 0.035574
8.7584 3.03309 0.114615 -17.1777 0.0354837
8.7808 3.03565 0.114438 -17.1878 0.0353938
8.8032 3.03821 0.114262 -17.1979 0.0353043
8.8256 3.04077 0.114087 -17.208 0.0352153
8.848 3.04332 0.113913 -17.2181 0.0351268
8.8704 3.04587 0.11374 -17.2282 0.0350386
8.8928 3.04842 0.113567 -17.2382 0.0349509
8.9152 3.05096 0.113395 -17.2482 0.0348636
8.9376 3.0535 0.113223 -17.2582 0.0347767
8.96 3.05603 0.113053 -17.2681 0.0346903
8.9824 3.05856 0.112883 -17.2781 0.0346042
9.0048 3.06109 0.112713 -17.288 0.0345186
9.0272 3.06361 0.112544 -17.2979 0.0344334
9.0496 3.06613 0.112377 -17.3077 0.0343486
9.072 3.06865 0.112209 -17.3176 0.0342642
9.0944 3.07116 0.112043 -17.3274 0.0341802
9.1168 3.07367 0.111877 -17.3372 0.0340966
9.1392 3.07617 0.111711 -17.3469 0.0340134
9.1616 3.07867 0.111547 -17.3567 0.0339306
9.184 3.08117 0.111383 -17.3664 0.0338481
9.2064 3.08366 0.111219 -17.3761 0.0337661
9.2288 3.08615 0.111057 -17.3858 0.0336845
9.2512 3.08864 0.110894 -17.3955 0.0336032
9.2736 3.09112 0.110733 -17.4051 0.0335223
9.296 3.0936 0.110572 -17.4147 0.0334418
9.3184 3.09607 0.110412 -17.4243 0.0333616
9.3408 3.09854 0.110253 -17.4339 0.0332819
9.3632 3.10101 0.110094 -17.4435 0.0332025
9.3856 3.10348 0.109935 -17.453 0.0331234
9.408 3.10594 0.109778 -17.4625 0.0330448
9.4304 3.10839 0.109621 -17.472 0.0329664
9.4528 3.11085 0.109464 -17.4815 0.0328885
9.4752 3.1133 0.109308 -17.4909 0.0328109
9.4976 3.11575 0.109153 -17.5004 0.0327337
9.52 3.11819 0.108998 -17.5098 0.0326568
9.5424 3.12063 0.108844 -17.5191 0.0325802
9.5648 3.12307 0.108691 -17.5285 0.032504
9.5872 3.1255 0.108538 -17.5379 0.0324282
9.6096 3.12793 0.108385 -17.5472 0.0323527
9.632 3.13035 0.108234 -17.5565 0.0322775
9.6544 3.13278 0.108082 -17.5658 0.0322027
9.6768 3.1352 0.107932 -17.575 0.0321282
9.6992 3.13761 0.107782 -17.5843 0.032054
9.7216 3.14002 0.107632 -17.5935 0.0319802
9.744 3.14243 0.107483 -17.6027 0.0319067
9.7664 3.14484 0.107335 -17.6119 0.0318335
9.7888 3.14724 0.107187 -17.6211 0.0317606
9.8112 3.14964 0.10704 -17.6302 0.0316881
9.8336 3.15204 0.106893 -17.6393 0.0316159
9.856 3.15443 0.106747 -17.6484 0.031544
9.8784 3.15682 0.106601 -17.6575 0.0314724
9.9008 3.15921 0.106456 -17.6666 0.0314012
9.9232 3.16159 0.106312 -17.6756 0.0313302
9.9456 3.16397 0.106168 -17.6847 0.0312596
9.968 3.16635 0.106024 -17.6937 0.0311892
9.9904 3.16872 0.105881 -17.7027 0.0311192
10.0128 3.17109 0.105739 -17.7116 0.0310495
10.0352 3.17346 0.105597 -17.7206 0.03098
10.0576 3.17582 0.105456 -17.7295 0.0309109
10.08 3.17818 0.105315 -17.7384 0.0308421
10.1024 3.18054 0.105174 -17.7473 0.0307735
10.1248 3.18289 0.105034 -17.7562 0.0307053
10.1472 3.18524 0.104895 -17.7651 0.0306373
10.1696 3.18759 0.104756 -17.7739 0.0305697
10.192 3.18994 0.104618 -17.7828 0.0305023
10.2144 3.19228 0.10448 -17.7916 0.0304352
10.2368 3.19462 0.104343 -17.8004 0.0303684
10.2592 3.19695 0.104206 -17.8091 0.0303019
10.2816 3.19929 0.104069 -17.8179 0.0302357
10.304 3.20162 0.103933 -17.8266 0.0301697
10.3264 3.20394 0.103798 -17.8353 0.030104
10.3488 3.20627 0.103663 -17.844 0.0300386
10.3712 3.20859 0.103529 -17.8527 0.0299735
10.3936 3.2109 0.103395 -17.8614 0.0299086
10.416 3.21322 0.103261 -17.87 0.0298441
10.4384 3.21553 0.103128 -17.8787 0.0297797
10.4608 3.21784 0.102995 -17.8873 0.0297157
10.4832 3.22014 0.102863 -17.8959 0.0296519
10.5056 3.22245 0.102732 -17.9044 0.0295884
10.528 3.22475 0.1026 -17.913 0.0295251
10.5504 3.22704 0.10247 -17.9215 0.0294621
10.5728 3.22934 0.102339 -17.9301 0.0293994
10.5952 3.23163 0.102209 -17.9386 0.0293369
10.6176 3.23392 0.10208 -17.9471 0.0292747
10.64 3.2362 0.101951 -17.9556 0.0292127
10.6624 3.23848 0.101823 -17.964 0.029151
10.6848 3.24076 0.101694 -17.9725 0.0290895
10.7072 3.24304 0.101567 -17.9809 0.0290283
10.7296 3.24531 0.10144 -17.9893 0.0289673
10.752 3.24758 0.101313 -17.9977 0.0289066
10.7744 3.24985 0.101187 -18.0061 0.0288461
10.7968 3.25212 0.101061 -18.0144 0.0287859
10.8192 3.25438 0.100935 -18.0228 0.0287259
10.8416 3.25664 0.10081 -18.0311 0.0286661
10.864 3.2589 0.100685 -18.0394 0.0286066
10.8864 3.26115 0.100561 -18.0477 0.0285473
10.9088 3.2634 0.100437 -18.056 0.0284883
10.9312 3.26565 0.100314 -18.0643 0.0284295
10.9536 3.26789 0.100191 -18.0725 0.0283709
10.976 3.27014 0.100069 -18.0807 0.0283126
10.9984 3.27238 0.0999464 -18.089 0.0282545
11.0208 3.27462 0.0998247 -18.0972 0.0281966
11.0432 3.27685 0.0997034 -18.1054 0.0281389
11.0656 3.27908 0.0995824 -18.1135 0.0280815
11.088 3.28131 0.0994619 -18.1217 0.0280243
11.1104 3.28354 0.0993418 -18.1298 0.0279673
11.1328 3.28576 0.0992221 -18.1379 0.0279106
11.1552 3.28798 0.0991027 -18.1461 0.0278541
11.1776 3.2902 0.0989838 -18.1542 0.0277977
11.2 3.29242 0.0988652 -18.1622 0.0277417
11.2224 3.29463 0.0987471 -18.1703 0.0276858
11.2448 3.29684 0.0986293 -18.1783 0.0276301
11.2672 3.29905 0.0985119 -18.1864 0.0275747
11.2896 3.30125 0.0983949 -18.1944 0.0275195
11.312 3.30346 0.0982783 -18.2024 0.0274644
11.3344 3.30566 0.098162 -18.2104 0.0274096
11.3568 3.30786 0.0980461 -18.2184 0.027355
11.3792 3.31005 0.0979306 -18.2263 0.0273007
11.4016 3.31224 0.0978155 -18.2343 0.0272465
11.424 3.31443 0.0977007 -18.2422 0.0271925
11.4464 3.31662 0.0975864 -18.2501 0.0271387
11.4688 3.3188 0.0974723 -18.258 0.0270852
11.4912 3.32099 0.0973587 -18.2659 0.0270318
11.5136 3.32317 0.0972454 -18.2738 0.0269787
11.536 3.32534 0.0971324 -18.2816 0.0269257
11.5584 3.32752 0.0970199 -18.2895 0.026873
11.5808 3.32969 0.0969077 -18.2973 0.0268204
11.6032 3.33186 0.0967958 -18.3051 0.0267681
11.6256 3.33403 0.0966843 -18.3129 0.0267159
11.648 3.33619 0.0965731 -18.3207 0.0266639
11.6704 3.33835 0.0964623 -18.3285 0.0266122
11.6928 3.34051 0.0963519 -18.3363 0.0265606
11.7152 3.34267 0.0962418 -18.344 0.0265092
11.7376 3.34482 0.096132 -18.3517 0.026458
11.76 3.34698 0.0960226 -18.3595 0.026407
11.7824 3.34913 0.0959135 -18.3672 0.0263562
11.8048 3.35127 0.0958048 -18.3749 0.0263055
11.8272 3.35342 0.0956964 -18.3825 0.0262551
11.8496 3.35556 0.0955883 -18.3902 0.0262048
11.872 3.3577 0.0954806 -18.3978 0.0261548
11.8944 3.35984 0.0953732 -18.4055 0.0261049
11.9168 3.36197 0.0952662 -18.4131 0.0260552
11.9392 3.3641 0.0951594 -18.4207 0.0260056
11.9616 3.36624 0.0950531 -18.4283 0.0259563
11.984 3.36836 0.094947 -18.4359 0.0259071
12.0064 3.37049 0.0948412 -18.4435 0.0258581
12.0288 3.37261 0.0947358 -18.451 0.0258093
12.0512 3.37473 0.0946307 -18.4586 0.0257607
12.0736 3.37685 0.0945259 -18.4661 0.0257122
12.096 3.37897 0.0944215 -18.4736 0.025664
12.1184 3.38108 0.0943173 -18.4811 0.0256158
12.1408 3.38319 0.0942135 -18.4886 0.0255679
12.1632 3.3853 0.09411 -18.4961 0.0255202
12.1856 3.38741 0.0940068 -18.5036 0.0254726
12.208 3.38951 0.0939039 -18.511 0.0254251
12.2304 3.39162 0.0938014 -18.5185 0.0253779
12.2528 3.39372 0.0936991 -18.5259 0.0253308
12.2752 3.39581 0.0935971 -18.5333 0.0252839
12.2976 3.39791 0.0934955 -18.5407 0.0252371
12.32 3.4 0.0933941 -18.5481 0.0251906
12.3424 3.40209 0.0932931 -18.5555 0.0251441
12.3648 3.40418 0.0931923 -18.5628 0.0250979
12.3872 3.40627 0.0930919 -18.5702 0.0250518
12.4096 3.40835 0.0929918 -18.5775 0.0250059
12.432 3.41043 0.0928919 -18.5849 0.0249601
12.4544 3.41251 0.0927924 -18.5922 0.0249145
12.4768 3.41459 0.0926931 -18.5995 0.024869
12.4992 3.41667 0.0925941 -18.6068 0.0248238
12.5216 3.41874 0.0924955 -18.614 0.0247786
12.544 3.42081 0.0923971 -18.6213 0.0247336
12.5664 3.42288 0.092299 -18.6286 0.0246888
12.5888 3.42495 0.0922012 -18.6358 0.0246442
12.6112 3.42701 0.0921037 -18.643 0.0245997
12.6336 3.42907 0.0920064 -18.6503 0.0245553
12.656 3.43113 0.0919095 -18.6575 0.0245111
12.6784 3.43319 0.0918128 -18.6647 0.0244671
12.7008 3.43525 0.0917164 -18.6718 0.0244232
12.7232 3.4373 0.0916203 -18.679 0.0243794
12.7456 3.43935 0.0915245 -18.6862 0.0243358
12.768 3.4414 0.091429 -18.6933 0.0242924
12.7904 3.44345 0.0913337 -18.7005 0.0242491
12.8128 3.44549 0.0912387 -18.7076 0.0242059
12.8352 3.44753 0.091144 -18.7147 0.0241629
12.8576 3.44957 0.0910495 -18.7218 0.0241201
12.88 3.45161 0.0909553 -18.7289 0.0240774
12.9024 3.45365 0.0908614 -18.736 0.0240348
12.9248 3.45568 0.0907678 -18.743 0.0239924
12.9472 3.45771 0.0906744 -18.7501 0.0239501
12.9696 3.45974 0.0905813 -18.7571 0.023908
12.992 3.46177 0.0904884 -18.7642 0.023866
13.0144 3.4638 0.0903958 -18.7712 0.0238241
13.0368 3.46582 0.0903035 -18.7782 0.0237824
13.0592 3.46784 0.0902115 -18.7852 0.0237408
13.0816 3.46986 0.0901197 -18.7922 0.0236994
13.104 3.47188 0.0900281 -18.7992 0.0236581
13.1264 3.4739 0.0899369 -18.8061 0.0236169
13.1488 3.47591 0.0898458 -18.8131 0.0235759
13.1712 3.47792 0.0897551 -18.82 0.023535
13.1936 3.47993 0.0896645 -18.8269 0.0234943
13.216 3.48194 0.0895743 -18.8339 0.0234537
13.2384 3.48394 0.0894843 -18.8408 0.0234132
13.2608 3.48595 0.0893945 -18.8477 0.0233728
13.2832 3.48795 0.089305 -18.8546 0.0233326
13.3056 3.48995 0.0892158 -18.8614 0.0232926
13.328 3.49195 0.0891267 -18.8683 0.0232526
13.3504 3.49394 0.089038 -18.8752 0.0232128
13.3728 3.49594 0.0889495 -18.882 0.0231731
13.3952 3.49793 0.0888612 -18.8888 0.0231335
13.4176 3.49992 0.0887732 -18.8957 0.0230941
13.44 3.5019 0.0886854 -18.9025 0.0230548
13.4624 3.50389 0.0885978 -18.9093 0.0230156
13.4848 3.50587 0.0885105 -18.9161 0.0229766
13.5072 3.50785 0.0884235 -18.9229 0.0229377
13.5296 3.50983 0.0883366 -18.9296 0.0228989
13.552 3.51181 0.08825 -18.9364 0.0228602
13.5744 3.51379 0.0881637 -18.9431 0.0228217
13.5968 3.51576 0.0880776 -18.9499 0.0227833
13.6192 3.51773 0.0879917 -18.9566 0.022745
13.6416 3.5197 0.087906 -18.9633 0.0227068
13.664 3.52167 0.0878206 -18.97 0.0226687
13.6864 3.52364 0.0877354 -18.9767 0.0226308
13.7088 3.5256 0.0876505 -18.9834 0.022593
13.7312 3.52757 0.0875657 -18.9901 0.0225553
13.7536 3.52953 0.0874812 -18.9968 0.0225177
13.776 3.53148 0.087397 -19.0034 0.0224803
13.7984 3.53344 0.0873129 -19.0101 0.022443
13.8208 3.5354 0.0872291 -19.0167 0.0224058
13.8432 3.53735 0.0871455 -19.0233 0.0223687
13.8656 3.5393 0.0870621 -19.0299 0.0223317
13.888 3.54125 0.086979 -19.0366 0.0222948
13.9104 3.5432 0.086896 -19.0432 0.0222581
13.9328 3.54514 0.0868133 -19.0497 0.0222215
13.9552 3.54709 0.0867308 -19.0563 0.022185
13.9776 3.54903 0.0866486 -19.0629 0.0221486
14 3.55097 0.0865665 -19.0694 0.0221123
14.0224 3.55291 0.0864847 -19.076 0.0220761
14.0448 3.55484 0.0864031 -19.0825 0.0220401
14.0672 3.55678 0.0863216 -19.0891 0.0220041
14.0896 3.55871 0.0862405 -19.0956 0.0219683
14.112 3.56064 0.0861595 -19.1021 0.0219326
14.1344 3.56257 0.0860787 -19.1086 0.021897
14.1568 3.5645 0.0859982 -19.1151 0.0218615
14.1792 3.56642 0.0859178 -19.1216 0.0218261
14.2016 3.56835 0.0858377 -19.128 0.0217908
14.224 3.57027 0.0857578 -19.1345 0.0217556
14.2464 3.57219 0.085678 -19.1409 0.0217205
14.2688 3.57411 0.0855985 -19.1474 0.0216856
14.2912 3.57602 0.0855192 -19.1538 0.0216507
14.3136 3.57794 0.0854401 -19.1602 0.021616
14.336 3.57985 0.0853612 -19.1667 0.0215814
14.3584 3.58176 0.0852826 -19.1731 0.0215468
14.3808 3.58367 0.0852041 -19.1795 0.0215124
14.4032 3.58558 0.0851258 -19.1858 0.0214781
14.4256 3.58748 0.0850477 -19.1922 0.0214439
14.448 3.58939 0.0849698 -19.1986 0.0214098
14.4704 3.59129 0.0848921 -19.2049 0.0213758
14.4928 3.59319 0.0848147 -19.2113 0.0213419
14.5152 3.59509 0.0847374 -19.2176 0.0213081
14.5376 3.59699 0.0846603 -19.224 0.0212744
14.56 3.59888 0.0845834 -19.2303 0.0212408
14.5824 3.60078 0.0845067 -19.2366 0.0212073
14.6048 3.60267 0.0844302 -19.2429 0.0211739
14.6272 3.60456 0.0843539 -19.2492 0.0211406
14.6496 3.60645 0.0842778 -19.2555 0.0211074
14.672 3.60834 0.0842019 -19.2618 0.0210743
14.6944 3.61022 0.0841261 -19.268 0.0210413
14.7168 3.6121 0.0840506 -19.2743 0.0210084
14.7392 3.61399 0.0839753 -19.2805 0.0209756
14.7616 3.61587 0.0839001 -19.2868 0.0209429
14.784 3.61775 0.0838251 -19.293 0.0209103
14.8064 3.61962 0.0837504 -19.2992 0.0208777
14.8288 3.6215 0.0836758 -19.3055 0.0208453
14.8512 3.62337 0.0836014 -19.3117 0.020813
14.8736 3.62524 0.0835271 -19.3179 0.0207808
14.896 3.62711 0.0834531 -19.3241 0.0207487
14.9184 3.62898 0.0833793 -19.3302 0.0207166
14.9408 3.63085 0.0833056 -19.3364 0.0206847
14.9632 3.63271 0.0832321 -19.3426 0.0206528
14.9856 3.63458 0.0831588 -19.3487 0.0206211
15.008 3.63644 0.0830857 -19.3549 0.0205894
15.0304 3.6383 0.0830127 -19.361 0.0205579
15.0528 3.64016 0.08294 -19.3671 0.0205264
15.0752 3.64202 0.0828674 -19.3733 0.020495
15.0976 3.64387 0.082795 -19.3794 0.0204637
15.12 3.64572 0.0827228 -19.3855 0.0204325
15.1424 3.64758 0.0826507 -19.3916 0.0204014
15.1648 3.64943 0.0825789 -19.3977 0.0203704
15.1872 3.65128 0.0825072 -19.4037 0.0203394
15.2096 3.65312 0.0824357 -19.4098 0.0203086
15.232 3.65497 0.0823643 -19.4159 0.0202778
15.2544 3.65681 0.0822931 -19.4219 0.0202472
15.2768 3.65866 0.0822222 -19.428 0.0202166
15.2992 3.6605 0.0821513 -19.434 0.0201861
15.3216 3.66234 0.0820807 -19.44 0.0201557
15.344 3.66417 0.0820102 -19.446 0.0201254
15.3664 3.66601 0.0819399 -19.4521 0.0200952
15.3888 3.66784 0.0818697 -19.4581 0.020065
15.4112 3.66968 0.0817998 -19.4641 0.020035
15.4336 3.67151 0.08173 -19.47 0.020005
15.456 3.67334 0.0816603 -19.476 0.0199751
15.4784 3.67517 0.0815909 -19.482 0.0199453
15.5008 3.67699 0.0815216 -19.488 0.0199156
15.5232 3.67882 0.0814524 -19.4939 0.019886
15.5456 3.68064 0.0813835 -19.4999 0.0198564
15.568 3.68247 0.0813147 -19.5058 0.019827
15.5904 3.68429 0.081246 -19.5117 0.0197976
15.6128 3.68611 0.0811776 -19.5177 0.0197683
15.6352 3.68792 0.0811092 -19.5236 0.0197391
15.6576 3.68974 0.0810411 -19.5295 0.01971
15.68 3.69155 0.0809731 -19.5354 0.0196809
15.7024 3.69337 0.0809053 -19.5413 0.0196519
15.7248 3.69518 0.0808376 -19.5472 0.019623
15.7472 3.69699 0.0807701 -19.553 0.0195942
15.7696 3.6988 0.0807028 -19.5589 0.0195655
15.792 3.7006 0.0806356 -19.5648 0.0195369
15.8144 3.70241 0.0805685 -19.5706 0.0195083
15.8368 3.70421 0.0805017 -19.5765 0.0194798
15.8592 3.70602 0.080435 -19.5823 0.0194514
15.8816 3.70782 0.0803684 -19.5881 0.0194231
15.904 3.70962 0.080302 -19.594 0.0193948
15.9264 3.71141 0.0802357 -19.5998 0.0193666
15.9488 3.71321 0.0801696 -19.6056 0.0193385
15.9712 3.71501 0.0801037 -19.6114 0.0193105
15.9936 3.7168 0.0800379 -19.6172 0.0192826
16.016 3.71859 0.0799723 -19.623 0.0192547
16.0384 3.72038 0.0799068 -19.6287 0.0192269
16.0608 3.72217 0.0798415 -19.6345 0.0191992
16.0832 3.72396 0.0797763 -19.6403 0.0191716
16.1056 3.72575 0.0797113 -19.646 0.019144
16.128 3.72753 0.0796464 -19.6518 0.0191165
16.1504 3.72931 0.0795817 -19.6575 0.0190891
16.1728 3.7311 0.0795171 -19.6632 0.0190618
16.1952 3.73288 0.0794527 -19.669 0.0190345
16.2176 3.73466 0.0793884 -19.6747 0.0190073
16.24 3.73643 0.0793243 -19.6804 0.0189802
16.2624 3.73821 0.0792603 -19.6861 0.0189532
16.2848 3.73998 0.0791964 -19.6918 0.0189262
16.3072 3.74176 0.0791327 -19.6975 0.0188993
16.3296 3.74353 0.0790692 -19.7032 0.0188725
16.352 3.7453 0.0790058 -19.7088 0.0188457
16.3744 3.74707 0.0789425 -19.7145 0.018819
16.3968 3.74884 0.0788794 -19.7202 0.0187924
16.4192 3.7506 0.0788164 -19.7258 0.0187659
16.4416 3.75237 0.0787536 -19.7315 0.0187394
16.464 3.75413 0.0786909 -19.7371 0.018713
16.4864 3.75589 0.0786284 -19.7427 0.0186867
16.5088 3.75765 0.078566 -19.7484 0.0186605
16.5312 3.75941 0.0785037 -19.754 0.0186343
16.5536 3.76117 0.0784416 -19.7596 0.0186082
16.576 3.76293 0.0783796 -19.7652 0.0185821
16.5984 3.76468 0.0783178 -19.7708 0.0185561
16.6208 3.76643 0.0782561 -19.7764 0.0185302
16.6432 3.76819 0.0781945 -19.7819 0.0185044
16.6656 3.76994 0.0781331 -19.7875 0.0184786
16.688 3.77169 0.0780718 -19.7931 0.0184529
16.7104 3.77344 0.0780106 -19.7987 0.0184273
16.7328 3.77518 0.0779496 -19.8042 0.0184017
16.7552 3.77693 0.0778887 -19.8098 0.0183762
16.7776 3.77867 0.077828 -19.8153 0.0183508
16.8 3.78041 0.0777673 -19.8208 0.0183254
16.8224 3.78216 0.0777069 -19.8264 0.0183001
16.8448 3.7839 0.0776465 -19.8319 0.0182749
16.8672 3.78563 0.0775863 -19.8374 0.0182497
16.8896 3.78737 0.0775262 -19.8429 0.0182246
16.912 3.78911 0.0774663 -19.8484 0.0181996
16.9344 3.79084 0.0774065 -19.8539 0.0181746
16.9568 3.79258 0.0773468 -19.8594 0.0181497
16.9792 3.79431 0.0772872 -19.8648 0.0181249
17.0016 3.79604 0.0772278 -19.8703 0.0181001
17.024 3.79777 0.0771685 -19.8758 0.0180754
17.0464 3.79949 0.0771094 -19.8812 0.0180507
17.0688 3.80122 0.0770503 -19.8867 0.0180261
17.0912 3.80295 0.0769914 -19.8921 0.0180016
17.1136 3.80467 0.0769327 -19.8976 0.0179771
17.136 3.80639 0.076874 -19.903 0.0179527
17.1584 3.80811 0.0768155 -19.9084 0.0179284
17.1808 3.80983 0.0767571 -19.9139 0.0179041
17.2032 3.81155 0.0766989 -19.9193 0.0178799
17.2256 3.81327 0.0766407 -19.9247 0.0178558
17.248 3.81499 0.0765827 -19.9301 0.0178317
17.2704 3.8167 0.0765248 -19.9355 0.0178077
17.2928 3.81842 0.0764671 -19.9408 0.0177837
17.3152 3.82013 0.0764094 -19.9462 0.0177598
17.3376 3.82184 0.0763519 -19.9516 0.017736
17.36 3.82355 0.0762945 -19.957 0.0177122
17.3824 3.82526 0.0762373 -19.9623 0.0176885
17.4048 3.82696 0.0761801 -19.9677 0.0176648
17.4272 3.82867 0.0761231 -19.973 0.0176412
17.4496 3.83037 0.0760662 -19.9784 0.0176177
17.472 3.83208 0.0760094 -19.9837 0.0175942
17.4944 3.83378 0.0759528 -19.989 0.0175708
17.5168 3.83548 0.0758962 -19.9944 0.0175474
17.5392 3.83718 0.0758398 -19.9997 0.0175241
17.5616 3.83888 0.0757835 -20.005 0.0175008
17.584 3.84057 0.0757274 -20.0103 0.0174777
17.6064 3.84227 0.0756713 -20.0156 0.0174545
17.6288 3.84396 0.0756154 -20.0209 0.0174315
17.6512 3.84566 0.0755596 -20.0262 0.0174084
17.6736 3.84735 0.0755039 -20.0314 0.0173855
17.696 3.84904 0.0754483 -20.0367 0.0173626
17.7184 3.85073 0.0753928 -20.042 0.0173397
17.7408 3.85242 0.0753375 -20.0472 0.017317
17.7632 3.8541 0.0752822 -20.0525 0.0172942
17.7856 3.85579 0.0752271 -20.0577 0.0172716
17.808 3.85747 0.0751721 -20.063 0.0172489
17.8304 3.85916 0.0751172 -20.0682 0.0172264
17.8528 3.86084 0.0750625 -20.0734 0.0172039
17.8752 3.86252 0.0750078 -20.0787 0.0171814
17.8976 3.8642 0.0749533 -20.0839 0.017159
17.92 3.86588 0.0748988 -20.0891 0.0171367
17.9424 3.86756 0.0748445 -20.0943 0.0171144
17.9648 3.86923 0.0747903 -20.0995 0.0170922
17.9872 3.87091 0.0747362 -20.1047 0.01707
18.0096 3.87258 0.0746823 -20.1099 0.0170479
18.032 3.87425 0.0746284 -20.1151 0.0170258
18.0544 3.87592 0.0745747 -20.1202 0.0170038
18.0768 3.87759 0.074521 -20.1254 0.0169818
18.0992 3.87926 0.0744675 -20.1306 0.0169599
18.1216 3.88093 0.0744141 -20.1357 0.0169381
18.144 3.8826 0.0743608 -20.1409 0.0169163
18.1664 3.88426 0.0743076 -20.146 0.0168945
18.1888 3.88592 0.0742545 -20.1512 0.0168728
18.2112 3.88759 0.0742015 -20.1563 0.0168512
18.2336 3.88925 0.0741486 -20.1614 0.0168296
18.256 3.89091 0.0740958 -20.1665 0.0168081
18.2784 3.89257 0.0740432 -20.1717 0.0167866
18.3008 3.89423 0.0739906 -20.1768 0.0167652
18.3232 3.89588 0.0739382 -20.1819 0.0167438
18.3456 3.89754 0.0738859 -20.187 0.0167225
18.368 3.89919 0.0738336 -20.1921 0.0167012
18.3904 3.90085 0.0737815 -20.1972 0.01668
18.4128 3.9025 0.0737295 -20.2022 0.0166588
18.4352 3.90415 0.0736776 -20.2073 0.0166377
18.4576 3.9058 0.0736258 -20.2124 0.0166166
18.48 3.90745 0.0735741 -20.2174 0.0165956
18.5024 3.9091 0.0735225 -20.2225 0.0165746
18.5248 3.91074 0.073471 -20.2276 0.0165537
18.5472 3.91239 0.0734196 -20.2326 0.0165328
18.5696 3.91403 0.0733683 -20.2376 0.016512
18.592 3.91567 0.0733172 -20.2427 0.0164912
18.6144 3.91732 0.0732661 -20.2477 0.0164705
18.6368 3.91896 0.0732151 -20.2527 0.0164498
18.6592 3.9206 0.0731642 -20.2578 0.0164292
18.6816 3.92223 0.0731135 -20.2628 0.0164086
18.704 3.92387 0.0730628 -20.2678 0.016388
18.7264 3.92551 0.0730122 -20.2728 0.0163676
18.7488 3.92714 0.0729618 -20.2778 0.0163471
18.7712 3.92878 0.0729114 -20.2828 0.0163267
18.7936 3.93041 0.0728611 -20.2878 0.0163064
18.816 3.93204 0.072811 -20.2927 0.0162861
18.8384 3.93367 0.0727609 -20.2977 0.0162659
18.8608 3.9353 0.0727109 -20.3027 0.0162457
18.8832 3.93693 0.0726611 -20.3076 0.0162255
18.9056 3.93855 0.0726113 -20.3126 0.0162054
18.928 3.94018 0.0725616 -20.3176 0.0161854
18.9504 3.94181 0.0725121 -20.3225 0.0161654
18.9728 3.94343 0.0724626 -20.3274 0.0161454
18.9952 3.94505 0.0724132 -20.3324 0.0161255
19.0176 3.94667 0.0723639 -20.3373 0.0161056
19.04 3.94829 0.0723148 -20.3422 0.0160858
19.0624 3.94991 0.0722657 -20.3472 0.016066
19.0848 3.95153 0.0722167 -20.3521 0.0160463
19.1072 3.95315 0.0721678 -20.357 0.0160266
19.1296 3.95476 0.072119 -20.3619 0.016007
19.152 3.95638 0.0720703 -20.3668 0.0159874
19.1744 3.95799 0.0720217 -20.3717 0.0159678
19.1968 3.95961 0.0719732 -20.3766 0.0159483
19.2192 3.96122 0.0719248 -20.3814 0.0159289
19.2416 3.96283 0.0718764 -20.3863 0.0159095
19.264 3.96444 0.0718282 -20.3912 0.0158901
19.2864 3.96605 0.0717801 -20.3961 0.0158708
19.3088 3.96765 0.071732 -20.4009 0.0158515
19.3312 3.96926 0.0716841 -20.4058 0.0158322
19.3536 3.97086 0.0716362 -20.4106 0.0158131
19.376 3.97247 0.0715885 -20.4155 0.0157939
19.3984 3.97407 0.0715408 -20.4203 0.0157748
19.4208 3.97567 0.0714932 -20.4252 0.0157557
19.4432 3.97728 0.0714457 -20.43 0.0157367
19.4656 3.97887 0.0713983 -20.4348 0.0157177
19.488 3.98047 0.071351 -20.4396 0.0156988
19.5104 3.98207 0.0713038 -20.4445 0.0156799
19.5328 3.98367 0.0712567 -20.4493 0.0156611
19.5552 3.98526 0.0712097 -20.4541 0.0156423
19.5776 3.98686 0.0711627 -20.4589 0.0156235
19.6 3.98845 0.0711159 -20.4637 0.0156048
19.6224 3.99004 0.0710691 -20.4685 0.0155861
19.6448 3.99164 0.0710224 -20.4732 0.0155675
19.6672 3.99323 0.0709758 -20.478 0.0155489
19.6896 3.99482 0.0709293 -20.4828 0.0155303
19.712 3.9964 0.0708829 -20.4876 0.0155118
19.7344 3.99799 0.0708366 -20.4923 0.0154934
19.7568 3.99958 0.0707904 -20.4971 0.0154749
19.7792 4.00116 0.0707442 -20.5019 0.0154565
19.8016 4.00275 0.0706982 -20.5066 0.0154382
19.824 4.00433 0.0706522 -20.5113 0.0154199
19.8464 4.00591 0.0706063 -20.5161 0.0154016
19.8688 4.00749 0.0705605 -20.5208 0.0153834
19.8912 4.00907 0.0705148 -20.5256 0.0153652
19.9136 4.01065 0.0704692 -20.5303 0.0153471
19.936 4.01223 0.0704237 -20.535 0.015329
19.9584 4.01381 0.0703782 -20.5397 0.0153109
19.9808 4.01538 0.0703329 -20.5444 0.0152929
20.0032 4.01696 0.0702876 -20.5491 0.0152749
20.0256 4.01853 0.0702424 -20.5538 0.015257
20.048 4.0201 0.0701973 -20.5585 0.0152391
20.0704 4.02168 0.0701522 -20.5632 0.0152212
20.0928 4.02325 0.0701073 -20.5679 0.0152034
20.1152 4.02482 0.0700624 -20.5726 0.0151856
20.1376 4.02639 0.0700177 -20.5773 0.0151679
20.16 4.02795 0.069973 -20.5819 0.0151502
20.1824 4.02952 0.0699284 -20.5866 0.0151325
20.2048 4.03109 0.0698838 -20.5913 0.0151149
20.2272 4.03265 0.0698394 -20.5959 0.0150973
20.2496 4.03422 0.069795 -20.6006 0.0150797
20.272 4.03578 0.0697507 -20.6052 0.0150622
20.2944 4.03734 0.0697065 -20.6099 0.0150447
20.3168 4.0389 0.0696624 -20.6145 0.0150273
20.3392 4.04046 0.0696184 -20.6191 0.0150099
20.3616 4.04202 0.0695744 -20.6238 0.0149925
20.384 4.04358 0.0695306 -20.6284 0.0149752
20.4064 4.04514 0.0694868 -20.633 0.0149579
20.4288 4.04669 0.0694431 -20.6376 0.0149407
20.4512 4.04825 0.0693994 -20.6422 0.0149235
20.4736 4.0498 0.0693559 -20.6468 0.0149063
20.496 4.05135 0.0693124 -20.6514 0.0148892
20.5184 4.05291 0.069269 -20.656 0.0148721
20.5408 4.05446 0.0692257 -20.6606 0.014855
20.5632 4.05601 0.0691825 -20.6652 0.014838
20.5856 4.05756 0.0691393 -20.6698 0.014821
20.608 4.0591 0.0690962 -20.6744 0.014804
20.6304 4.06065 0.0690532 -20.679 0.0147871
20.6528 4.0622 0.0690103 -20.6835 0.0147702
20.6752 4.06374 0.0689675 -20.6881 0.0147534
20.6976 4.06529 0.0689247 -20.6927 0.0147366
20.72 4.06683 0.068882 -20.6972 0.0147198
20.7424 4.06837 0.0688394 -20.7018 0.0147031
20.7648 4.06992 0.0687969 -20.7063 0.0146864
20.7872 4.07146 0.0687544 -20.7108 0.0146697
20.8096 4.073 0.0687121 -20.7154 0.0146531
20.832 4.07453 0.0686698 -20.7199 0.0146365
20.8544 4.07607 0.0686275 -20.7244 0.0146199
20.8768 4.07761 0.0685854 -20.729 0.0146034
20.8992 4.07914 0.0685433 -20.7335 0.0145869
20.9216 4.08068 0.0685013 -20.738 0.0145705
20.944 4.08221 0.0684594 -20.7425 0.014554
20.9664 4.08375 0.0684175 -20.747 0.0145377
20.9888 4.08528 0.0683758 -20.7515 0.0145213
21.0112 4.08681 0.0683341 -20.756 0.014505
21.0336 4.08834 0.0682925 -20.7605 0.0144887
21.056 4.08987 0.0682509 -20.765 0.0144725
21.0784 4.0914 0.0682094 -20.7695 0.0144562
21.1008 4.09292 0.068168 -20.774 0.0144401
21.1232 4.09445 0.0681267 -20.7784 0.0144239
21.1456 4.09598 0.0680854 -20.7829 0.0144078
21.168 4.0975 0.0680443 -20.7874 0.0143917
21.1904 4.09903 0.0680032 -20.7918 0.0143757
21.2128 4.10055 0.0679621 -20.7963 0.0143597
21.2352 4.10207 0.0679212 -20.8007 0.0143437
21.2576 4.10359 0.0678803 -20.8052 0.0143278
21.28 4.10511 0.0678394 -20.8096 0.0143119
21.3024 4.10663 0.0677987 -20.8141 0.014296
21.3248 4.10815 0.067758 -20.8185 0.0142801
21.3472 4.10967 0.0677174 -20.8229 0.0142643
21.3696 4.11118 0.0676769 -20.8274 0.0142485
21.392 4.1127 0.0676364 -20.8318 0.0142328
21.4144 4.11421 0.067596 -20.8362 0.0142171
21.4368 4.11573 0.0675557 -20.8406 0.0142014
21.4592 4.11724 0.0675155 -20.845 0.0141858
21.4816 4.11875 0.0674753 -20.8494 0.0141701
21.504 4.12026 0.0674352 -20.8538 0.0141546
21.5264 4.12177 0.0673952 -20.8582 0.014139
21.5488 4.12328 0.0673552 -20.8626 0.0141235
21.5712 4.12479 0.0673153 -20.867 0.014108
21.5936 4.1263 0.0672755 -20.8714 0.0140925
21.616 4.1278 0.0672357 -20.8758 0.0140771
21.6384 4.12931 0.067196 -20.8802 0.0140617
21.6608 4.13081 0.0671564 -20.8845 0.0140464
21.6832 4.13232 0.0671169 -20.8889 0.014031
21.7056 4.13382 0.0670774 -20.8933 0.0140157
21.728 4.13532 0.067038 -20.8976 0.0140005
21.7504 4.13682 0.0669986 -20.902 0.0139852
21.7728 4.13832 0.0669593 -20.9063 0.01397
21.7952 4.13982 0.0669201 -20.9107 0.0139548
21.8176 4.14132 0.066881 -20.915 0.0139397
21.84 4.14282 0.0668419 -20.9194 0.0139246
21.8624 4.14432 0.0668029 -20.9237 0.0139095
21.8848 4.14581 0.066764 -20.928 0.0138945
21.9072 4.14731 0.0667251 -20.9324 0.0138794
21.9296 4.1488 0.0666863 -20.9367 0.0138644
21.952 4.1503 0.0666475 -20.941 0.0138495
21.9744 4.15179 0.0666089 -20.9453 0.0138345
21.9968 4.15328 0.0665702 -20.9496 0.0138196
22.0192 4.15477 0.0665317 -20.9539 0.0138048
22.0416 4.15626 0.0664932 -20.9582 0.0137899
22.064 4.15775 0.0664548 -20.9625 0.0137751
22.0864 4.15924 0.0664165 -20.9668 0.0137603
22.1088 4.16072 0.0663782 -20.9711 0.0137456
22.1312 4.16221 0.06634 -20.9754 0.0137309
22.1536 4.1637 0.0663018 -20.9797 0.0137162
22.176 4.16518 0.0662637 -20.984 0.0137015
22.1984 4.16667 0.0662257 -20.9882 0.0136869
22.2208 4.16815 0.0661878 -20.9925 0.0136723
22.2432 4.16963 0.0661499 -20.9968 0.0136577
22.2656 4.17111 0.066112 -21.001 0.0136432
22.288 4.17259 0.0660743 -21.0053 0.0136286
22.3104 4.17407 0.0660366 -21.0095 0.0136142
22.3328 4.17555 0.0659989 -21.0138 0.0135997
22.3552 4.17703 0.0659614 -21.018 0.0135853
22.3776 4.17851 0.0659239 -21.0223 0.0135709
22.4 4.17998 0.0658864 -21.0265 0.0135565
