-2.44 0.00734892 0.000202832 23.462 4.95668e-17
-2.4156 0.00736736 0.00130736 19.7273 8.62663e-14
-2.3912 0.00741268 0.00240744 18.4914 1.00294e-12
-2.3668 0.00748482 0.003505 17.7207 4.55131e-12
-2.3424 0.00758374 0.00460359 17.1521 1.36433e-11
-2.318 0.00770952 0.00570745 16.6957 3.23523e-11
-2.2936 0.00786234 0.00682113 16.3099 6.59847e-11
-2.2692 0.00804251 0.00794931 15.972 1.2118e-10
-2.2448 0.00825042 0.0090967 15.6683 2.06044e-10
-2.2204 0.00848662 0.0102681 15.3899 3.30331e-10
-2.196 0.00875174 0.0114681 15.1309 5.05671e-10
-2.1716 0.00904653 0.0127016 14.8869 7.45865e-10
-2.1472 0.00937189 0.0139733 14.6547 1.06725e-09
-2.1228 0.00972878 0.015288 14.4321 1.48914e-09
-2.0984 0.0101183 0.0166506 14.2172 2.0344e-09
-2.074 0.0105418 0.0180661 14.0086 2.73007e-09
-2.0496 0.0110004 0.0195395 13.8053 3.60821e-09
-2.0252 0.0114958 0.0210761 13.6063 4.70681e-09
-2.0008 0.0120295 0.0226813 13.411 6.07097e-09
-1.9764 0.0126032 0.0243606 13.2188 7.75423e-09
-1.952 0.0132189 0.0261199 13.0291 9.82021e-09
-1.9276 0.0138786 0.0279652 12.8417 1.23445e-08
-1.9032 0.0145844 0.0299028 12.6562 1.54171e-08
-1.8788 0.0153387 0.0319393 12.4722 1.9145e-08
-1.8544 0.0161439 0.0340816 12.2897 2.36552e-08
-1.83 0.0170028 0.036337 12.1084 2.90991e-08
-1.8056 0.0179181 0.038713 11.9281 3.56568e-08
-1.7812 0.018893 0.0412178 11.7488 4.35423e-08
-1.7568 0.0199307 0.0438597 11.5702 5.30103e-08
-1.7324 0.0210345 0.0466477 11.3923 6.43639e-08
-1.708 0.0222083 0.0495912 11.215 7.79633e-08
-1.6836 0.0234559 0.0527002 11.0382 9.42372e-08
-1.6592 0.0247815 0.0559851 10.8619 1.13695e-07
-1.6348 0.0261895 0.059457 10.686 1.36944e-07
-1.6104 0.0276847 0.0631276 10.5104 1.64705e-07
-1.586 0.0292719 0.0670095 10.3352 1.97834e-07
-1.5616 0.0309565 0.0711158 10.1602 2.37352e-07
-1.5372 0.0327443 0.0754603 9.98542 2.84472e-07
-1.5128 0.0346411 0.0800578 9.81086 3.40634e-07
-1.4884 0.0366533 0.0849241 9.63648 4.07555e-07
-1.464 0.0387877 0.0900756 9.46226 4.87272e-07
-1.4396 0.0410514 0.0955299 9.28817 5.8221e-07
-1.4152 0.0434521 0.101306 9.1142 6.95251e-07
-1.3908 0.0459979 0.107423 8.94032 8.29824e-07
-1.3664 0.0486973 0.113902 8.76653 9.90005e-07
-1.342 0.0515595 0.120767 8.59281 1.18064e-06
-1.3176 0.0545941 0.128039 8.41915 1.40749e-06
-1.2932 0.0578113 0.135745 8.24554 1.67742e-06
-1.2688 0.0612222 0.143911 8.07197 1.99857e-06
-1.2444 0.0648381 0.152565 7.89842 2.38063e-06
-1.22 0.0686716 0.161738 7.7249 2.83514e-06
-1.1956 0.0727355 0.171462 7.55139 3.3758e-06
-1.1712 0.0770437 0.181771 7.37788 4.01892e-06
-1.1468 0.0816109 0.192702 7.20437 4.78389e-06
-1.1224 0.0864529 0.204292 7.03086 5.69378e-06
-1.098 0.0915861 0.216583 6.85733 6.77601e-06
-1.0736 0.0970282 0.229619 6.68378 8.06324e-06
-1.0492 0.102798 0.243447 6.51021 9.59427e-06
-1.0248 0.108915 0.258115 6.33661 1.14153e-05
-1.0004 0.115401 0.273678 6.16297 1.35813e-05
-0.976 0.122278 0.290192 5.98929 1.61575e-05
-0.9516 0.129571 0.307716 5.81556 1.92219e-05
-0.9272 0.137304 0.326316 5.64178 2.28668e-05
-0.9028 0.145504 0.346058 5.46794 2.72025e-05
-0.8784 0.154201 0.367018 5.29404 3.23599e-05
-0.854 0.163425 0.389272 5.12007 3.84948e-05
-0.8296 0.173209 0.412903 4.94603 4.57925e-05
-0.8052 0.183587 0.438 4.7719 5.44736e-05
-0.7808 0.194596 0.464656 4.59768 6.48002e-05
-0.7564 0.206276 0.492972 4.42336 7.70835e-05
-0.732 0.218667 0.523053 4.24894 9.16933e-05
-0.7076 0.231816 0.555011 4.07441 0.000109068
-0.6832 0.245768 0.588962 3.89975 0.000129726
-0.6588 0.260574 0.625028 3.72494 0.00015428
-0.6344 0.276288 0.663333 3.54999 0.00018345
-0.61 0.292964 0.704001 3.37486 0.000218077
-0.5856 0.310663 0.747154 3.19954 0.000259136
-0.5612 0.329447 0.792903 3.024 0.000307742
-0.5368 0.349379 0.841338 2.84819 0.000365147
-0.5124 0.370526 0.892514 2.67208 0.000432713
-0.488 0.392956 0.946426 2.49558 0.000511848
-0.4636 0.416733 1.00298 2.31863 0.000603881
-0.4392 0.44192 1.06192 2.14109 0.000709844
-0.4148 0.468571 1.12279 1.96283 0.000830099
-0.3904 0.496722 1.18478 1.78365 0.000963801
-0.366 0.526387 1.2466 1.60333 0.00110815
-0.3416 0.557539 1.30629 1.42163 0.00125758
-0.3172 0.590094 1.36099 1.23839 0.00140307
-0.2928 0.623884 1.40684 1.0537 0.00153229
-0.2684 0.658637 1.43914 0.868194 0.00163118
-0.244 0.693965 1.45321 0.683504 0.00168753
-0.2196 0.729381 1.44611 0.502531 0.00169556
-0.1952 0.764366 1.41839 0.32909 0.00165896
-0.1708 0.798465 1.37439 0.166763 0.00158932
-0.1464 0.831355 1.32035 0.0177314 0.00150088
-0.122 0.862864 1.26204 -0.117544 0.00140566
-0.0976 0.892942 1.20357 -0.239843 0.00131151
-0.0732 0.921616 1.1473 -0.350532 0.00122268
-0.0488 0.948958 1.09442 -0.451106 0.00114099
-0.0244 0.975055 1.04531 -0.542959 0.00106685
0 1 1 -0.627306 0.001
0.05 1.04789 0.918077 -0.780839 0.000883207
0.1 1.09202 0.848757 -0.913745 0.000788756
0.15 1.13294 0.789608 -1.0307 0.000711546
0.2 1.17111 0.738618 -1.13499 0.000647618
0.25 1.20691 0.69421 -1.229 0.000594011
0.3 1.24062 0.655163 -1.31451 0.000548526
0.35 1.2725 0.620534 -1.39287 0.000509516
0.4 1.30274 0.589582 -1.46513 0.000475734
0.45 1.33151 0.561724 -1.53213 0.000446224
0.5 1.35896 0.536495 -1.59454 0.000420246
0.55 1.3852 0.513517 -1.65293 0.000397216
0.6 1.41034 0.492486 -1.70773 0.000376671
0.65 1.43447 0.473147 -1.75935 0.000358236
0.7 1.45768 0.455291 -1.8081 0.00034161
0.75 1.48002 0.438742 -1.85427 0.000326543
0.8 1.50157 0.423352 -1.89809 0.000312831
0.85 1.52238 0.408995 -1.93977 0.000300301
0.9 1.54249 0.395561 -1.97948 0.000288811
0.95 1.56195 0.382959 -2.0174 0.000278238
1 1.5808 0.371107 -2.05366 0.000268478
1.05 1.59907 0.359935 -2.08838 0.000259443
1.1 1.6168 0.349381 -2.12168 0.000251057
1.15 1.63402 0.339391 -2.15365 0.000243253
1.2 1.65075 0.329918 -2.18438 0.000235974
1.25 1.66702 0.320919 -2.21396 0.00022917
1.3 1.68285 0.312356 -2.24245 0.000222797
1.35 1.69826 0.304195 -2.26993 0.000216815
1.4 1.71327 0.296406 -2.29645 0.000211192
1.45 1.7279 0.288962 -2.32207 0.000205895
1.5 1.74217 0.281839 -2.34684 0.000200898
1.55 1.75609 0.275013 -2.37081 0.000196178
1.6 1.76968 0.268466 -2.39401 0.000191711
1.65 1.78294 0.262178 -2.41649 0.00018748
1.7 1.7959 0.256133 -2.43828 0.000183465
1.75 1.80856 0.250316 -2.45942 0.000179652
1.8 1.82094 0.244712 -2.47994 0.000176026
1.85 1.83304 0.239309 -2.49986 0.000172574
1.9 1.84487 0.234096 -2.51922 0.000169284
1.95 1.85645 0.22906 -2.53803 0.000166145
2 1.86778 0.224193 -2.55633 0.000163148
2.05 1.87887 0.219484 -2.57414 0.000160283
2.1 1.88973 0.214926 -2.59146 0.000157543
2.15 1.90037 0.21051 -2.60834 0.000154919
2.2 1.91078 0.206228 -2.62477 0.000152405
2.25 1.92099 0.202075 -2.64079 0.000149994
2.3 1.93099 0.198044 -2.6564 0.00014768
2.35 1.9408 0.194127 -2.67162 0.000145459
2.4 1.95041 0.190321 -2.68646 0.000143323
2.45 1.95983 0.18662 -2.70095 0.00014127
2.5 1.96907 0.183018 -2.71508 0.000139295
2.55 1.97813 0.179512 -2.72888 0.000137393
2.6 1.98702 0.176096 -2.74235 0.00013556
2.65 1.99575 0.172768 -2.75551 0.000133794
2.7 2.0043 0.169522 -2.76836 0.000132091
2.75 2.0127 0.166356 -2.78092 0.000130447
2.8 2.02094 0.163265 -2.7932 0.000128861
2.85 2.02903 0.160248 -2.80519 0.000127329
2.9 2.03696 0.1573 -2.81692 0.000125848
2.95 2.04476 0.15442 -2.82839 0.000124417
3 2.05241 0.151603 -2.83961 0.000123033
3.05 2.05992 0.148849 -2.85058 0.000121694
3.1 2.06729 0.146153 -2.86131 0.000120398
3.15 2.07454 0.143515 -2.87182 0.000119144
3.2 2.08165 0.140931 -2.88209 0.000117929
3.25 2.08863 0.1384 -2.89215 0.000116752
3.3 2.09549 0.135919 -2.90199 0.000115611
3.35 2.10222 0.133487 -2.91163 0.000114505
3.4 2.10884 0.131103 -2.92106 0.000113432
3.45 2.11533 0.128763 -2.9303 0.000112391
3.5 2.12171 0.126468 -2.93934 0.000111382
3.55 2.12798 0.124214 -2.9482 0.000110402
3.6 2.13414 0.122001 -2.95687 0.00010945
3.65 2.14018 0.119828 -2.96537 0.000108527
3.7 2.14612 0.117692 -2.97368 0.000107629
3.75 2.15195 0.115593 -2.98183 0.000106758
3.8 2.15768 0.113529 -2.98981 0.000105911
3.85 2.1633 0.111499 -2.99763 0.000105088
3.9 2.16883 0.109502 -3.00529 0.000104287
3.95 2.17426 0.107538 -3.01279 0.000103509
4 2.17958 0.105604 -3.02014 0.000102753
4.05 2.18482 0.1037 -3.02734 0.000102017
4.1 2.18995 0.101824 -3.03439 0.000101302
4.15 2.195 0.0999772 -3.0413 0.000100605
4.2 2.19995 0.098157 -3.04806 9.99282e-05
4.25 2.20482 0.0963631 -3.05469 9.92691e-05
4.3 2.20959 0.0945945 -3.06119 9.86277e-05
4.35 2.21427 0.0928506 -3.06754 9.80035e-05
4.4 2.21887 0.0911304 -3.07377 9.73959e-05
4.45 2.22339 0.0894334 -3.07987 9.68044e-05
4.5 2.22782 0.0877587 -3.08585 9.62287e-05
4.55 2.23216 0.0861057 -3.0917 9.56682e-05
4.6 2.23643 0.0844737 -3.09743 9.51225e-05
4.65 2.24061 0.0828621 -3.10304 9.45912e-05
4.7 2.24472 0.0812703 -3.10853 9.40738e-05
4.75 2.24874 0.0796976 -3.11391 9.35702e-05
4.8 2.25269 0.0781435 -3.11917 9.30798e-05
4.85 2.25655 0.0766075 -3.12432 9.26023e-05
4.9 2.26035 0.0750889 -3.12936 9.21373e-05
4.95 2.26406 0.0735872 -3.13429 9.16847e-05
5 2.26771 0.072102 -3.13912 9.1244e-05
