-2.44 0.00734892 0.000202832 23.462 4.95668e-17
-2.43187 0.00735207 0.000571495 21.3886 3.1302e-15
-2.42373 0.00735822 0.000939695 20.3913 2.29472e-14
-2.4156 0.00736736 0.00130736 19.7273 8.62663e-14
-2.40747 0.00737948 0.00167451 19.228 2.33014e-13
-2.39933 0.00739459 0.00204117 18.827 5.1638e-13
-2.3912 0.00741268 0.00240744 18.4914 1.00294e-12
-2.38307 0.00743375 0.00277342 18.2024 1.77278e-12
-2.37493 0.0074578 0.00313923 17.9481 2.91969e-12
-2.3668 0.00748482 0.003505 17.7207 4.55131e-12
-2.35867 0.00751481 0.00387088 17.5147 6.78936e-12
-2.35053 0.00754779 0.00423703 17.3262 9.76984e-12
-2.3424 0.00758374 0.00460359 17.1521 1.36433e-11
-2.33427 0.00762267 0.00497074 16.9901 1.85753e-11
-2.32613 0.0076646 0.00533864 16.8384 2.47462e-11
-2.318 0.00770952 0.00570745 16.6957 3.23523e-11
-2.30987 0.00775744 0.00607736 16.5606 4.16056e-11
-2.30173 0.00780838 0.00644853 16.4323 5.27347e-11
-2.2936 0.00786234 0.00682113 16.3099 6.59847e-11
-2.28547 0.00791934 0.00719535 16.1927 8.16186e-11
-2.27733 0.00797939 0.00757135 16.0802 9.9917e-11
-2.2692 0.00804251 0.00794931 15.972 1.2118e-10
-2.26107 0.0081087 0.0083294 15.8674 1.45725e-10
-2.25293 0.008178 0.00871181 15.7663 1.73893e-10
-2.2448 0.00825042 0.0090967 15.6683 2.06044e-10
-2.23667 0.00832598 0.00948425 15.573 2.4256e-10
-2.22853 0.00840471 0.00987465 15.4803 2.83845e-10
-2.2204 0.00848662 0.0102681 15.3899 3.30331e-10
-2.21227 0.00857174 0.0106646 15.3017 3.82472e-10
-2.20413 0.00866011 0.0110646 15.2154 4.40748e-10
-2.196 0.00875174 0.0114681 15.1309 5.05671e-10
-2.18787 0.00884666 0.0118753 15.048 5.77779e-10
-2.17973 0.00894492 0.0122864 14.9667 6.57643e-10
-2.1716 0.00904653 0.0127016 14.8869 7.45865e-10
-2.16347 0.00915154 0.013121 14.8083 8.43083e-10
-2.15533 0.00925998 0.0135448 14.7309 9.49973e-10
-2.1472 0.00937189 0.0139733 14.6547 1.06725e-09
-2.13907 0.00948729 0.0144065 14.5795 1.19566e-09
-2.13093 0.00960624 0.0148447 14.5054 1.33601e-09
-2.1228 0.00972878 0.015288 14.4321 1.48914e-09
-2.11467 0.00985494 0.0157366 14.3597 1.65594e-09
-2.10653 0.00998478 0.0161908 14.2881 1.83736e-09
-2.0984 0.0101183 0.0166506 14.2172 2.0344e-09
-2.09027 0.0102556 0.0171163 14.147 2.2481e-09
-2.08213 0.0103968 0.017588 14.0775 2.4796e-09
-2.074 0.0105418 0.0180661 14.0086 2.73007e-09
-2.06587 0.0106907 0.0185505 13.9403 3.00077e-09
-2.05773 0.0108435 0.0190416 13.8726 3.29301e-09
-2.0496 0.0110004 0.0195395 13.8053 3.60821e-09
-2.04147 0.0111614 0.0200444 13.7385 3.94785e-09
-2.03333 0.0113265 0.0205565 13.6722 4.31349e-09
-2.0252 0.0114958 0.0210761 13.6063 4.70681e-09
-2.01707 0.0116694 0.0216033 13.5409 5.12957e-09
-2.00893 0.0118472 0.0221383 13.4758 5.58363e-09
-2.0008 0.0120295 0.0226813 13.411 6.07097e-09
-1.99267 0.0122162 0.0232325 13.3466 6.59368e-09
-1.98453 0.0124074 0.0237923 13.2825 7.15399e-09
-1.9764 0.0126032 0.0243606 13.2188 7.75423e-09
-1.96827 0.0128037 0.0249379 13.1553 8.3969e-09
-1.96013 0.0130089 0.0255242 13.0921 9.08463e-09
-1.952 0.0132189 0.0261199 13.0291 9.82021e-09
-1.94387 0.0134338 0.0267252 12.9664 1.06066e-08
-1.93573 0.0136537 0.0273402 12.9039 1.14469e-08
-1.9276 0.0138786 0.0279652 12.8417 1.23445e-08
-1.91947 0.0141086 0.0286005 12.7797 1.33029e-08
-1.91133 0.0143439 0.0292463 12.7178 1.43258e-08
-1.9032 0.0145844 0.0299028 12.6562 1.54171e-08
-1.89507 0.0148303 0.0305703 12.5947 1.65811e-08
-1.88693 0.0150817 0.0312491 12.5334 1.78222e-08
-1.8788 0.0153387 0.0319393 12.4722 1.9145e-08
-1.87067 0.0156013 0.0326413 12.4113 2.05545e-08
-1.86253 0.0158697 0.0333553 12.3504 2.2056e-08
-1.8544 0.0161439 0.0340816 12.2897 2.36552e-08
-1.84627 0.0164241 0.0348204 12.2292 2.53578e-08
-1.83813 0.0167103 0.0355721 12.1687 2.71703e-08
-1.83 0.0170028 0.036337 12.1084 2.90991e-08
-1.82187 0.0173015 0.0371152 12.0482 3.11515e-08
-1.81373 0.0176065 0.0379071 11.9881 3.33347e-08
-1.8056 0.0179181 0.038713 11.9281 3.56568e-08
-1.79747 0.0182363 0.0395332 11.8683 3.81261e-08
-1.78933 0.0185612 0.040368 11.8085 4.07514e-08
-1.7812 0.018893 0.0412178 11.7488 4.35423e-08
-1.77307 0.0192317 0.0420827 11.6892 4.65086e-08
-1.76493 0.0195776 0.0429633 11.6296 4.96609e-08
-1.7568 0.0199307 0.0438597 11.5702 5.30103e-08
-1.74867 0.0202911 0.0447723 11.5108 5.65688e-08
-1.74053 0.020659 0.0457016 11.4515 6.03489e-08
-1.7324 0.0210345 0.0466477 11.3923 6.43639e-08
-1.72427 0.0214179 0.0476111 11.3331 6.86278e-08
-1.71613 0.0218091 0.0485922 11.274 7.31557e-08
-1.708 0.0222083 0.0495912 11.215 7.79633e-08
-1.69987 0.0226158 0.0506087 11.156 8.30674e-08
-1.69173 0.0230316 0.0516448 11.0971 8.84858e-08
-1.6836 0.0234559 0.0527002 11.0382 9.42372e-08
-1.67547 0.0238889 0.0537751 10.9794 1.00342e-07
-1.66733 0.0243307 0.0548699 10.9206 1.0682e-07
-1.6592 0.0247815 0.0559851 10.8619 1.13695e-07
-1.65107 0.0252415 0.057121 10.8032 1.20991e-07
-1.64293 0.0257108 0.0582782 10.7446 1.28731e-07
-1.6348 0.0261895 0.059457 10.686 1.36944e-07
-1.62667 0.026678 0.0606578 10.6274 1.45657e-07
-1.61853 0.0271763 0.0618812 10.5689 1.549e-07
-1.6104 0.0276847 0.0631276 10.5104 1.64705e-07
-1.60227 0.0282032 0.0643975 10.452 1.75104e-07
-1.59413 0.0287322 0.0656913 10.3936 1.86135e-07
-1.586 0.0292719 0.0670095 10.3352 1.97834e-07
-1.57787 0.0298223 0.0683527 10.2768 2.10241e-07
-1.56973 0.0303838 0.0697212 10.2185 2.23399e-07
-1.5616 0.0309565 0.0711158 10.1602 2.37352e-07
-1.55347 0.0315407 0.0725367 10.1019 2.52148e-07
-1.54533 0.0321365 0.0739847 10.0436 2.67837e-07
-1.5372 0.0327443 0.0754603 9.98542 2.84472e-07
-1.52907 0.0333641 0.0769639 9.92721 3.02109e-07
-1.52093 0.0339963 0.0784962 9.86902 3.20809e-07
-1.5128 0.0346411 0.0800578 9.81086 3.40634e-07
-1.50467 0.0352986 0.0816493 9.75272 3.61652e-07
-1.49653 0.0359693 0.0832711 9.69459 3.83934e-07
-1.4884 0.0366533 0.0849241 9.63648 4.07555e-07
-1.48027 0.0373508 0.0866087 9.57839 4.32594e-07
-1.47213 0.0380622 0.0883256 9.52032 4.59137e-07
-1.464 0.0387877 0.0900756 9.46226 4.87272e-07
-1.45587 0.0395275 0.0918592 9.40422 5.17094e-07
-1.44773 0.040282 0.093677 9.34619 5.48705e-07
-1.4396 0.0410514 0.0955299 9.28817 5.8221e-07
-1.43147 0.0418361 0.0974186 9.23017 6.17721e-07
-1.42333 0.0426362 0.0993436 9.17218 6.5536e-07
-1.4152 0.0434521 0.101306 9.1142 6.95251e-07
-1.40707 0.0442842 0.103306 9.05623 7.37529e-07
-1.39893 0.0451327 0.105345 8.99827 7.82337e-07
-1.3908 0.0459979 0.107423 8.94032 8.29824e-07
-1.38267 0.0468802 0.109542 8.88238 8.8015e-07
-1.37453 0.0477799 0.111701 8.82445 9.33484e-07
-1.3664 0.0486973 0.113902 8.76653 9.90005e-07
-1.35827 0.0496328 0.116147 8.70862 1.0499e-06
-1.35013 0.0505868 0.118434 8.65071 1.11338e-06
-1.342 0.0515595 0.120767 8.59281 1.18064e-06
-1.33387 0.0525514 0.123144 8.53492 1.25192e-06
-1.32573 0.0535628 0.125568 8.47703 1.32745e-06
-1.3176 0.0545941 0.128039 8.41915 1.40749e-06
-1.30947 0.0556457 0.130558 8.36128 1.49231e-06
-1.30133 0.0567179 0.133126 8.30341 1.58218e-06
-1.2932 0.0578113 0.135745 8.24554 1.67742e-06
-1.28507 0.0589262 0.138414 8.18768 1.77833e-06
-1.27693 0.060063 0.141136 8.12982 1.88526e-06
-1.2688 0.0612222 0.143911 8.07197 1.99857e-06
-1.26067 0.0624041 0.14674 8.01412 2.11863e-06
-1.25253 0.0636093 0.149624 7.95627 2.24584e-06
-1.2444 0.0648381 0.152565 7.89842 2.38063e-06
-1.23627 0.0660912 0.155564 7.84058 2.52346e-06
-1.22813 0.0673688 0.158621 7.78274 2.67479e-06
-1.22 0.0686716 0.161738 7.7249 2.83514e-06
-1.21187 0.0699999 0.164917 7.66706 3.00504e-06
-1.20373 0.0713544 0.168158 7.60922 3.18506e-06
-1.1956 0.0727355 0.171462 7.55139 3.3758e-06
-1.18747 0.0741437 0.174832 7.49355 3.5779e-06
-1.17933 0.0755796 0.178268 7.43571 3.79204e-06
-1.1712 0.0770437 0.181771 7.37788 4.01892e-06
-1.16307 0.0785366 0.185344 7.32004 4.25932e-06
-1.15493 0.0800588 0.188987 7.26221 4.51402e-06
-1.1468 0.0816109 0.192702 7.20437 4.78389e-06
-1.13867 0.0831936 0.19649 7.14654 5.06983e-06
-1.13053 0.0848074 0.200353 7.0887 5.37278e-06
-1.1224 0.0864529 0.204292 7.03086 5.69378e-06
-1.11427 0.0881307 0.208309 6.97302 6.03388e-06
-1.10613 0.0898416 0.212405 6.91517 6.39422e-06
-1.098 0.0915861 0.216583 6.85733 6.77601e-06
-1.08987 0.0933649 0.220843 6.79948 7.18053e-06
-1.08173 0.0951787 0.225188 6.74163 7.60913e-06
-1.0736 0.0970282 0.229619 6.68378 8.06324e-06
-1.06547 0.0989141 0.234138 6.62593 8.54437e-06
-1.05733 0.100837 0.238746 6.56807 9.05415e-06
-1.0492 0.102798 0.243447 6.51021 9.59427e-06
-1.04107 0.104797 0.24824 6.45235 1.01665e-05
-1.03293 0.106836 0.253129 6.39448 1.07729e-05
-1.0248 0.108915 0.258115 6.33661 1.14153e-05
-1.01667 0.111035 0.263201 6.27873 1.2096e-05
-1.00853 0.113197 0.268388 6.22085 1.28171e-05
-1.0004 0.115401 0.273678 6.16297 1.35813e-05
-0.992267 0.117649 0.279074 6.10508 1.43909e-05
-0.984133 0.119941 0.284578 6.04719 1.52487e-05
-0.976 0.122278 0.290192 5.98929 1.61575e-05
-0.967867 0.124662 0.295918 5.93138 1.71205e-05
-0.959733 0.127092 0.301758 5.87348 1.81408e-05
-0.9516 0.129571 0.307716 5.81556 1.92219e-05
-0.943467 0.132098 0.313793 5.75764 2.03673e-05
-0.935333 0.134676 0.319992 5.69971 2.15809e-05
-0.9272 0.137304 0.326316 5.64178 2.28668e-05
-0.919067 0.139984 0.332766 5.58384 2.42293e-05
-0.910933 0.142717 0.339346 5.5259 2.56729e-05
-0.9028 0.145504 0.346058 5.46794 2.72025e-05
-0.894667 0.148347 0.352906 5.40998 2.88232e-05
-0.886533 0.151245 0.359891 5.35202 3.05404e-05
-0.8784 0.154201 0.367018 5.29404 3.23599e-05
-0.870267 0.157216 0.374288 5.23606 3.42877e-05
-0.862133 0.16029 0.381705 5.17807 3.63304e-05
-0.854 0.163425 0.389272 5.12007 3.84948e-05
-0.845867 0.166623 0.396991 5.06207 4.0788e-05
-0.837733 0.169883 0.404867 5.00405 4.32179e-05
-0.8296 0.173209 0.412903 4.94603 4.57925e-05
-0.821467 0.1766 0.421101 4.88799 4.85205e-05
-0.813333 0.180059 0.429465 4.82995 5.1411e-05
-0.8052 0.183587 0.438 4.7719 5.44736e-05
-0.797067 0.187185 0.446707 4.71384 5.77187e-05
-0.788933 0.190854 0.455591 4.65576 6.1157e-05
-0.7808 0.194596 0.464656 4.59768 6.48002e-05
-0.772667 0.198413 0.473905 4.53959 6.86602e-05
-0.764533 0.202305 0.483343 4.48148 7.27501e-05
-0.7564 0.206276 0.492972 4.42336 7.70835e-05
-0.748267 0.210325 0.502798 4.36524 8.16748e-05
-0.740133 0.214455 0.512823 4.3071 8.65393e-05
-0.732 0.218667 0.523053 4.24894 9.16933e-05
-0.723867 0.222964 0.533492 4.19078 9.71538e-05
-0.715733 0.227346 0.544143 4.1326 0.000102939
-0.7076 0.231816 0.555011 4.07441 0.000109068
-0.699467 0.236375 0.566101 4.0162 0.000115561
-0.691333 0.241025 0.577416 3.95798 0.000122439
-0.6832 0.245768 0.588962 3.89975 0.000129726
-0.675067 0.250606 0.600743 3.84149 0.000137445
-0.666933 0.255541 0.612763 3.78323 0.00014562
-0.6588 0.260574 0.625028 3.72494 0.00015428
-0.650667 0.265709 0.637541 3.66664 0.000163452
-0.642533 0.270946 0.650308 3.60833 0.000173164
-0.6344 0.276288 0.663333 3.54999 0.00018345
-0.626267 0.281737 0.67662 3.49164 0.00019434
-0.618133 0.287295 0.690175 3.43326 0.000205871
-0.61 0.292964 0.704001 3.37486 0.000218077
-0.601867 0.298747 0.718103 3.31645 0.000230996
-0.593733 0.304646 0.732486 3.25801 0.000244669
-0.5856 0.310663 0.747154 3.19954 0.000259136
-0.577467 0.316801 0.76211 3.14106 0.00027444
-0.569333 0.323061 0.777359 3.08254 0.000290627
-0.5612 0.329447 0.792903 3.024 0.000307742
-0.553067 0.33596 0.808745 2.96543 0.000325834
-0.544933 0.342603 0.82489 2.90683 0.000344952
-0.5368 0.349379 0.841338 2.84819 0.000365147
-0.528667 0.35629 0.85809 2.78952 0.000386471
-0.520533 0.363338 0.875149 2.73082 0.000408975
-0.5124 0.370526 0.892514 2.67208 0.000432713
-0.504267 0.377857 0.910183 2.61329 0.000457737
-0.496133 0.385333 0.928155 2.55446 0.000484098
-0.488 0.392956 0.946426 2.49558 0.000511848
-0.479867 0.400729 0.964992 2.43665 0.000541032
-0.471733 0.408654 0.983845 2.37767 0.000571697
-0.4636 0.416733 1.00298 2.31863 0.000603881
-0.455467 0.424969 1.02238 2.25952 0.000637618
-0.447333 0.433365 1.04203 2.20034 0.000672934
-0.4392 0.44192 1.06192 2.14109 0.000709844
-0.431067 0.450639 1.08203 2.08176 0.000748351
-0.422933 0.459522 1.10233 2.02234 0.000788446
-0.4148 0.468571 1.12279 1.96283 0.000830099
-0.406667 0.477786 1.14338 1.90322 0.000873262
-0.398533 0.48717 1.16406 1.84349 0.000917863
-0.3904 0.496722 1.18478 1.78365 0.000963801
-0.382267 0.506442 1.20549 1.72368 0.00101095
-0.374133 0.516331 1.22612 1.66358 0.00105913
-0.366 0.526387 1.2466 1.60333 0.00110815
-0.357867 0.536608 1.26686 1.54292 0.00115777
-0.349733 0.546993 1.28679 1.48236 0.00120769
-0.3416 0.557539 1.30629 1.42163 0.00125758
-0.333467 0.568241 1.32525 1.36072 0.00130706
-0.325333 0.579094 1.34353 1.29965 0.00135571
-0.3172 0.590094 1.36099 1.23839 0.00140307
-0.309067 0.601231 1.37748 1.17697 0.00144864
-0.300933 0.612497 1.39282 1.1154 0.00149189
-0.2928 0.623884 1.40684 1.0537 0.00153229
-0.284667 0.635378 1.41936 0.991899 0.00156931
-0.276533 0.646967 1.43018 0.930044 0.00160243
-0.2684 0.658637 1.43914 0.868194 0.00163118
-0.260267 0.670372 1.44605 0.806423 0.00165515
-0.252133 0.682154 1.45078 0.744823 0.00167401
-0.244 0.693965 1.45321 0.683504 0.00168753
-0.235867 0.705786 1.45325 0.622589 0.00169559
-0.227733 0.717598 1.45088 0.562216 0.00169822
-0.2196 0.729381 1.44611 0.502531 0.00169556
-0.211467 0.741115 1.43901 0.443686 0.00168787
-0.203333 0.752783 1.42972 0.385826 0.00167551
-0.1952 0.764366 1.41839 0.32909 0.00165896
-0.187067 0.77585 1.40524 0.273602 0.00163871
-0.178933 0.78722 1.39049 0.219466 0.00161531
-0.1708 0.798465 1.37439 0.166763 0.00158932
-0.162667 0.809574 1.35718 0.115553 0.00156126
-0.154533 0.82054 1.33909 0.0658708 0.00153163
-0.1464 0.831355 1.32035 0.0177314 0.00150088
-0.138267 0.842016 1.30115 -0.0288692 0.00146942
-0.130133 0.85252 1.28166 -0.0739504 0.00143758
-0.122 0.862864 1.26204 -0.117544 0.00140566
-0.113867 0.873049 1.24242 -0.159691 0.00137388
-0.105733 0.883074 1.2229 -0.20044 0.00134245
-0.0976 0.892942 1.20357 -0.239843 0.00131151
-0.0894667 0.902653 1.18449 -0.277955 0.00128118
-0.0813333 0.91221 1.16572 -0.314833 0.00125155
-0.0732 0.921616 1.1473 -0.350532 0.00122268
-0.0650667 0.930874 1.12927 -0.385108 0.00119462
-0.0569333 0.939987 1.11163 -0.418616 0.00116738
-0.0488 0.948958 1.09442 -0.451106 0.00114099
-0.0406667 0.957791 1.07762 -0.482628 0.00111544
-0.0325333 0.966488 1.06125 -0.513231 0.00109073
-0.0244 0.975055 1.04531 -0.542959 0.00106685
-0.0162667 0.983493 1.02979 -0.571854 0.00104378
-0.00813333 0.991807 1.01469 -0.599957 0.00102151
0 1 1 -0.627306 0.001
0.0613333 1.0582 0.901353 -0.812577 0.00086004
0.122667 1.11094 0.820814 -0.968517 0.000751881
0.184 1.15917 0.754151 -1.10283 0.000666827
0.245333 1.20366 0.698111 -1.22061 0.000598642
0.306667 1.24498 0.650309 -1.32535 0.000542982
0.368 1.28357 0.609001 -1.41954 0.000496807
0.429333 1.31979 0.572896 -1.50503 0.000457955
0.490667 1.35393 0.541023 -1.58321 0.000424856
0.552 1.38622 0.512641 -1.65518 0.00039635
0.613333 1.41687 0.487172 -1.7218 0.000371562
0.674667 1.44603 0.464164 -1.78374 0.000349824
0.736 1.47385 0.443253 -1.84159 0.000330617
0.797333 1.50044 0.424146 -1.89581 0.000313531
0.858667 1.52591 0.406603 -1.94679 0.000298239
0.92 1.55035 0.390426 -1.99486 0.000284478
0.981333 1.57383 0.375449 -2.04031 0.000272032
1.04267 1.59642 0.361533 -2.08338 0.000260726
1.104 1.6182 0.348562 -2.12428 0.000250412
1.16533 1.6392 0.336434 -2.1632 0.000240968
1.22667 1.65948 0.325062 -2.20029 0.000232289
1.288 1.67909 0.314373 -2.23571 0.000224289
1.34933 1.69806 0.304301 -2.26957 0.000216893
1.41067 1.71642 0.29479 -2.30199 0.000210035
1.472 1.73423 0.28579 -2.33308 0.000203661
1.53333 1.75149 0.277256 -2.36291 0.000197722
1.59467 1.76825 0.269151 -2.39157 0.000192176
1.656 1.78452 0.26144 -2.41914 0.000186987
1.71733 1.80032 0.254091 -2.44568 0.000182121
1.77867 1.81569 0.247078 -2.47126 0.000177551
1.84 1.83064 0.240374 -2.49592 0.000173251
1.90133 1.84518 0.233959 -2.51973 0.000169198
1.96267 1.85934 0.227812 -2.54272 0.000165373
2.024 1.87313 0.221913 -2.56494 0.000161757
2.08533 1.88657 0.216248 -2.58643 0.000158334
2.14667 1.89966 0.2108 -2.60723 0.00015509
2.208 1.91243 0.205556 -2.62736 0.000152012
2.26933 1.92488 0.200502 -2.64687 0.000149088
2.33067 1.93703 0.195628 -2.66578 0.000146307
2.392 1.94888 0.190923 -2.68411 0.000143659
2.45333 1.96045 0.186377 -2.7019 0.000141136
2.51467 1.97175 0.18198 -2.71916 0.000138729
2.576 1.98278 0.177725 -2.73592 0.000136431
2.63733 1.99355 0.173603 -2.75221 0.000134235
2.69867 2.00408 0.169607 -2.76802 0.000132135
2.76 2.01436 0.165732 -2.7834 0.000130126
2.82133 2.02441 0.161969 -2.79835 0.000128201
2.88267 2.03423 0.158315 -2.81289 0.000126356
2.944 2.04383 0.154762 -2.82703 0.000124586
3.00533 2.05322 0.151307 -2.84079 0.000122888
3.06667 2.06239 0.147944 -2.85418 0.000121258
3.128 2.07137 0.144669 -2.86722 0.000119691
3.18933 2.08014 0.141477 -2.87992 0.000118185
3.25067 2.08872 0.138366 -2.89228 0.000116736
3.312 2.09711 0.135331 -2.90433 0.000115342
3.37333 2.10532 0.132369 -2.91606 0.000114
3.43467 2.11335 0.129476 -2.92749 0.000112707
3.496 2.12121 0.12665 -2.93863 0.000111461
3.55733 2.12889 0.123887 -2.94948 0.00011026
3.61867 2.13641 0.121185 -2.96006 0.000109102
3.68 2.14376 0.118542 -2.97038 0.000107985
3.74133 2.15095 0.115954 -2.98043 0.000106907
3.80267 2.15798 0.11342 -2.99023 0.000105866
3.864 2.16486 0.110937 -2.99979 0.000104861
3.92533 2.17159 0.108503 -3.00911 0.000103891
3.98667 2.17817 0.106116 -3.01819 0.000102953
4.048 2.18461 0.103775 -3.02705 0.000102046
4.10933 2.1909 0.101477 -3.03569 0.00010117
4.17067 2.19706 0.0992216 -3.04411 0.000100323
4.232 2.20307 0.0970059 -3.05232 9.95043e-05
4.29333 2.20896 0.0948289 -3.06033 9.87122e-05
4.35467 2.21471 0.092689 -3.06813 9.79461e-05
4.416 2.22033 0.0905849 -3.07574 9.72049e-05
4.47733 2.22582 0.0885152 -3.08316 9.64878e-05
4.53867 2.23119 0.0864785 -3.09038 9.57939e-05
4.6 2.23643 0.0844737 -3.09743 9.51225e-05
4.66133 2.24155 0.0824996 -3.10429 9.44727e-05
4.72267 2.24655 0.080555 -3.11098 9.38438e-05
4.784 2.25143 0.0786388 -3.1175 9.32353e-05
4.84533 2.2562 0.0767501 -3.12384 9.26463e-05
4.90667 2.26085 0.0748877 -3.13002 9.20763e-05
4.968 2.26538 0.0730507 -3.13604 9.15247e-05
5.02933 2.26981 0.0712382 -3.1419 9.09909e-05
5.09067 2.27412 0.0694492 -3.1476 9.04745e-05
5.152 2.27833 0.067683 -3.15314 8.99748e-05
5.21333 2.28243 0.0659387 -3.15854 8.94915e-05
5.27467 2.28642 0.0642155 -3.16378 8.9024e-05
5.336 2.2903 0.0625125 -3.16888 8.8572e-05
5.39733 2.29409 0.0608291 -3.17383 8.8135e-05
5.45867 2.29776 0.0591646 -3.17864 8.77126e-05
5.52 2.30134 0.0575182 -3.18331 8.73044e-05
5.58133 2.30482 0.0558892 -3.18784 8.69101e-05
5.64267 2.3082 0.0542771 -3.19224 8.65293e-05
5.704 2.31148 0.0526811 -3.1965 8.61618e-05
5.76533 2.31466 0.0511007 -3.20063 8.58071e-05
5.82667 2.31775 0.0495352 -3.20463 8.54651e-05
5.888 2.32074 0.0479841 -3.2085 8.51353e-05
5.94933 2.32363 0.0464468 -3.21224 8.48177e-05
6.01067 2.32644 0.0449228 -3.21586 8.45118e-05
6.072 2.32914 0.0434115 -3.21935 8.42175e-05
6.13333 2.33176 0.0419125 -3.22272 8.39345e-05
6.19467 2.33429 0.0404251 -3.22597 8.36626e-05
6.256 2.33672 0.038949 -3.2291 8.34016e-05
6.31733 2.33906 0.0374835 -3.2321 8.31514e-05
6.37867 2.34132 0.0360284 -3.235 8.29116e-05
6.44 2.34348 0.0345831 -3.23777 8.26821e-05
6.50133 2.34556 0.0331471 -3.24043 8.24628e-05
6.56267 2.34755 0.03172 -3.24297 8.22535e-05
6.624 2.34945 0.0303014 -3.2454 8.2054e-05
6.68533 2.35127 0.0288909 -3.24772 8.18643e-05
6.74667 2.353 0.0274881 -3.24993 8.16841e-05
6.808 2.35464 0.0260924 -3.25202 8.15133e-05
6.86933 2.3562 0.0247037 -3.25401 8.13519e-05
6.93067 2.35767 0.0233214 -3.25588 8.11996e-05
6.992 2.35906 0.0219452 -3.25765 8.10564e-05
7.05333 2.36036 0.0205746 -3.25931 8.09223e-05
7.11467 2.36158 0.0192094 -3.26086 8.0797e-05
7.176 2.36272 0.0178491 -3.2623 8.06806e-05
7.23733 2.36377 0.0164934 -3.26364 8.05728e-05
7.29867 2.36474 0.015142 -3.26487 8.04738e-05
7.36 2.36563 0.0137943 -3.266 8.03833e-05
7.42133 2.36643 0.0124503 -3.26702 8.03014e-05
7.48267 2.36716 0.0111093 -3.26793 8.02279e-05
7.544 2.3678 0.00977124 -3.26874 8.01629e-05
7.60533 2.36835 0.00843561 -3.26945 8.01063e-05
7.66667 2.36883 0.00710212 -3.27006 8.0058e-05
7.728 2.36923 0.00577042 -3.27056 8.0018e-05
7.78933 2.36954 0.00444017 -3.27095 7.99863e-05
7.85067 2.36977 0.00311105 -3.27125 7.99628e-05
7.912 2.36992 0.00178271 -3.27144 7.99477e-05
7.97333 2.36999 0.000454817 -3.27152 7.99407e-05
8.03467 2.36998 -0.000872961 -3.27151 7.9942e-05
8.096 2.36988 -0.00220096 -3.27139 7.99516e-05
8.15733 2.36971 -0.00352951 -3.27116 7.99693e-05
8.21867 2.36945 -0.00485895 -3.27084 7.99954e-05
8.28 2.36911 -0.00618962 -3.27041 8.00297e-05
8.34133 2.36869 -0.00752185 -3.26988 8.00723e-05
8.40267 2.36819 -0.00885597 -3.26924 8.01232e-05
8.464 2.3676 -0.0101923 -3.2685 8.01825e-05
8.52533 2.36694 -0.0115313 -3.26766 8.02502e-05
8.58667 2.36619 -0.0128732 -3.26671 8.03263e-05
8.648 2.36536 -0.0142183 -3.26565 8.04109e-05
8.70933 2.36444 -0.0155671 -3.26449 8.0504e-05
8.77067 2.36345 -0.0169199 -3.26323 8.06058e-05
8.832 2.36237 -0.018277 -3.26186 8.07163e-05
8.89333 2.36121 -0.0196388 -3.26038 8.08355e-05
8.95467 2.35996 -0.0210056 -3.2588 8.09636e-05
9.016 2.35863 -0.0223779 -3.2571 8.11006e-05
9.07733 2.35722 -0.023756 -3.2553 8.12466e-05
9.13867 2.35572 -0.0251403 -3.25339 8.14017e-05
9.2 2.35413 -0.0265312 -3.25137 8.15661e-05
9.26133 2.35246 -0.027929 -3.24924 8.17398e-05
9.32267 2.3507 -0.0293343 -3.247 8.1923e-05
9.384 2.34886 -0.0307473 -3.24465 8.21158e-05
9.44533 2.34693 -0.0321685 -3.24218 8.23183e-05
9.50667 2.34492 -0.0335983 -3.2396 8.25308e-05
9.568 2.34281 -0.0350372 -3.23691 8.27533e-05
9.62933 2.34062 -0.0364856 -3.2341 8.2986e-05
9.69067 2.33834 -0.0379439 -3.23117 8.3229e-05
9.752 2.33596 -0.0394126 -3.22812 8.34827e-05
9.81333 2.3335 -0.0408923 -3.22496 8.37471e-05
9.87467 2.33095 -0.0423833 -3.22167 8.40224e-05
9.936 2.3283 -0.0438861 -3.21826 8.4309e-05
9.99733 2.32556 -0.0454014 -3.21473 8.46069e-05
10.0587 2.32273 -0.0469295 -3.21108 8.49164e-05
10.12 2.31981 -0.0484711 -3.20729 8.52379e-05
10.1813 2.31679 -0.0500266 -3.20338 8.55714e-05
10.2427 2.31367 -0.0515967 -3.19934 8.59174e-05
10.304 2.31046 -0.053182 -3.19517 8.62761e-05
10.3653 2.30715 -0.054783 -3.19087 8.66478e-05
10.4267 2.30374 -0.0564004 -3.18643 8.70328e-05
10.488 2.30023 -0.0580347 -3.18185 8.74314e-05
10.5493 2.29662 -0.0596868 -3.17714 8.7844e-05
10.6107 2.29291 -0.0613572 -3.17229 8.8271e-05
10.672 2.28909 -0.0630466 -3.16729 8.87127e-05
10.7333 2.28517 -0.0647559 -3.16214 8.91696e-05
10.7947 2.28115 -0.0664857 -3.15685 8.9642e-05
10.856 2.27701 -0.0682368 -3.15141 9.01304e-05
10.9173 2.27278 -0.0700101 -3.14582 9.06353e-05
10.9787 2.26843 -0.0718064 -3.14007 9.11571e-05
11.04 2.26397 -0.0736265 -3.13416 9.16965e-05
11.1013 2.25939 -0.0754714 -3.1281 9.22538e-05
11.1627 2.25471 -0.077342 -3.12186 9.28297e-05
11.224 2.24991 -0.0792393 -3.11546 9.34248e-05
11.2853 2.24499 -0.0811643 -3.10889 9.40397e-05
11.3467 2.23995 -0.083118 -3.10215 9.4675e-05
11.408 2.23479 -0.0851017 -3.09523 9.53315e-05
11.4693 2.22951 -0.0871164 -3.08813 9.601e-05
11.5307 2.2241 -0.0891633 -3.08084 9.67111e-05
11.592 2.21857 -0.0912437 -3.07336 9.74357e-05
11.6533 2.21291 -0.093359 -3.0657 9.81846e-05
11.7147 2.20712 -0.0955104 -3.05783 9.89588e-05
11.776 2.20119 -0.0976994 -3.04976 9.97593e-05
11.8373 2.19513 -0.0999276 -3.04148 0.000100587
11.8987 2.18894 -0.102196 -3.03299 0.000101443
11.96 2.1826 -0.104508 -3.02429 0.000102328
12.0213 2.17612 -0.106863 -3.01536 0.000103245
12.0827 2.16949 -0.109264 -3.0062 0.000104193
12.144 2.16271 -0.111713 -2.99681 0.000105174
12.2053 2.15578 -0.114212 -2.98717 0.00010619
12.2667 2.1487 -0.116763 -2.97729 0.000107242
12.328 2.14146 -0.119368 -2.96716 0.000108333
12.3893 2.13406 -0.12203 -2.95676 0.000109463
12.4507 2.12649 -0.12475 -2.94609 0.000110634
12.512 2.11875 -0.127533 -2.93515 0.000111849
12.5733 2.11084 -0.13038 -2.92392 0.000113109
12.6347 2.10276 -0.133294 -2.9124 0.000114417
12.696 2.09449 -0.136279 -2.90057 0.000115775
12.7573 2.08604 -0.139338 -2.88842 0.000117186
12.8187 2.0774 -0.142474 -2.87596 0.000118653
12.88 2.06856 -0.145691 -2.86315 0.000120178
12.9413 2.05952 -0.148993 -2.85001 0.000121764
13.0027 2.05028 -0.152385 -2.8365 0.000123416
13.064 2.04083 -0.15587 -2.82262 0.000125136
13.1253 2.03116 -0.159454 -2.80835 0.000126928
13.1867 2.02127 -0.163142 -2.79369 0.000128798
13.248 2.01115 -0.16694 -2.7786 0.000130749
13.3093 2.00079 -0.170852 -2.76309 0.000132787
13.3707 1.99019 -0.174887 -2.74713 0.000134916
13.432 1.97933 -0.17905 -2.7307 0.000137144
13.4933 1.96822 -0.183349 -2.71378 0.000139475
13.5547 1.95684 -0.187792 -2.69636 0.000141918
13.616 1.94518 -0.192387 -2.6784 0.000144479
13.6773 1.93324 -0.197145 -2.65989 0.000147168
13.7387 1.92099 -0.202074 -2.64079 0.000149993
13.8 1.90844 -0.207186 -2.62109 0.000152965
13.8613 1.89558 -0.212493 -2.60075 0.000156093
13.9227 1.88237 -0.218008 -2.57974 0.000159392
13.984 1.86883 -0.223745 -2.55802 0.000162874
14.0453 1.85492 -0.22972 -2.53556 0.000166554
14.1067 1.84064 -0.23595 -2.51232 0.000170449
14.168 1.82597 -0.242453 -2.48825 0.000174577
14.2293 1.8109 -0.249252 -2.4633 0.00017896
14.2907 1.79539 -0.256368 -2.43743 0.00018362
14.352 1.77944 -0.263828 -2.41057 0.000188585
14.4133 1.76302 -0.27166 -2.38267 0.000193883
14.4747 1.74611 -0.279896 -2.35364 0.000199548
14.536 1.72868 -0.288572 -2.32343 0.000205619
14.5973 1.7107 -0.297728 -2.29193 0.00021214
14.6587 1.69215 -0.30741 -2.25907 0.000219161
14.72 1.67298 -0.31767 -2.22473 0.00022674
14.7813 1.65317 -0.328566 -2.1888 0.000234945
14.8427 1.63266 -0.340167 -2.15115 0.000243855
14.904 1.61142 -0.352551 -2.11162 0.000253561
14.9653 1.5894 -0.365809 -2.07006 0.000264173
15.0267 1.56653 -0.380045 -2.02626 0.000275821
15.088 1.54276 -0.395383 -1.98002 0.00028866
15.1493 1.51801 -0.411972 -1.93106 0.000302878
15.2107 1.49219 -0.429984 -1.8791 0.000318704
15.272 1.46523 -0.449631 -1.82378 0.00033642
15.3333 1.437 -0.471168 -1.7647 0.000356375
15.3947 1.40739 -0.494908 -1.70135 0.000379011
15.456 1.37624 -0.52124 -1.63313 0.000404889
15.5173 1.34338 -0.550652 -1.55931 0.000434736
15.5787 1.30862 -0.583769 -1.47895 0.000469505
15.64 1.27168 -0.621394 -1.39089 0.00051047
15.7013 1.23228 -0.66459 -1.2936 0.000559363
15.7627 1.19002 -0.714772 -1.18507 0.000618589
15.824 1.14442 -0.773864 -1.06252 0.000691541
15.8853 1.09486 -0.844499 -0.922042 0.00078309
15.9467 1.04052 -0.930242 -0.757861 0.000900205
16.008 0.980346 -1.03556 -0.56112 0.00105233
16.0693 0.913009 -1.16416 -0.317885 0.00124909
16.1307 0.837166 -1.30996 -0.0077753 0.00148386
16.192 0.752809 -1.4297 0.385695 0.00167548
16.2533 0.664043 -1.44259 0.839684 0.00164286
16.3147 0.578224 -1.3421 1.30452 0.00135188
16.376 0.500389 -1.19264 1.76092 0.000981551
16.4373 0.431997 -1.03884 2.20991 0.000667117
16.4987 0.372691 -0.897736 2.6546 0.000440018
16.56 0.321524 -0.773617 3.0968 0.0002866
16.6213 0.277452 -0.666172 3.53742 0.000185743
16.6827 0.239501 -0.573707 3.97694 0.000120156
16.744 0.206811 -0.494272 4.41561 7.76809e-05
16.8053 0.178641 -0.426036 4.85361 5.02127e-05
16.8667 0.154355 -0.367388 5.29106 3.24564e-05
16.928 0.133408 -0.316942 5.72807 2.09781e-05
16.9893 0.115333 -0.273515 6.16473 1.35573e-05
17.0507 0.0997335 -0.236102 6.60114 8.75922e-06
17.112 0.0862662 -0.203845 7.03736 5.65674e-06
17.1733 0.0746381 -0.176015 7.47351 3.65071e-06
17.2347 0.0645973 -0.151989 7.90967 2.35381e-06
17.296 0.0559273 -0.131233 8.34597 1.51558e-06
17.3573 0.048442 -0.11329 8.78254 9.74053e-07
17.4187 0.041981 -0.0977674 9.21958 6.24432e-07
17.48 0.0364066 -0.0843281 9.6573 3.98931e-07
17.5413 0.0316001 -0.0726812 10.096 2.53686e-07
17.6027 0.0274596 -0.062576 10.5362 1.60316e-07
17.664 0.0238971 -0.0537953 10.9783 1.00459e-07
17.7253 0.0208374 -0.0461514 11.4232 6.22367e-08
17.7867 0.018216 -0.0394809 11.872 3.79653e-08
17.848 0.0159775 -0.0336412 12.3264 2.26769e-08
17.9093 0.0140749 -0.0285076 12.7887 1.31598e-08
17.9707 0.0124684 -0.0239696 13.2625 7.33791e-09
18.032 0.0111245 -0.0199291 13.7537 3.86845e-09
18.0933 0.0100154 -0.0162968 14.2716 1.88161e-09
18.1547 0.00911871 -0.0129909 14.8324 8.12024e-10
18.216 0.00841678 -0.00993339 15.4666 2.90468e-10
18.2773 0.00789668 -0.00704877 16.2379 7.52019e-11
18.3387 0.00755013 -0.00426189 17.3139 1.00027e-11
18.4 0.00737337 -0.00150087 19.449 1.50123e-13
