-18.4 -3.98269 0.0764782 -4.8424
-18.3816 -3.98128 0.0765227 -4.84134
-18.3632 -3.97987 0.0765673 -4.84028
-18.3448 -3.97846 0.076612 -4.83921
-18.3264 -3.97705 0.0766567 -4.83815
-18.308 -3.97564 0.0767015 -4.83708
-18.2896 -3.97423 0.0767463 -4.83602
-18.2712 -3.97282 0.0767913 -4.83495
-18.2528 -3.97141 0.0768363 -4.83388
-18.2344 -3.96999 0.0768814 -4.83282
-18.216 -3.96858 0.0769265 -4.83175
-18.1976 -3.96716 0.0769718 -4.83068
-18.1792 -3.96574 0.0770171 -4.8296
-18.1608 -3.96433 0.0770625 -4.82853
-18.1424 -3.96291 0.0771079 -4.82746
-18.124 -3.96149 0.0771535 -4.82638
-18.1056 -3.96007 0.0771991 -4.82531
-18.0872 -3.95865 0.0772447 -4.82423
-18.0688 -3.95723 0.0772905 -4.82315
-18.0504 -3.9558 0.0773363 -4.82207
-18.032 -3.95438 0.0773822 -4.82099
-18.0136 -3.95296 0.0774282 -4.81991
-17.9952 -3.95153 0.0774743 -4.81883
-17.9768 -3.9501 0.0775204 -4.81775
-17.9584 -3.94868 0.0775666 -4.81666
-17.94 -3.94725 0.0776129 -4.81558
-17.9216 -3.94582 0.0776593 -4.81449
-17.9032 -3.94439 0.0777057 -4.8134
-17.8848 -3.94296 0.0777522 -4.81231
-17.8664 -3.94153 0.0777988 -4.81123
-17.848 -3.9401 0.0778455 -4.81014
-17.8296 -3.93867 0.0778923 -4.80904
-17.8112 -3.93723 0.0779391 -4.80795
-17.7928 -3.9358 0.077986 -4.80686
-17.7744 -3.93436 0.078033 -4.80576
-17.756 -3.93293 0.0780801 -4.80467
-17.7376 -3.93149 0.0781272 -4.80357
-17.7192 -3.93005 0.0781744 -4.80247
-17.7008 -3.92861 0.0782217 -4.80137
-17.6824 -3.92717 0.0782691 -4.80027
-17.664 -3.92573 0.0783166 -4.79917
-17.6456 -3.92429 0.0783641 -4.79807
-17.6272 -3.92285 0.0784118 -4.79697
-17.6088 -3.92141 0.0784595 -4.79586
-17.5904 -3.91996 0.0785073 -4.79476
-17.572 -3.91852 0.0785551 -4.79365
-17.5536 -3.91707 0.0786031 -4.79254
-17.5352 -3.91562 0.0786511 -4.79144
-17.5168 -3.91418 0.0786992 -4.79033
-17.4984 -3.91273 0.0787474 -4.78922
-17.48 -3.91128 0.0787957 -4.7881
-17.4616 -3.90983 0.078844 -4.78699
-17.4432 -3.90838 0.0788925 -4.78588
-17.4248 -3.90692 0.078941 -4.78476
-17.4064 -3.90547 0.0789896 -4.78365
-17.388 -3.90402 0.0790383 -4.78253
-17.3696 -3.90256 0.0790871 -4.78141
-17.3512 -3.90111 0.0791359 -4.78029
-17.3328 -3.89965 0.0791849 -4.77917
-17.3144 -3.89819 0.0792339 -4.77805
-17.296 -3.89673 0.079283 -4.77692
-17.2776 -3.89528 0.0793322 -4.7758
-17.2592 -3.89382 0.0793815 -4.77468
-17.2408 -3.89235 0.0794308 -4.77355
-17.2224 -3.89089 0.0794803 -4.77242
-17.204 -3.88943 0.0795298 -4.77129
-17.1856 -3.88797 0.0795794 -4.77016
-17.1672 -3.8865 0.0796291 -4.76903
-17.1488 -3.88504 0.0796789 -4.7679
-17.1304 -3.88357 0.0797288 -4.76677
-17.112 -3.8821 0.0797788 -4.76563
-17.0936 -3.88063 0.0798288 -4.7645
-17.0752 -3.87916 0.079879 -4.76336
-17.0568 -3.87769 0.0799292 -4.76222
-17.0384 -3.87622 0.0799795 -4.76109
-17.02 -3.87475 0.0800299 -4.75995
-17.0016 -3.87328 0.0800804 -4.75881
-16.9832 -3.8718 0.080131 -4.75766
-16.9648 -3.87033 0.0801817 -4.75652
-16.9464 -3.86885 0.0802324 -4.75538
-16.928 -3.86738 0.0802833 -4.75423
-16.9096 -3.8659 0.0803342 -4.75308
-16.8912 -3.86442 0.0803852 -4.75193
-16.8728 -3.86294 0.0804364 -4.75079
-16.8544 -3.86146 0.0804876 -4.74964
-16.836 -3.85998 0.0805389 -4.74848
-16.8176 -3.8585 0.0805903 -4.74733
-16.7992 -3.85701 0.0806417 -4.74618
-16.7808 -3.85553 0.0806933 -4.74502
-16.7624 -3.85404 0.080745 -4.74387
-16.744 -3.85256 0.0807967 -4.74271
-16.7256 -3.85107 0.0808486 -4.74155
-16.7072 -3.84958 0.0809005 -4.74039
-16.6888 -3.84809 0.0809525 -4.73923
-16.6704 -3.8466 0.0810047 -4.73807
-16.652 -3.84511 0.0810569 -4.7369
-16.6336 -3.84362 0.0811092 -4.73574
-16.6152 -3.84213 0.0811616 -4.73457
-16.5968 -3.84063 0.0812141 -4.73341
-16.5784 -3.83914 0.0812667 -4.73224
-16.56 -3.83764 0.0813194 -4.73107
-16.5416 -3.83615 0.0813722 -4.7299
-16.5232 -3.83465 0.0814251 -4.72873
-16.5048 -3.83315 0.081478 -4.72755
-16.4864 -3.83165 0.0815311 -4.72638
-16.468 -3.83015 0.0815843 -4.7252
-16.4496 -3.82865 0.0816375 -4.72403
-16.4312 -3.82714 0.0816909 -4.72285
-16.4128 -3.82564 0.0817444 -4.72167
-16.3944 -3.82414 0.0817979 -4.72049
-16.376 -3.82263 0.0818516 -4.71931
-16.3576 -3.82112 0.0819053 -4.71812
-16.3392 -3.81962 0.0819592 -4.71694
-16.3208 -3.81811 0.0820131 -4.71575
-16.3024 -3.8166 0.0820672 -4.71457
-16.284 -3.81509 0.0821213 -4.71338
-16.2656 -3.81358 0.0821755 -4.71219
-16.2472 -3.81206 0.0822299 -4.711
-16.2288 -3.81055 0.0822843 -4.70981
-16.2104 -3.80904 0.0823389 -4.70861
-16.192 -3.80752 0.0823935 -4.70742
-16.1736 -3.806 0.0824483 -4.70622
-16.1552 -3.80449 0.0825031 -4.70503
-16.1368 -3.80297 0.082558 -4.70383
-16.1184 -3.80145 0.0826131 -4.70263
-16.1 -3.79993 0.0826682 -4.70143
-16.0816 -3.79841 0.0827235 -4.70023
-16.0632 -3.79688 0.0827788 -4.69902
-16.0448 -3.79536 0.0828343 -4.69782
-16.0264 -3.79383 0.0828899 -4.69661
-16.008 -3.79231 0.0829455 -4.69541
-15.9896 -3.79078 0.0830013 -4.6942
-15.9712 -3.78925 0.0830572 -4.69299
-15.9528 -3.78773 0.0831131 -4.69178
-15.9344 -3.7862 0.0831692 -4.69057
-15.916 -3.78467 0.0832254 -4.68935
-15.8976 -3.78313 0.0832817 -4.68814
-15.8792 -3.7816 0.0833381 -4.68692
-15.8608 -3.78007 0.0833946 -4.6857
-15.8424 -3.77853 0.0834512 -4.68448
-15.824 -3.777 0.0835079 -4.68326
-15.8056 -3.77546 0.0835647 -4.68204
-15.7872 -3.77392 0.0836217 -4.68082
-15.7688 -3.77238 0.0836787 -4.6796
-15.7504 -3.77084 0.0837359 -4.67837
-15.732 -3.7693 0.0837931 -4.67714
-15.7136 -3.76776 0.0838505 -4.67592
-15.6952 -3.76621 0.0839079 -4.67469
-15.6768 -3.76467 0.0839655 -4.67345
-15.6584 -3.76312 0.0840232 -4.67222
-15.64 -3.76158 0.084081 -4.67099
-15.6216 -3.76003 0.0841389 -4.66975
-15.6032 -3.75848 0.084197 -4.66852
-15.5848 -3.75693 0.0842551 -4.66728
-15.5664 -3.75538 0.0843133 -4.66604
-15.548 -3.75383 0.0843717 -4.6648
-15.5296 -3.75228 0.0844302 -4.66356
-15.5112 -3.75072 0.0844887 -4.66232
-15.4928 -3.74917 0.0845474 -4.66107
-15.4744 -3.74761 0.0846062 -4.65982
-15.456 -3.74605 0.0846652 -4.65858
-15.4376 -3.74449 0.0847242 -4.65733
-15.4192 -3.74294 0.0847833 -4.65608
-15.4008 -3.74137 0.0848426 -4.65483
-15.3824 -3.73981 0.084902 -4.65357
-15.364 -3.73825 0.0849615 -4.65232
-15.3456 -3.73669 0.0850211 -4.65106
-15.3272 -3.73512 0.0850808 -4.64981
-15.3088 -3.73356 0.0851406 -4.64855
-15.2904 -3.73199 0.0852006 -4.64729
-15.272 -3.73042 0.0852607 -4.64603
-15.2536 -3.72885 0.0853209 -4.64476
-15.2352 -3.72728 0.0853812 -4.6435
-15.2168 -3.72571 0.0854416 -4.64223
-15.1984 -3.72414 0.0855021 -4.64097
-15.18 -3.72256 0.0855628 -4.6397
-15.1616 -3.72099 0.0856236 -4.63843
-15.1432 -3.71941 0.0856845 -4.63716
-15.1248 -3.71783 0.0857455 -4.63588
-15.1064 -3.71626 0.0858067 -4.63461
-15.088 -3.71468 0.0858679 -4.63333
-15.0696 -3.7131 0.0859293 -4.63206
-15.0512 -3.71151 0.0859908 -4.63078
-15.0328 -3.70993 0.0860524 -4.6295
-15.0144 -3.70835 0.0861142 -4.62822
-14.996 -3.70676 0.0861761 -4.62693
-14.9776 -3.70518 0.0862381 -4.62565
-14.9592 -3.70359 0.0863002 -4.62436
-14.9408 -3.702 0.0863624 -4.62308
-14.9224 -3.70041 0.0864248 -4.62179
-14.904 -3.69882 0.0864873 -4.6205
-14.8856 -3.69723 0.0865499 -4.61921
-14.8672 -3.69563 0.0866127 -4.61791
-14.8488 -3.69404 0.0866755 -4.61662
-14.8304 -3.69245 0.0867385 -4.61532
-14.812 -3.69085 0.0868017 -4.61402
-14.7936 -3.68925 0.0868649 -4.61272
-14.7752 -3.68765 0.0869283 -4.61142
-14.7568 -3.68605 0.0869918 -4.61012
-14.7384 -3.68445 0.0870554 -4.60882
-14.72 -3.68285 0.0871192 -4.60751
-14.7016 -3.68124 0.0871831 -4.6062
-14.6832 -3.67964 0.0872471 -4.60489
-14.6648 -3.67803 0.0873113 -4.60358
-14.6464 -3.67643 0.0873756 -4.60227
-14.628 -3.67482 0.08744 -4.60096
-14.6096 -3.67321 0.0875045 -4.59964
-14.5912 -3.6716 0.0875692 -4.59833
-14.5728 -3.66999 0.087634 -4.59701
-14.5544 -3.66837 0.087699 -4.59569
-14.536 -3.66676 0.0877641 -4.59437
-14.5176 -3.66514 0.0878293 -4.59305
-14.4992 -3.66353 0.0878946 -4.59172
-14.4808 -3.66191 0.0879601 -4.5904
-14.4624 -3.66029 0.0880257 -4.58907
-14.444 -3.65867 0.0880915 -4.58774
-14.4256 -3.65705 0.0881573 -4.58641
-14.4072 -3.65543 0.0882234 -4.58508
-14.3888 -3.6538 0.0882895 -4.58375
-14.3704 -3.65218 0.0883558 -4.58241
-14.352 -3.65055 0.0884223 -4.58107
-14.3336 -3.64892 0.0884888 -4.57974
-14.3152 -3.64729 0.0885556 -4.5784
-14.2968 -3.64566 0.0886224 -4.57705
-14.2784 -3.64403 0.0886894 -4.57571
-14.26 -3.6424 0.0887565 -4.57437
-14.2416 -3.64077 0.0888238 -4.57302
-14.2232 -3.63913 0.0888912 -4.57167
-14.2048 -3.6375 0.0889588 -4.57032
-14.1864 -3.63586 0.0890265 -4.56897
-14.168 -3.63422 0.0890943 -4.56762
-14.1496 -3.63258 0.0891623 -4.56626
-14.1312 -3.63094 0.0892304 -4.56491
-14.1128 -3.6293 0.0892987 -4.56355
-14.0944 -3.62765 0.0893671 -4.56219
-14.076 -3.62601 0.0894357 -4.56083
-14.0576 -3.62436 0.0895044 -4.55947
-14.0392 -3.62271 0.0895732 -4.5581
-14.0208 -3.62106 0.0896422 -4.55673
-14.0024 -3.61941 0.0897114 -4.55537
-13.984 -3.61776 0.0897807 -4.554
-13.9656 -3.61611 0.0898501 -4.55263
-13.9472 -3.61446 0.0899197 -4.55125
-13.9288 -3.6128 0.0899894 -4.54988
-13.9104 -3.61114 0.0900593 -4.5485
-13.892 -3.60949 0.0901293 -4.54712
-13.8736 -3.60783 0.0901995 -4.54574
-13.8552 -3.60617 0.0902699 -4.54436
-13.8368 -3.60451 0.0903404 -4.54298
-13.8184 -3.60284 0.090411 -4.54159
-13.8 -3.60118 0.0904818 -4.54021
-13.7816 -3.59951 0.0905528 -4.53882
-13.7632 -3.59785 0.0906239 -4.53743
-13.7448 -3.59618 0.0906951 -4.53604
-13.7264 -3.59451 0.0907665 -4.53464
-13.708 -3.59284 0.0908381 -4.53325
-13.6896 -3.59117 0.0909098 -4.53185
-13.6712 -3.58949 0.0909817 -4.53045
-13.6528 -3.58782 0.0910537 -4.52905
-13.6344 -3.58614 0.0911259 -4.52765
-13.616 -3.58446 0.0911983 -4.52625
-13.5976 -3.58279 0.0912708 -4.52484
-13.5792 -3.58111 0.0913435 -4.52343
-13.5608 -3.57942 0.0914163 -4.52202
-13.5424 -3.57774 0.0914893 -4.52061
-13.524 -3.57606 0.0915624 -4.5192
-13.5056 -3.57437 0.0916357 -4.51778
-13.4872 -3.57269 0.0917092 -4.51637
-13.4688 -3.571 0.0917829 -4.51495
-13.4504 -3.56931 0.0918567 -4.51353
-13.432 -3.56762 0.0919306 -4.51211
-13.4136 -3.56592 0.0920048 -4.51068
-13.3952 -3.56423 0.092079 -4.50926
-13.3768 -3.56254 0.0921535 -4.50783
-13.3584 -3.56084 0.0922281 -4.5064
-13.34 -3.55914 0.0923029 -4.50497
-13.3216 -3.55744 0.0923779 -4.50354
-13.3032 -3.55574 0.092453 -4.5021
-13.2848 -3.55404 0.0925283 -4.50066
-13.2664 -3.55234 0.0926038 -4.49922
-13.248 -3.55063 0.0926794 -4.49778
-13.2296 -3.54893 0.0927552 -4.49634
-13.2112 -3.54722 0.0928312 -4.4949
-13.1928 -3.54551 0.0929074 -4.49345
-13.1744 -3.5438 0.0929837 -4.492
-13.156 -3.54209 0.0930602 -4.49055
-13.1376 -3.54038 0.0931368 -4.4891
-13.1192 -3.53866 0.0932137 -4.48765
-13.1008 -3.53695 0.0932907 -4.48619
-13.0824 -3.53523 0.0933679 -4.48473
-13.064 -3.53351 0.0934453 -4.48328
-13.0456 -3.53179 0.0935228 -4.48181
-13.0272 -3.53007 0.0936005 -4.48035
-13.0088 -3.52835 0.0936784 -4.47889
-12.9904 -3.52662 0.0937565 -4.47742
-12.972 -3.52489 0.0938348 -4.47595
-12.9536 -3.52317 0.0939132 -4.47448
-12.9352 -3.52144 0.0939918 -4.473
-12.9168 -3.51971 0.0940706 -4.47153
-12.8984 -3.51798 0.0941496 -4.47005
-12.88 -3.51624 0.0942288 -4.46857
-12.8616 -3.51451 0.0943082 -4.46709
-12.8432 -3.51277 0.0943877 -4.46561
-12.8248 -3.51104 0.0944674 -4.46413
-12.8064 -3.5093 0.0945473 -4.46264
-12.788 -3.50756 0.0946274 -4.46115
-12.7696 -3.50581 0.0947077 -4.45966
-12.7512 -3.50407 0.0947882 -4.45817
-12.7328 -3.50233 0.0948688 -4.45667
-12.7144 -3.50058 0.0949497 -4.45517
-12.696 -3.49883 0.0950307 -4.45368
-12.6776 -3.49708 0.0951119 -4.45217
-12.6592 -3.49533 0.0951933 -4.45067
-12.6408 -3.49358 0.0952749 -4.44917
-12.6224 -3.49183 0.0953567 -4.44766
-12.604 -3.49007 0.0954387 -4.44615
-12.5856 -3.48831 0.0955209 -4.44464
-12.5672 -3.48656 0.0956033 -4.44313
-12.5488 -3.4848 0.0956859 -4.44161
-12.5304 -3.48303 0.0957687 -4.44009
-12.512 -3.48127 0.0958517 -4.43857
-12.4936 -3.47951 0.0959348 -4.43705
-12.4752 -3.47774 0.0960182 -4.43553
-12.4568 -3.47597 0.0961018 -4.434
-12.4384 -3.4742 0.0961855 -4.43247
-12.42 -3.47243 0.0962695 -4.43094
-12.4016 -3.47066 0.0963537 -4.42941
-12.3832 -3.46889 0.0964381 -4.42788
-12.3648 -3.46711 0.0965226 -4.42634
-12.3464 -3.46534 0.0966074 -4.4248
-12.328 -3.46356 0.0966924 -4.42326
-12.3096 -3.46178 0.0967776 -4.42172
-12.2912 -3.46 0.096863 -4.42017
-12.2728 -3.45821 0.0969486 -4.41863
-12.2544 -3.45643 0.0970344 -4.41708
-12.236 -3.45464 0.0971205 -4.41553
-12.2176 -3.45285 0.0972067 -4.41397
-12.1992 -3.45107 0.0972931 -4.41242
-12.1808 -3.44927 0.0973798 -4.41086
-12.1624 -3.44748 0.0974667 -4.4093
-12.144 -3.44569 0.0975538 -4.40774
-12.1256 -3.44389 0.0976411 -4.40617
-12.1072 -3.44209 0.0977286 -4.4046
-12.0888 -3.4403 0.0978163 -4.40304
-12.0704 -3.43849 0.0979042 -4.40146
-12.052 -3.43669 0.0979924 -4.39989
-12.0336 -3.43489 0.0980808 -4.39831
-12.0152 -3.43308 0.0981694 -4.39674
-11.9968 -3.43128 0.0982582 -4.39516
-11.9784 -3.42947 0.0983473 -4.39357
-11.96 -3.42766 0.0984365 -4.39199
-11.9416 -3.42584 0.098526 -4.3904
-11.9232 -3.42403 0.0986157 -4.38881
-11.9048 -3.42222 0.0987056 -4.38722
-11.8864 -3.4204 0.0987958 -4.38563
-11.868 -3.41858 0.0988862 -4.38403
-11.8496 -3.41676 0.0989768 -4.38243
-11.8312 -3.41494 0.0990677 -4.38083
-11.8128 -3.41311 0.0991587 -4.37923
-11.7944 -3.41129 0.09925 -4.37762
-11.776 -3.40946 0.0993416 -4.37601
-11.7576 -3.40763 0.0994333 -4.3744
-11.7392 -3.4058 0.0995253 -4.37279
-11.7208 -3.40397 0.0996176 -4.37118
-11.7024 -3.40214 0.09971 -4.36956
-11.684 -3.4003 0.0998027 -4.36794
-11.6656 -3.39846 0.0998957 -4.36632
-11.6472 -3.39662 0.0999888 -4.36469
-11.6288 -3.39478 0.100082 -4.36306
-11.6104 -3.39294 0.100176 -4.36143
-11.592 -3.3911 0.10027 -4.3598
-11.5736 -3.38925 0.100364 -4.35817
-11.5552 -3.3874 0.100458 -4.35653
-11.5368 -3.38555 0.100553 -4.35489
-11.5184 -3.3837 0.100648 -4.35325
-11.5 -3.38185 0.100743 -4.35161
-11.4816 -3.38 0.100838 -4.34996
-11.4632 -3.37814 0.100934 -4.34831
-11.4448 -3.37628 0.10103 -4.34666
-11.4264 -3.37442 0.101126 -4.34501
-11.408 -3.37256 0.101222 -4.34335
-11.3896 -3.3707 0.101319 -4.34169
-11.3712 -3.36883 0.101416 -4.34003
-11.3528 -3.36697 0.101513 -4.33837
-11.3344 -3.3651 0.10161 -4.3367
-11.316 -3.36323 0.101708 -4.33503
-11.2976 -3.36135 0.101806 -4.33336
-11.2792 -3.35948 0.101904 -4.33169
-11.2608 -3.3576 0.102002 -4.33001
-11.2424 -3.35573 0.102101 -4.32833
-11.224 -3.35385 0.1022 -4.32665
-11.2056 -3.35196 0.102299 -4.32496
-11.1872 -3.35008 0.102398 -4.32328
-11.1688 -3.3482 0.102498 -4.32159
-11.1504 -3.34631 0.102598 -4.3199
-11.132 -3.34442 0.102698 -4.3182
-11.1136 -3.34253 0.102799 -4.3165
-11.0952 -3.34064 0.1029 -4.3148
-11.0768 -3.33874 0.103001 -4.3131
-11.0584 -3.33685 0.103102 -4.3114
-11.04 -3.33495 0.103204 -4.30969
-11.0216 -3.33305 0.103306 -4.30798
-11.0032 -3.33115 0.103408 -4.30626
-10.9848 -3.32924 0.10351 -4.30455
-10.9664 -3.32734 0.103613 -4.30283
-10.948 -3.32543 0.103716 -4.30111
-10.9296 -3.32352 0.103819 -4.29938
-10.9112 -3.32161 0.103923 -4.29766
-10.8928 -3.3197 0.104027 -4.29593
-10.8744 -3.31778 0.104131 -4.2942
-10.856 -3.31587 0.104235 -4.29246
-10.8376 -3.31395 0.10434 -4.29072
-10.8192 -3.31203 0.104445 -4.28898
-10.8008 -3.3101 0.10455 -4.28724
-10.7824 -3.30818 0.104656 -4.2855
-10.764 -3.30625 0.104761 -4.28375
-10.7456 -3.30432 0.104868 -4.28199
-10.7272 -3.30239 0.104974 -4.28024
-10.7088 -3.30046 0.105081 -4.27848
-10.6904 -3.29853 0.105188 -4.27672
-10.672 -3.29659 0.105295 -4.27496
-10.6536 -3.29465 0.105403 -4.2732
-10.6352 -3.29271 0.105511 -4.27143
-10.6168 -3.29077 0.105619 -4.26966
-10.5984 -3.28882 0.105728 -4.26788
-10.58 -3.28688 0.105836 -4.2661
-10.5616 -3.28493 0.105946 -4.26432
-10.5432 -3.28298 0.106055 -4.26254
-10.5248 -3.28103 0.106165 -4.26076
-10.5064 -3.27907 0.106275 -4.25897
-10.488 -3.27712 0.106385 -4.25718
-10.4696 -3.27516 0.106496 -4.25538
-10.4512 -3.2732 0.106607 -4.25358
-10.4328 -3.27123 0.106718 -4.25178
-10.4144 -3.26927 0.10683 -4.24998
-10.396 -3.2673 0.106942 -4.24817
-10.3776 -3.26533 0.107054 -4.24636
-10.3592 -3.26336 0.107167 -4.24455
-10.3408 -3.26139 0.10728 -4.24274
-10.3224 -3.25941 0.107393 -4.24092
-10.304 -3.25744 0.107507 -4.2391
-10.2856 -3.25546 0.107621 -4.23727
-10.2672 -3.25348 0.107735 -4.23545
-10.2488 -3.25149 0.107849 -4.23362
-10.2304 -3.24951 0.107964 -4.23178
-10.212 -3.24752 0.10808 -4.22994
-10.1936 -3.24553 0.108195 -4.22811
-10.1752 -3.24354 0.108311 -4.22626
-10.1568 -3.24155 0.108427 -4.22442
-10.1384 -3.23955 0.108544 -4.22257
-10.12 -3.23755 0.108661 -4.22071
-10.1016 -3.23555 0.108778 -4.21886
-10.0832 -3.23355 0.108896 -4.217
-10.0648 -3.23154 0.109014 -4.21514
-10.0464 -3.22954 0.109132 -4.21327
-10.028 -3.22753 0.109251 -4.21141
-10.0096 -3.22552 0.10937 -4.20954
-9.9912 -3.2235 0.109489 -4.20766
-9.9728 -3.22149 0.109609 -4.20578
-9.9544 -3.21947 0.109729 -4.2039
-9.936 -3.21745 0.10985 -4.20202
-9.9176 -3.21543 0.10997 -4.20013
-9.8992 -3.2134 0.110092 -4.19824
-9.8808 -3.21137 0.110213 -4.19635
-9.8624 -3.20935 0.110335 -4.19445
-9.844 -3.20731 0.110457 -4.19255
-9.8256 -3.20528 0.11058 -4.19064
-9.8072 -3.20324 0.110703 -4.18874
-9.7888 -3.20121 0.110826 -4.18683
-9.7704 -3.19917 0.11095 -4.18491
-9.752 -3.19712 0.111074 -4.18299
-9.7336 -3.19508 0.111199 -4.18107
-9.7152 -3.19303 0.111324 -4.17915
-9.6968 -3.19098 0.111449 -4.17722
-9.6784 -3.18893 0.111575 -4.17529
-9.66 -3.18688 0.111701 -4.17336
-9.6416 -3.18482 0.111827 -4.17142
-9.6232 -3.18276 0.111954 -4.16948
-9.6048 -3.1807 0.112081 -4.16753
-9.5864 -3.17864 0.112209 -4.16559
-9.568 -3.17657 0.112337 -4.16363
-9.5496 -3.1745 0.112466 -4.16168
-9.5312 -3.17243 0.112594 -4.15972
-9.5128 -3.17036 0.112724 -4.15776
-9.4944 -3.16828 0.112853 -4.15579
-9.476 -3.16621 0.112983 -4.15382
-9.4576 -3.16413 0.113114 -4.15185
-9.4392 -3.16204 0.113245 -4.14987
-9.4208 -3.15996 0.113376 -4.14789
-9.4024 -3.15787 0.113508 -4.14591
-9.384 -3.15578 0.11364 -4.14392
-9.3656 -3.15369 0.113772 -4.14193
-9.3472 -3.15159 0.113905 -4.13994
-9.3288 -3.1495 0.114038 -4.13794
-9.3104 -3.1474 0.114172 -4.13594
-9.292 -3.1453 0.114306 -4.13393
-9.2736 -3.14319 0.114441 -4.13192
-9.2552 -3.14108 0.114576 -4.12991
-9.2368 -3.13898 0.114712 -4.12789
-9.2184 -3.13686 0.114848 -4.12587
-9.2 -3.13475 0.114984 -4.12385
-9.1816 -3.13263 0.115121 -4.12182
-9.1632 -3.13051 0.115258 -4.11979
-9.1448 -3.12839 0.115396 -4.11775
-9.1264 -3.12627 0.115534 -4.11571
-9.108 -3.12414 0.115673 -4.11367
-9.0896 -3.12201 0.115812 -4.11162
-9.0712 -3.11988 0.115951 -4.10957
-9.0528 -3.11774 0.116091 -4.10752
-9.0344 -3.1156 0.116232 -4.10546
-9.016 -3.11346 0.116372 -4.10339
-8.9976 -3.11132 0.116514 -4.10133
-8.9792 -3.10918 0.116656 -4.09926
-8.9608 -3.10703 0.116798 -4.09718
-8.9424 -3.10488 0.116941 -4.0951
-8.924 -3.10273 0.117084 -4.09302
-8.9056 -3.10057 0.117228 -4.09093
-8.8872 -3.09841 0.117372 -4.08884
-8.8688 -3.09625 0.117517 -4.08675
-8.8504 -3.09409 0.117662 -4.08465
-8.832 -3.09192 0.117807 -4.08255
-8.8136 -3.08975 0.117954 -4.08044
-8.7952 -3.08758 0.1181 -4.07833
-8.7768 -3.08541 0.118247 -4.07622
-8.7584 -3.08323 0.118395 -4.0741
-8.74 -3.08105 0.118543 -4.07197
-8.7216 -3.07887 0.118692 -4.06985
-8.7032 -3.07668 0.118841 -4.06771
-8.6848 -3.07449 0.11899 -4.06558
-8.6664 -3.0723 0.119141 -4.06344
-8.648 -3.07011 0.119291 -4.06129
-8.6296 -3.06791 0.119442 -4.05914
-8.6112 -3.06571 0.119594 -4.05699
-8.5928 -3.06351 0.119746 -4.05483
-8.5744 -3.06131 0.119899 -4.05267
-8.556 -3.0591 0.120052 -4.05051
-8.5376 -3.05689 0.120206 -4.04834
-8.5192 -3.05468 0.120361 -4.04616
-8.5008 -3.05246 0.120516 -4.04398
-8.4824 -3.05024 0.120671 -4.0418
-8.464 -3.04802 0.120827 -4.03961
-8.4456 -3.04579 0.120983 -4.03742
-8.4272 -3.04357 0.121141 -4.03522
-8.4088 -3.04134 0.121298 -4.03302
-8.3904 -3.0391 0.121456 -4.03082
-8.372 -3.03687 0.121615 -4.02861
-8.3536 -3.03463 0.121774 -4.02639
-8.3352 -3.03238 0.121934 -4.02417
-8.3168 -3.03014 0.122095 -4.02195
-8.2984 -3.02789 0.122256 -4.01972
-8.28 -3.02564 0.122417 -4.01749
-8.2616 -3.02339 0.122579 -4.01525
-8.2432 -3.02113 0.122742 -4.01301
-8.2248 -3.01887 0.122905 -4.01076
-8.2064 -3.01661 0.123069 -4.00851
-8.188 -3.01434 0.123234 -4.00626
-8.1696 -3.01207 0.123399 -4.00399
-8.1512 -3.0098 0.123565 -4.00173
-8.1328 -3.00752 0.123731 -3.99946
-8.1144 -3.00525 0.123898 -3.99718
-8.096 -3.00297 0.124065 -3.9949
-8.0776 -3.00068 0.124234 -3.99262
-8.0592 -2.99839 0.124402 -3.99033
-8.0408 -2.9961 0.124572 -3.98803
-8.0224 -2.99381 0.124742 -3.98573
-8.004 -2.99151 0.124912 -3.98343
-7.9856 -2.98921 0.125084 -3.98112
-7.9672 -2.98691 0.125255 -3.97881
-7.9488 -2.9846 0.125428 -3.97649
-7.9304 -2.98229 0.125601 -3.97416
-7.912 -2.97998 0.125775 -3.97183
-7.8936 -2.97767 0.125949 -3.9695
-7.8752 -2.97535 0.126124 -3.96716
-7.8568 -2.97302 0.1263 -3.96482
-7.8384 -2.9707 0.126477 -3.96247
-7.82 -2.96837 0.126654 -3.96011
-7.8016 -2.96604 0.126832 -3.95775
-7.7832 -2.9637 0.12701 -3.95539
-7.7648 -2.96136 0.127189 -3.95302
-7.7464 -2.95902 0.127369 -3.95064
-7.728 -2.95668 0.127549 -3.94826
-7.7096 -2.95433 0.127731 -3.94587
-7.6912 -2.95198 0.127913 -3.94348
-7.6728 -2.94962 0.128095 -3.94109
-7.6544 -2.94726 0.128278 -3.93868
-7.636 -2.9449 0.128462 -3.93628
-7.6176 -2.94253 0.128647 -3.93386
-7.5992 -2.94017 0.128833 -3.93145
-7.5808 -2.93779 0.129019 -3.92902
-7.5624 -2.93542 0.129206 -3.92659
-7.544 -2.93304 0.129393 -3.92416
-7.5256 -2.93066 0.129582 -3.92172
-7.5072 -2.92827 0.129771 -3.91927
-7.4888 -2.92588 0.12996 -3.91682
-7.4704 -2.92349 0.130151 -3.91436
-7.452 -2.92109 0.130342 -3.9119
-7.4336 -2.91869 0.130534 -3.90943
-7.4152 -2.91629 0.130727 -3.90696
-7.3968 -2.91388 0.130921 -3.90448
-7.3784 -2.91147 0.131115 -3.90199
-7.36 -2.90905 0.13131 -3.8995
-7.3416 -2.90664 0.131506 -3.89701
-7.3232 -2.90422 0.131703 -3.8945
-7.3048 -2.90179 0.131901 -3.89199
-7.2864 -2.89936 0.132099 -3.88948
-7.268 -2.89693 0.132298 -3.88696
-7.2496 -2.89449 0.132498 -3.88443
-7.2312 -2.89205 0.132699 -3.8819
-7.2128 -2.88961 0.1329 -3.87936
-7.1944 -2.88716 0.133103 -3.87682
-7.176 -2.88471 0.133306 -3.87427
-7.1576 -2.88226 0.13351 -3.87171
-7.1392 -2.8798 0.133715 -3.86915
-7.1208 -2.87734 0.133921 -3.86658
-7.1024 -2.87487 0.134127 -3.86401
-7.084 -2.8724 0.134335 -3.86143
-7.0656 -2.86993 0.134543 -3.85884
-7.0472 -2.86745 0.134752 -3.85624
-7.0288 -2.86497 0.134962 -3.85365
-7.0104 -2.86248 0.135173 -3.85104
-6.992 -2.85999 0.135385 -3.84843
-6.9736 -2.8575 0.135598 -3.84581
-6.9552 -2.855 0.135812 -3.84318
-6.9368 -2.8525 0.136026 -3.84055
-6.9184 -2.85 0.136242 -3.83791
-6.9 -2.84749 0.136458 -3.83527
-6.8816 -2.84498 0.136675 -3.83262
-6.8632 -2.84246 0.136893 -3.82996
-6.8448 -2.83994 0.137113 -3.82729
-6.8264 -2.83741 0.137333 -3.82462
-6.808 -2.83488 0.137554 -3.82195
-6.7896 -2.83235 0.137776 -3.81926
-6.7712 -2.82981 0.137999 -3.81657
-6.7528 -2.82727 0.138223 -3.81387
-6.7344 -2.82473 0.138448 -3.81117
-6.716 -2.82218 0.138673 -3.80845
-6.6976 -2.81962 0.1389 -3.80574
-6.6792 -2.81707 0.139128 -3.80301
-6.6608 -2.8145 0.139357 -3.80028
-6.6424 -2.81194 0.139587 -3.79754
-6.624 -2.80937 0.139818 -3.79479
-6.6056 -2.80679 0.14005 -3.79204
-6.5872 -2.80421 0.140283 -3.78928
-6.5688 -2.80163 0.140517 -3.78651
-6.5504 -2.79904 0.140752 -3.78373
-6.532 -2.79645 0.140988 -3.78095
-6.5136 -2.79385 0.141225 -3.77816
-6.4952 -2.79125 0.141463 -3.77536
-6.4768 -2.78865 0.141703 -3.77256
-6.4584 -2.78604 0.141943 -3.76975
-6.44 -2.78342 0.142185 -3.76693
-6.4216 -2.78081 0.142427 -3.7641
-6.4032 -2.77818 0.142671 -3.76127
-6.3848 -2.77556 0.142916 -3.75843
-6.3664 -2.77292 0.143162 -3.75558
-6.348 -2.77029 0.143409 -3.75272
-6.3296 -2.76765 0.143657 -3.74986
-6.3112 -2.765 0.143907 -3.74698
-6.2928 -2.76235 0.144157 -3.7441
-6.2744 -2.7597 0.144409 -3.74121
-6.256 -2.75704 0.144662 -3.73832
-6.2376 -2.75437 0.144916 -3.73542
-6.2192 -2.7517 0.145171 -3.7325
-6.2008 -2.74903 0.145428 -3.72958
-6.1824 -2.74635 0.145685 -3.72666
-6.164 -2.74367 0.145944 -3.72372
-6.1456 -2.74098 0.146204 -3.72078
-6.1272 -2.73829 0.146466 -3.71783
-6.1088 -2.73559 0.146729 -3.71487
-6.0904 -2.73289 0.146992 -3.7119
-6.072 -2.73018 0.147258 -3.70892
-6.0536 -2.72747 0.147524 -3.70593
-6.0352 -2.72475 0.147792 -3.70294
-6.0168 -2.72203 0.148061 -3.69994
-5.9984 -2.7193 0.148331 -3.69693
-5.98 -2.71657 0.148603 -3.69391
-5.9616 -2.71384 0.148876 -3.69088
-5.9432 -2.71109 0.14915 -3.68785
-5.9248 -2.70835 0.149426 -3.6848
-5.9064 -2.7056 0.149703 -3.68175
-5.888 -2.70284 0.149982 -3.67868
-5.8696 -2.70008 0.150261 -3.67561
-5.8512 -2.69731 0.150543 -3.67253
-5.8328 -2.69454 0.150825 -3.66944
-5.8144 -2.69176 0.151109 -3.66635
-5.796 -2.68898 0.151395 -3.66324
-5.7776 -2.68619 0.151682 -3.66012
-5.7592 -2.68339 0.15197 -3.657
-5.7408 -2.68059 0.15226 -3.65386
-5.7224 -2.67779 0.152551 -3.65072
-5.704 -2.67498 0.152844 -3.64756
-5.6856 -2.67217 0.153138 -3.6444
-5.6672 -2.66934 0.153434 -3.64123
-5.6488 -2.66652 0.153731 -3.63805
-5.6304 -2.66369 0.15403 -3.63486
-5.612 -2.66085 0.154331 -3.63165
-5.5936 -2.65801 0.154633 -3.62844
-5.5752 -2.65516 0.154936 -3.62522
-5.5568 -2.65231 0.155241 -3.62199
-5.5384 -2.64945 0.155548 -3.61875
-5.52 -2.64658 0.155856 -3.6155
-5.5016 -2.64371 0.156166 -3.61224
-5.4832 -2.64084 0.156478 -3.60897
-5.4648 -2.63795 0.156791 -3.60569
-5.4464 -2.63507 0.157106 -3.6024
-5.428 -2.63217 0.157423 -3.5991
-5.4096 -2.62927 0.157741 -3.59579
-5.3912 -2.62637 0.158061 -3.59247
-5.3728 -2.62346 0.158383 -3.58913
-5.3544 -2.62054 0.158707 -3.58579
-5.336 -2.61762 0.159032 -3.58244
-5.3176 -2.61469 0.159359 -3.57908
-5.2992 -2.61175 0.159688 -3.5757
-5.2808 -2.60881 0.160019 -3.57232
-5.2624 -2.60586 0.160351 -3.56892
-5.244 -2.60291 0.160685 -3.56551
-5.2256 -2.59995 0.161022 -3.56209
-5.2072 -2.59698 0.16136 -3.55866
-5.1888 -2.59401 0.1617 -3.55522
-5.1704 -2.59103 0.162041 -3.55177
-5.152 -2.58805 0.162385 -3.54831
-5.1336 -2.58506 0.162731 -3.54483
-5.1152 -2.58206 0.163079 -3.54135
-5.0968 -2.57906 0.163428 -3.53785
-5.0784 -2.57605 0.16378 -3.53434
-5.06 -2.57303 0.164134 -3.53082
-5.0416 -2.57 0.164489 -3.52729
-5.0232 -2.56698 0.164847 -3.52374
-5.0048 -2.56394 0.165207 -3.52019
-4.9864 -2.5609 0.165569 -3.51662
-4.968 -2.55785 0.165933 -3.51304
-4.9496 -2.55479 0.166299 -3.50945
-4.9312 -2.55173 0.166667 -3.50584
-4.9128 -2.54866 0.167037 -3.50222
-4.8944 -2.54558 0.16741 -3.49859
-4.876 -2.5425 0.167785 -3.49495
-4.8576 -2.5394 0.168162 -3.4913
-4.8392 -2.53631 0.168541 -3.48763
-4.8208 -2.5332 0.168923 -3.48395
-4.8024 -2.53009 0.169307 -3.48026
-4.784 -2.52697 0.169693 -3.47655
-4.7656 -2.52385 0.170081 -3.47283
-4.7472 -2.52071 0.170472 -3.4691
-4.7288 -2.51757 0.170865 -3.46535
-4.7104 -2.51442 0.171261 -3.46159
-4.692 -2.51127 0.171659 -3.45782
-4.6736 -2.50811 0.17206 -3.45403
-4.6552 -2.50494 0.172463 -3.45023
-4.6368 -2.50176 0.172868 -3.44642
-4.6184 -2.49858 0.173276 -3.44259
-4.6 -2.49538 0.173687 -3.43875
-4.5816 -2.49218 0.1741 -3.43489
-4.5632 -2.48898 0.174516 -3.43102
-4.5448 -2.48576 0.174934 -3.42714
-4.5264 -2.48254 0.175355 -3.42324
-4.508 -2.47931 0.175779 -3.41933
-4.4896 -2.47607 0.176206 -3.4154
-4.4712 -2.47282 0.176635 -3.41146
-4.4528 -2.46957 0.177067 -3.4075
-4.4344 -2.46631 0.177502 -3.40352
-4.416 -2.46304 0.177939 -3.39954
-4.3976 -2.45976 0.17838 -3.39553
-4.3792 -2.45647 0.178823 -3.39152
-4.3608 -2.45318 0.179269 -3.38748
-4.3424 -2.44988 0.179718 -3.38343
-4.324 -2.44657 0.18017 -3.37937
-4.3056 -2.44325 0.180626 -3.37529
-4.2872 -2.43992 0.181084 -3.37119
-4.2688 -2.43658 0.181545 -3.36708
-4.2504 -2.43324 0.182009 -3.36295
-4.232 -2.42989 0.182477 -3.3588
-4.2136 -2.42652 0.182948 -3.35464
-4.1952 -2.42315 0.183422 -3.35046
-4.1768 -2.41977 0.183899 -3.34627
-4.1584 -2.41639 0.184379 -3.34206
-4.14 -2.41299 0.184863 -3.33783
-4.1216 -2.40958 0.18535 -3.33358
-4.1032 -2.40617 0.18584 -3.32932
-4.0848 -2.40274 0.186334 -3.32504
-4.0664 -2.39931 0.186832 -3.32074
-4.048 -2.39587 0.187333 -3.31642
-4.0296 -2.39242 0.187837 -3.31209
-4.0112 -2.38896 0.188345 -3.30774
-3.9928 -2.38549 0.188857 -3.30337
-3.9744 -2.38201 0.189372 -3.29898
-3.956 -2.37852 0.189891 -3.29457
-3.9376 -2.37502 0.190414 -3.29015
-3.9192 -2.37151 0.19094 -3.2857
-3.9008 -2.36799 0.191471 -3.28124
-3.8824 -2.36446 0.192005 -3.27676
-3.864 -2.36093 0.192543 -3.27225
-3.8456 -2.35738 0.193085 -3.26773
-3.8272 -2.35382 0.193631 -3.26319
-3.8088 -2.35025 0.194182 -3.25863
-3.7904 -2.34667 0.194736 -3.25405
-3.772 -2.34309 0.195294 -3.24945
-3.7536 -2.33949 0.195857 -3.24483
-3.7352 -2.33588 0.196424 -3.24018
-3.7168 -2.33226 0.196996 -3.23552
-3.6984 -2.32863 0.197571 -3.23084
-3.68 -2.32499 0.198151 -3.22613
-3.6616 -2.32134 0.198736 -3.22141
-3.6432 -2.31767 0.199325 -3.21666
-3.6248 -2.314 0.199919 -3.21189
-3.6064 -2.31032 0.200517 -3.2071
-3.588 -2.30662 0.201121 -3.20228
-3.5696 -2.30292 0.201728 -3.19745
-3.5512 -2.2992 0.202341 -3.19259
-3.5328 -2.29547 0.202959 -3.18771
-3.5144 -2.29173 0.203581 -3.1828
-3.496 -2.28798 0.204209 -3.17788
-3.4776 -2.28421 0.204842 -3.17293
-3.4592 -2.28044 0.205479 -3.16795
-3.4408 -2.27665 0.206122 -3.16295
-3.4224 -2.27285 0.206771 -3.15793
-3.404 -2.26904 0.207424 -3.15288
-3.3856 -2.26522 0.208084 -3.14781
-3.3672 -2.26139 0.208748 -3.14271
-3.3488 -2.25754 0.209418 -3.13759
-3.3304 -2.25368 0.210094 -3.13245
-3.312 -2.24981 0.210776 -3.12727
-3.2936 -2.24592 0.211463 -3.12208
-3.2752 -2.24203 0.212156 -3.11685
-3.2568 -2.23812 0.212855 -3.1116
-3.2384 -2.23419 0.213561 -3.10632
-3.22 -2.23026 0.214272 -3.10102
-3.2016 -2.22631 0.21499 -3.09569
-3.1832 -2.22234 0.215713 -3.09033
-3.1648 -2.21837 0.216444 -3.08494
-3.1464 -2.21438 0.21718 -3.07952
-3.128 -2.21038 0.217924 -3.07408
-3.1096 -2.20636 0.218674 -3.06861
-3.0912 -2.20233 0.21943 -3.06311
-3.0728 -2.19828 0.220194 -3.05758
-3.0544 -2.19423 0.220964 -3.05201
-3.036 -2.19015 0.221742 -3.04642
-3.0176 -2.18607 0.222527 -3.0408
-2.9992 -2.18196 0.223319 -3.03515
-2.9808 -2.17785 0.224118 -3.02947
-2.9624 -2.17372 0.224925 -3.02376
-2.944 -2.16957 0.22574 -3.01801
-2.9256 -2.16541 0.226562 -3.01223
-2.9072 -2.16123 0.227392 -3.00642
-2.8888 -2.15704 0.22823 -3.00058
-2.8704 -2.15283 0.229076 -2.9947
-2.852 -2.14861 0.22993 -2.98879
-2.8336 -2.14437 0.230793 -2.98285
-2.8152 -2.14012 0.231664 -2.97687
-2.7968 -2.13585 0.232544 -2.97086
-2.7784 -2.13156 0.233432 -2.96481
-2.76 -2.12726 0.234329 -2.95873
-2.7416 -2.12294 0.235235 -2.95261
-2.7232 -2.1186 0.236151 -2.94645
-2.7048 -2.11425 0.237076 -2.94026
-2.6864 -2.10988 0.23801 -2.93403
-2.668 -2.10549 0.238953 -2.92776
-2.6496 -2.10108 0.239907 -2.92146
-2.6312 -2.09666 0.24087 -2.91511
-2.6128 -2.09222 0.241844 -2.90873
-2.5944 -2.08776 0.242828 -2.9023
-2.576 -2.08328 0.243822 -2.89584
-2.5576 -2.07879 0.244827 -2.88933
-2.5392 -2.07427 0.245843 -2.88279
-2.5208 -2.06974 0.246869 -2.8762
-2.5024 -2.06519 0.247907 -2.86957
-2.484 -2.06062 0.248956 -2.86289
-2.4656 -2.05603 0.250017 -2.85618
-2.4472 -2.05142 0.25109 -2.84941
-2.4288 -2.04679 0.252174 -2.84261
-2.4104 -2.04214 0.253271 -2.83576
-2.392 -2.03747 0.25438 -2.82886
-2.3736 -2.03277 0.255502 -2.82192
-2.3552 -2.02806 0.256637 -2.81493
-2.3368 -2.02333 0.257785 -2.80789
-2.3184 -2.01858 0.258946 -2.8008
-2.3 -2.0138 0.260121 -2.79366
-2.2816 -2.009 0.261309 -2.78648
-2.2632 -2.00418 0.262512 -2.77924
-2.2448 -1.99934 0.263729 -2.77195
-2.2264 -1.99448 0.264961 -2.76461
-2.208 -1.98959 0.266208 -2.75722
-2.1896 -1.98468 0.26747 -2.74977
-2.1712 -1.97975 0.268748 -2.74227
-2.1528 -1.97479 0.270041 -2.73472
-2.1344 -1.96981 0.271351 -2.72711
-2.116 -1.96481 0.272677 -2.71944
-2.0976 -1.95978 0.27402 -2.71171
-2.0792 -1.95472 0.27538 -2.70393
-2.0608 -1.94964 0.276758 -2.69608
-2.0424 -1.94454 0.278154 -2.68818
-2.024 -1.93941 0.279568 -2.68021
-2.0056 -1.93425 0.281001 -2.67218
-1.9872 -1.92907 0.282452 -2.66409
-1.9688 -1.92386 0.283923 -2.65593
-1.9504 -1.91862 0.285414 -2.64771
-1.932 -1.91335 0.286926 -2.63942
-1.9136 -1.90806 0.288458 -2.63106
-1.8952 -1.90274 0.290011 -2.62264
-1.8768 -1.89739 0.291586 -2.61414
-1.8584 -1.89201 0.293183 -2.60557
-1.84 -1.8866 0.294803 -2.59694
-1.8216 -1.88116 0.296446 -2.58822
-1.8032 -1.87569 0.298113 -2.57944
-1.7848 -1.87019 0.299804 -2.57057
-1.7664 -1.86465 0.30152 -2.56163
-1.748 -1.85909 0.303261 -2.55261
-1.7296 -1.85349 0.305029 -2.54351
-1.7112 -1.84787 0.306823 -2.53433
-1.6928 -1.8422 0.308644 -2.52507
-1.6744 -1.83651 0.310494 -2.51572
-1.656 -1.83078 0.312372 -2.50628
-1.6376 -1.82501 0.31428 -2.49675
-1.6192 -1.81921 0.316217 -2.48714
-1.6008 -1.81337 0.318186 -2.47743
-1.5824 -1.8075 0.320186 -2.46764
-1.564 -1.80159 0.322219 -2.45774
-1.5456 -1.79564 0.324285 -2.44775
-1.5272 -1.78966 0.326385 -2.43766
-1.5088 -1.78363 0.328521 -2.42747
-1.4904 -1.77757 0.330693 -2.41717
-1.472 -1.77146 0.332902 -2.40678
-1.4536 -1.76532 0.335149 -2.39627
-1.4352 -1.75913 0.337435 -2.38565
-1.4168 -1.7529 0.339761 -2.37493
-1.3984 -1.74663 0.342129 -2.36408
-1.38 -1.74031 0.34454 -2.35312
-1.3616 -1.73395 0.346994 -2.34205
-1.3432 -1.72754 0.349494 -2.33085
-1.3248 -1.72108 0.352039 -2.31952
-1.3064 -1.71458 0.354633 -2.30807
-1.288 -1.70803 0.357276 -2.29648
-1.2696 -1.70144 0.35997 -2.28477
-1.2512 -1.69479 0.362717 -2.27291
-1.2328 -1.68809 0.365517 -2.26092
-1.2144 -1.68134 0.368373 -2.24878
-1.196 -1.67453 0.371287 -2.2365
-1.1776 -1.66767 0.37426 -2.22406
-1.1592 -1.66076 0.377295 -2.21147
-1.1408 -1.65379 0.380393 -2.19873
-1.1224 -1.64676 0.383556 -2.18582
-1.104 -1.63967 0.386788 -2.17274
-1.0856 -1.63252 0.390089 -2.15949
-1.0672 -1.62532 0.393463 -2.14607
-1.0488 -1.61804 0.396912 -2.13247
-1.0304 -1.61071 0.400439 -2.11868
-1.012 -1.60331 0.404046 -2.1047
-0.9936 -1.59584 0.407738 -2.09052
-0.9752 -1.5883 0.411516 -2.07615
-0.9568 -1.5807 0.415384 -2.06156
-0.9384 -1.57302 0.419345 -2.04676
-0.92 -1.56526 0.423404 -2.03175
-0.9016 -1.55743 0.427564 -2.0165
-0.8832 -1.54953 0.431829 -2.00103
-0.8648 -1.54154 0.436203 -1.98531
-0.8464 -1.53347 0.440691 -1.96934
-0.828 -1.52532 0.445298 -1.95311
-0.8096 -1.51709 0.450028 -1.93662
-0.7912 -1.50876 0.454888 -1.91986
-0.7728 -1.50035 0.459882 -1.90281
-0.7544 -1.49184 0.465017 -1.88547
-0.736 -1.48323 0.470299 -1.86783
-0.7176 -1.47453 0.475735 -1.84987
-0.6992 -1.46572 0.481332 -1.83158
-0.6808 -1.45682 0.487098 -1.81296
-0.6624 -1.4478 0.49304 -1.79399
-0.644 -1.43867 0.499169 -1.77465
-0.6256 -1.42943 0.505493 -1.75493
-0.6072 -1.42007 0.512022 -1.73481
-0.5888 -1.41058 0.518767 -1.71429
-0.5704 -1.40097 0.525739 -1.69334
-0.552 -1.39124 0.532951 -1.67194
-0.5336 -1.38136 0.540416 -1.65007
-0.5152 -1.37135 0.548148 -1.62772
-0.4968 -1.36119 0.556163 -1.60486
-0.4784 -1.35088 0.564477 -1.58146
-0.46 -1.34041 0.573108 -1.55751
-0.4416 -1.32979 0.582075 -1.53297
-0.4232 -1.31899 0.5914 -1.50781
-0.4048 -1.30802 0.601104 -1.482
-0.3864 -1.29687 0.611214 -1.45552
-0.368 -1.28552 0.621756 -1.42831
-0.3496 -1.27398 0.63276 -1.40034
-0.3312 -1.26224 0.644256 -1.37157
-0.3128 -1.25027 0.656282 -1.34194
-0.2944 -1.23808 0.668875 -1.31141
-0.276 -1.22565 0.682077 -1.27992
-0.2576 -1.21298 0.695936 -1.24741
-0.2392 -1.20004 0.710502 -1.2138
-0.2208 -1.18683 0.725832 -1.17903
-0.2024 -1.17332 0.741988 -1.143
-0.184 -1.15951 0.759039 -1.10563
-0.1656 -1.14538 0.777061 -1.0668
-0.1472 -1.13091 0.796138 -1.02642
-0.1288 -1.11608 0.816364 -0.984336
-0.1104 -1.10086 0.837841 -0.940416
-0.092 -1.08524 0.860681 -0.894491
-0.0736 -1.06918 0.885009 -0.846376
-0.0552 -1.05266 0.910958 -0.795858
-0.0368 -1.03565 0.938672 -0.742697
-0.0184 -1.01811 0.968302 -0.686618
0 -1 1 -0.627305
0.00236229 -0.997633 1.00423 -0.619438
0.00472458 -0.995255 1.00849 -0.611511
0.00708688 -0.992868 1.01279 -0.603523
0.00944917 -0.99047 1.01713 -0.595474
0.0118115 -0.988062 1.02151 -0.587362
0.0141738 -0.985644 1.02592 -0.579186
0.016536 -0.983215 1.03037 -0.570946
0.0188983 -0.980776 1.03486 -0.562641
0.0212606 -0.978326 1.03939 -0.55427
0.0236229 -0.975865 1.04396 -0.545832
0.0259852 -0.973394 1.04857 -0.537325
0.0283475 -0.970911 1.05321 -0.52875
0.0307098 -0.968418 1.0579 -0.520105
0.0330721 -0.965913 1.06262 -0.511389
0.0354344 -0.963397 1.06739 -0.5026
0.0377967 -0.96087 1.07219 -0.493739
0.040159 -0.958332 1.07704 -0.484804
0.0425213 -0.955781 1.08192 -0.475793
0.0448835 -0.95322 1.08685 -0.466707
0.0472458 -0.950647 1.09181 -0.457543
0.0496081 -0.948061 1.09682 -0.4483
0.0519704 -0.945465 1.10186 -0.438978
0.0543327 -0.942856 1.10695 -0.429576
0.056695 -0.940235 1.11207 -0.420091
0.0590573 -0.937601 1.11724 -0.410524
0.0614196 -0.934956 1.12244 -0.400872
0.0637819 -0.932298 1.12768 -0.391135
0.0661442 -0.929628 1.13296 -0.381312
0.0685065 -0.926946 1.13828 -0.371401
0.0708688 -0.92425 1.14364 -0.361401
0.0732311 -0.921542 1.14904 -0.35131
0.0755933 -0.918822 1.15447 -0.341128
0.0779556 -0.916088 1.15994 -0.330854
0.0803179 -0.913341 1.16545 -0.320485
0.0826802 -0.910582 1.17099 -0.310021
0.0850425 -0.907809 1.17656 -0.299461
0.0874048 -0.905023 1.18217 -0.288802
0.0897671 -0.902224 1.18781 -0.278045
0.0921294 -0.899411 1.19348 -0.267187
0.0944917 -0.896585 1.19919 -0.256227
0.096854 -0.893745 1.20492 -0.245165
0.0992163 -0.890892 1.21068 -0.233998
0.101579 -0.888025 1.21646 -0.222725
0.103941 -0.885145 1.22228 -0.211346
0.106303 -0.88225 1.22811 -0.199859
0.108665 -0.879342 1.23396 -0.188263
0.111028 -0.876421 1.23984 -0.176555
0.11339 -0.873485 1.24573 -0.164737
0.115752 -0.870535 1.25163 -0.152805
0.118115 -0.867571 1.25755 -0.140759
0.120477 -0.864594 1.26348 -0.128598
0.122839 -0.861602 1.26942 -0.116321
0.125201 -0.858596 1.27536 -0.103926
0.127564 -0.855576 1.2813 -0.0914136
0.129926 -0.852542 1.28724 -0.0787814
0.132288 -0.849495 1.29317 -0.066029
0.134651 -0.846433 1.2991 -0.0531556
0.137013 -0.843357 1.30501 -0.0401603
0.139375 -0.840267 1.3109 -0.0270424
0.141738 -0.837163 1.31678 -0.0138012
0.1441 -0.834046 1.32263 -0.000436246
0.146462 -0.830915 1.32845 0.0130531
0.148824 -0.82777 1.33424 0.0266671
0.151187 -0.824611 1.33998 0.0404062
0.153549 -0.821439 1.34569 0.0542706
0.155911 -0.818253 1.35134 0.0682605
0.158274 -0.815054 1.35694 0.0823757
0.160636 -0.811842 1.36248 0.0966164
0.162998 -0.808617 1.36796 0.110982
0.16536 -0.805379 1.37336 0.125473
0.167723 -0.802129 1.37868 0.140087
0.170085 -0.798866 1.38392 0.154826
0.172447 -0.79559 1.38907 0.169688
0.17481 -0.792303 1.39413 0.184672
0.177172 -0.789004 1.39908 0.199777
0.179534 -0.785693 1.40393 0.215002
0.181896 -0.782371 1.40866 0.230345
0.184259 -0.779038 1.41326 0.245807
0.186621 -0.775694 1.41774 0.261384
0.188983 -0.77234 1.42209 0.277075
0.191346 -0.768975 1.42629 0.292878
0.193708 -0.765601 1.43035 0.308792
0.19607 -0.762218 1.43425 0.324814
0.198433 -0.758825 1.438 0.340942
0.200795 -0.755424 1.44158 0.357173
0.203157 -0.752014 1.445 0.373506
0.205519 -0.748597 1.44823 0.389938
0.207882 -0.745172 1.45129 0.406465
0.210244 -0.74174 1.45416 0.423086
0.212606 -0.738302 1.45685 0.439797
0.214969 -0.734857 1.45934 0.456596
0.217331 -0.731407 1.46163 0.473479
0.219693 -0.727952 1.46372 0.490444
0.222055 -0.724492 1.46561 0.507487
0.224418 -0.721028 1.4673 0.524605
0.22678 -0.71756 1.46877 0.541795
0.229142 -0.714089 1.47004 0.559055
0.231505 -0.710615 1.47109 0.57638
0.233867 -0.707138 1.47194 0.593768
0.236229 -0.70366 1.47256 0.611215
0.238591 -0.700181 1.47298 0.628719
0.240954 -0.696701 1.47318 0.646276
0.243316 -0.693221 1.47317 0.663884
0.245678 -0.689741 1.47295 0.681539
0.248041 -0.686262 1.47252 0.699238
0.250403 -0.682785 1.47188 0.716979
0.252765 -0.679308 1.47104 0.734759
0.255128 -0.675835 1.46999 0.752574
0.25749 -0.672364 1.46873 0.770423
0.259852 -0.668896 1.46728 0.788303
0.262214 -0.665431 1.46564 0.806211
0.264577 -0.661971 1.4638 0.824146
0.266939 -0.658516 1.46178 0.842104
0.269301 -0.655065 1.45957 0.860084
0.271664 -0.65162 1.45718 0.878083
0.274026 -0.648181 1.45461 0.8961
0.276388 -0.644748 1.45188 0.914132
0.27875 -0.641321 1.44897 0.932178
0.281113 -0.637902 1.4459 0.950236
0.283475 -0.63449 1.44268 0.968305
0.285837 -0.631086 1.4393 0.986383
0.2882 -0.62769 1.43577 1.00447
0.290562 -0.624303 1.4321 1.02256
0.292924 -0.620924 1.42828 1.04066
0.295286 -0.617555 1.42434 1.05876
0.297649 -0.614195 1.42026 1.07686
0.300011 -0.610845 1.41606 1.09496
0.302373 -0.607505 1.41174 1.11307
0.304736 -0.604175 1.4073 1.13117
0.307098 -0.600856 1.40276 1.14928
0.30946 -0.597548 1.3981 1.16738
0.311823 -0.594251 1.39335 1.18548
0.314185 -0.590965 1.3885 1.20357
0.316547 -0.587691 1.38355 1.22167
0.318909 -0.584428 1.37852 1.23975
0.321272 -0.581178 1.3734 1.25784
0.323634 -0.577939 1.3682 1.27592
0.325996 -0.574714 1.36293 1.29399
0.328359 -0.5715 1.35758 1.31206
0.330721 -0.5683 1.35216 1.33012
0.333083 -0.565112 1.34668 1.34817
0.335445 -0.561937 1.34114 1.36622
0.337808 -0.558776 1.33554 1.38426
0.34017 -0.555627 1.32989 1.40229
0.342532 -0.552492 1.32419 1.42032
0.344895 -0.549371 1.31844 1.43834
0.347257 -0.546263 1.31264 1.45635
0.349619 -0.543169 1.3068 1.47435
0.351982 -0.540089 1.30093 1.49235
0.354344 -0.537023 1.29502 1.51034
0.356706 -0.533971 1.28907 1.52832
0.359068 -0.530933 1.2831 1.5463
0.361431 -0.527909 1.2771 1.56426
0.363793 -0.524899 1.27107 1.58222
0.366155 -0.521904 1.26502 1.60017
0.368518 -0.518922 1.25896 1.61812
0.37088 -0.515956 1.25287 1.63605
0.373242 -0.513003 1.24676 1.65398
0.375604 -0.510065 1.24065 1.6719
0.377967 -0.507142 1.23452 1.68982
0.380329 -0.504233 1.22838 1.70772
0.382691 -0.501338 1.22223 1.72563
0.385054 -0.498458 1.21608 1.74352
0.387416 -0.495593 1.20992 1.7614
0.389778 -0.492742 1.20376 1.77928
0.39214 -0.489905 1.19759 1.79716
0.394503 -0.487084 1.19143 1.81502
0.396865 -0.484276 1.18526 1.83288
0.399227 -0.481484 1.1791 1.85074
0.40159 -0.478706 1.17295 1.86858
0.403952 -0.475942 1.1668 1.88643
0.406314 -0.473193 1.16065 1.90426
0.408677 -0.470458 1.15451 1.92209
0.411039 -0.467738 1.14839 1.93992
0.413401 -0.465033 1.14227 1.95773
0.415763 -0.462342 1.13616 1.97555
0.418126 -0.459665 1.13006 1.99335
0.420488 -0.457003 1.12398 2.01116
0.42285 -0.454355 1.1179 2.02895
0.425213 -0.451721 1.11185 2.04675
0.427575 -0.449101 1.1058 2.06453
0.429937 -0.446496 1.09978 2.08232
0.432299 -0.443905 1.09377 2.10009
0.434662 -0.441329 1.08777 2.11787
0.437024 -0.438766 1.0818 2.13564
0.439386 -0.436218 1.07584 2.1534
0.441749 -0.433683 1.0699 2.17116
0.444111 -0.431163 1.06398 2.18892
0.446473 -0.428656 1.05808 2.20667
0.448835 -0.426164 1.05221 2.22442
0.451198 -0.423685 1.04635 2.24216
0.45356 -0.42122 1.04051 2.2599
0.455922 -0.418769 1.0347 2.27764
0.458285 -0.416332 1.0289 2.29537
0.460647 -0.413908 1.02313 2.3131
0.463009 -0.411498 1.01739 2.33083
0.465372 -0.409101 1.01166 2.34855
0.467734 -0.406718 1.00596 2.36627
0.470096 -0.404348 1.00028 2.38399
0.472458 -0.401992 0.994631 2.4017
0.474821 -0.399649 0.989002 2.41941
0.477183 -0.39732 0.983397 2.43712
0.479545 -0.395003 0.977817 2.45483
0.481908 -0.3927 0.972262 2.47253
0.48427 -0.390409 0.966732 2.49023
0.486632 -0.388132 0.961227 2.50793
0.488994 -0.385868 0.955748 2.52562
0.491357 -0.383617 0.950294 2.54331
0.493719 -0.381378 0.944866 2.561
0.496081 -0.379153 0.939463 2.57869
0.498444 -0.37694 0.934086 2.59638
0.500806 -0.374739 0.928736 2.61406
0.503168 -0.372552 0.923411 2.63174
0.50553 -0.370377 0.918112 2.64942
0.507893 -0.368214 0.91284 2.6671
0.510255 -0.366064 0.907594 2.68477
0.512617 -0.363926 0.902374 2.70245
0.51498 -0.361801 0.89718 2.72012
0.517342 -0.359687 0.892012 2.73779
0.519704 -0.357586 0.886871 2.75545
0.522067 -0.355497 0.881757 2.77312
0.524429 -0.35342 0.876668 2.79079
0.526791 -0.351355 0.871606 2.80845
0.529153 -0.349302 0.866571 2.82611
0.531516 -0.347261 0.861562 2.84377
0.533878 -0.345232 0.856579 2.86143
0.53624 -0.343214 0.851622 2.87909
0.538603 -0.341208 0.846692 2.89674
0.540965 -0.339214 0.841787 2.9144
0.543327 -0.337231 0.83691 2.93205
0.545689 -0.33526 0.832058 2.9497
0.548052 -0.3333 0.827232 2.96735
0.550414 -0.331351 0.822432 2.985
0.552776 -0.329414 0.817659 3.00265
0.555139 -0.327488 0.812911 3.0203
0.557501 -0.325573 0.808189 3.03794
0.559863 -0.32367 0.803493 3.05559
0.562225 -0.321777 0.798823 3.07323
0.564588 -0.319896 0.794179 3.09088
0.56695 -0.318025 0.78956 3.10852
0.569312 -0.316165 0.784966 3.12616
0.571675 -0.314316 0.780398 3.1438
0.574037 -0.312478 0.775855 3.16144
0.576399 -0.310651 0.771338 3.17908
0.578762 -0.308834 0.766845 3.19672
0.581124 -0.307028 0.762378 3.21435
0.583486 -0.305232 0.757936 3.23199
0.585848 -0.303447 0.753519 3.24963
0.588211 -0.301672 0.749126 3.26726
0.590573 -0.299907 0.744758 3.28489
0.592935 -0.298153 0.740415 3.30253
0.595298 -0.296409 0.736096 3.32016
0.59766 -0.294675 0.731802 3.33779
0.600022 -0.292952 0.727532 3.35542
0.602384 -0.291238 0.723286 3.37305
0.604747 -0.289535 0.719064 3.39068
0.607109 -0.287841 0.714867 3.40831
0.609471 -0.286157 0.710693 3.42594
0.611834 -0.284483 0.706543 3.44357
0.614196 -0.282819 0.702416 3.4612
0.616558 -0.281164 0.698313 3.47883
0.618921 -0.27952 0.694234 3.49645
0.621283 -0.277885 0.690178 3.51408
0.623645 -0.276259 0.686145 3.53171
0.626007 -0.274643 0.682135 3.54933
0.62837 -0.273036 0.678148 3.56696
0.630732 -0.271439 0.674185 3.58458
0.633094 -0.269851 0.670243 3.60221
0.635457 -0.268272 0.666325 3.61983
0.637819 -0.266703 0.662429 3.63745
0.640181 -0.265142 0.658556 3.65508
0.642543 -0.263591 0.654705 3.6727
0.644906 -0.262049 0.650876 3.69032
0.647268 -0.260516 0.647069 3.70794
0.64963 -0.258992 0.643284 3.72557
0.651993 -0.257477 0.639521 3.74319
0.654355 -0.255971 0.63578 3.76081
0.656717 -0.254473 0.63206 3.77843
0.659079 -0.252984 0.628362 3.79605
0.661442 -0.251504 0.624685 3.81367
0.663804 -0.250033 0.62103 3.83129
0.666166 -0.24857 0.617396 3.84891
0.668529 -0.247116 0.613783 3.86653
0.670891 -0.24567 0.610191 3.88415
0.673253 -0.244233 0.606619 3.90177
0.675616 -0.242804 0.603069 3.91939
0.677978 -0.241384 0.599539 3.937
0.68034 -0.239972 0.596029 3.95462
0.682702 -0.238568 0.59254 3.97224
0.685065 -0.237172 0.589072 3.98986
0.687427 -0.235785 0.585623 4.00748
0.689789 -0.234405 0.582194 4.02509
0.692152 -0.233034 0.578786 4.04271
0.694514 -0.231671 0.575397 4.06033
0.696876 -0.230315 0.572028 4.07795
0.699238 -0.228968 0.568679 4.09556
0.701601 -0.227629 0.565349 4.11318
0.703963 -0.226297 0.562039 4.1308
0.706325 -0.224973 0.558747 4.14841
0.708688 -0.223657 0.555475 4.16603
0.71105 -0.222349 0.552222 4.18365
0.713412 -0.221048 0.548989 4.20126
0.715774 -0.219755 0.545773 4.21888
0.718137 -0.21847 0.542577 4.23649
0.720499 -0.217192 0.5394 4.25411
0.722861 -0.215921 0.53624 4.27172
0.725224 -0.214658 0.5331 4.28934
0.727586 -0.213402 0.529977 4.30696
0.729948 -0.212154 0.526873 4.32457
0.732311 -0.210913 0.523787 4.34219
0.734673 -0.209679 0.520719 4.3598
0.737035 -0.208453 0.517669 4.37742
0.739397 -0.207234 0.514637 4.39503
0.74176 -0.206022 0.511623 4.41265
0.744122 -0.204816 0.508626 4.43026
0.746484 -0.203618 0.505646 4.44788
0.748847 -0.202427 0.502684 4.46549
0.751209 -0.201243 0.49974 4.48311
0.753571 -0.200066 0.496812 4.50072
0.755933 -0.198896 0.493902 4.51834
0.758296 -0.197733 0.491008 4.53595
0.760658 -0.196576 0.488132 4.55356
0.76302 -0.195427 0.485272 4.57118
0.765383 -0.194284 0.48243 4.58879
0.767745 -0.193147 0.479603 4.60641
0.770107 -0.192018 0.476794 4.62402
0.772469 -0.190895 0.474 4.64164
0.774832 -0.189778 0.471223 4.65925
0.777194 -0.188668 0.468463 4.67687
0.779556 -0.187565 0.465718 4.69448
0.781919 -0.186468 0.462989 4.71209
0.784281 -0.185378 0.460277 4.72971
0.786643 -0.184293 0.45758 4.74732
0.789006 -0.183216 0.454899 4.76494
0.791368 -0.182144 0.452234 4.78255
0.79373 -0.181079 0.449584 4.80017
0.796092 -0.18002 0.44695 4.81778
0.798455 -0.178967 0.444331 4.83539
0.800817 -0.177921 0.441728 4.85301
0.803179 -0.17688 0.43914 4.87062
0.805542 -0.175846 0.436567 4.88824
0.807904 -0.174818 0.434009 4.90585
0.810266 -0.173796 0.431466 4.92347
0.812628 -0.172779 0.428938 4.94108
0.814991 -0.171769 0.426424 4.95869
0.817353 -0.170765 0.423926 4.97631
0.819715 -0.169766 0.421442 4.99392
0.822078 -0.168773 0.418972 5.01154
0.82444 -0.167787 0.416517 5.02915
0.826802 -0.166806 0.414076 5.04677
0.829164 -0.16583 0.41165 5.06438
0.831527 -0.164861 0.409238 5.082
0.833889 -0.163897 0.40684 5.09961
0.836251 -0.162938 0.404456 5.11723
0.838614 -0.161986 0.402086 5.13484
0.840976 -0.161039 0.399729 5.15245
0.843338 -0.160097 0.397387 5.17007
0.845701 -0.159161 0.395058 5.18768
0.848063 -0.158231 0.392743 5.2053
0.850425 -0.157306 0.390441 5.22291
0.852787 -0.156386 0.388153 5.24053
0.85515 -0.155472 0.385879 5.25814
0.857512 -0.154563 0.383617 5.27576
0.859874 -0.153659 0.381369 5.29337
0.862237 -0.152761 0.379134 5.31099
0.864599 -0.151868 0.376912 5.3286
0.866961 -0.15098 0.374703 5.34622
0.869323 -0.150098 0.372507 5.36383
0.871686 -0.14922 0.370324 5.38145
0.874048 -0.148348 0.368153 5.39907
0.87641 -0.147481 0.365996 5.41668
0.878773 -0.146619 0.363851 5.4343
0.881135 -0.145762 0.361718 5.45191
0.883497 -0.14491 0.359598 5.46953
0.88586 -0.144063 0.35749 5.48714
0.888222 -0.143221 0.355395 5.50476
0.890584 -0.142384 0.353312 5.52237
0.892946 -0.141552 0.351241 5.53999
0.895309 -0.140724 0.349182 5.55761
0.897671 -0.139902 0.347135 5.57522
0.900033 -0.139084 0.345101 5.59284
0.902396 -0.138272 0.343078 5.61046
0.904758 -0.137463 0.341067 5.62807
0.90712 -0.13666 0.339067 5.64569
0.909482 -0.135862 0.33708 5.6633
0.911845 -0.135068 0.335104 5.68092
0.914207 -0.134278 0.333139 5.69854
0.916569 -0.133494 0.331186 5.71615
0.918932 -0.132714 0.329245 5.73377
0.921294 -0.131938 0.327315 5.75139
0.923656 -0.131167 0.325396 5.76901
0.926018 -0.130401 0.323488 5.78662
0.928381 -0.129639 0.321592 5.80424
0.930743 -0.128881 0.319706 5.82186
0.933105 -0.128128 0.317832 5.83948
0.935468 -0.12738 0.315969 5.85709
0.93783 -0.126635 0.314116 5.87471
0.940192 -0.125896 0.312274 5.89233
0.942555 -0.12516 0.310443 5.90995
0.944917 -0.124429 0.308623 5.92756
0.947279 -0.123702 0.306814 5.94518
0.949641 -0.122979 0.305015 5.9628
0.952004 -0.122261 0.303226 5.98042
0.954366 -0.121547 0.301448 5.99804
0.956728 -0.120837 0.29968 6.01566
0.959091 -0.120131 0.297923 6.03327
0.961453 -0.119429 0.296176 6.05089
0.963815 -0.118731 0.294439 6.06851
0.966177 -0.118038 0.292713 6.08613
0.96854 -0.117349 0.290996 6.10375
0.970902 -0.116663 0.289289 6.12137
0.973264 -0.115982 0.287593 6.13899
0.975627 -0.115304 0.285906 6.15661
0.977989 -0.114631 0.284229 6.17423
0.980351 -0.113961 0.282562 6.19185
0.982713 -0.113296 0.280905 6.20947
0.985076 -0.112634 0.279258 6.22709
0.987438 -0.111977 0.27762 6.24471
0.9898 -0.111323 0.275991 6.26233
0.992163 -0.110673 0.274372 6.27995
0.994525 -0.110026 0.272763 6.29757
0.996887 -0.109384 0.271163 6.31519
0.99925 -0.108745 0.269572 6.33281
1.00161 -0.10811 0.267991 6.35043
1.00397 -0.107479 0.266419 6.36806
1.00634 -0.106852 0.264856 6.38568
1.0087 -0.106228 0.263302 6.4033
1.01106 -0.105608 0.261757 6.42092
1.01342 -0.104991 0.260221 6.43854
1.01579 -0.104378 0.258695 6.45617
1.01815 -0.103769 0.257177 6.47379
1.02051 -0.103163 0.255668 6.49141
1.02287 -0.102561 0.254168 6.50903
1.02523 -0.101962 0.252676 6.52666
1.0276 -0.101367 0.251194 6.54428
1.02996 -0.100775 0.24972 6.5619
1.03232 -0.100187 0.248254 6.57953
1.03468 -0.0996025 0.246797 6.59715
1.03705 -0.0990212 0.245349 6.61477
1.03941 -0.0984433 0.243909 6.6324
1.04177 -0.0978688 0.242477 6.65002
1.04413 -0.0972977 0.241054 6.66764
1.0465 -0.09673 0.239639 6.68527
1.04886 -0.0961655 0.238233 6.70289
1.05122 -0.0956044 0.236834 6.72052
1.05358 -0.0950466 0.235444 6.73814
1.05594 -0.094492 0.234062 6.75577
1.05831 -0.0939407 0.232688 6.7734
1.06067 -0.0933927 0.231322 6.79102
1.06303 -0.0928478 0.229964 6.80865
1.06539 -0.0923062 0.228614 6.82627
1.06776 -0.0917677 0.227272 6.8439
1.07012 -0.0912324 0.225937 6.86153
1.07248 -0.0907002 0.224611 6.87915
1.07484 -0.0901712 0.223292 6.89678
1.07721 -0.0896453 0.221981 6.91441
1.07957 -0.0891224 0.220677 6.93204
1.08193 -0.0886027 0.219381 6.94966
1.08429 -0.0880859 0.218093 6.96729
1.08665 -0.0875722 0.216812 6.98492
1.08902 -0.0870616 0.215539 7.00255
1.09138 -0.0865539 0.214273 7.02018
1.09374 -0.0860492 0.213014 7.03781
1.0961 -0.0855475 0.211763 7.05543
1.09847 -0.0850487 0.210519 7.07306
1.10083 -0.0845529 0.209282 7.09069
1.10319 -0.08406 0.208053 7.10832
1.10555 -0.0835699 0.20683 7.12595
1.10791 -0.0830828 0.205615 7.14358
1.11028 -0.0825985 0.204407 7.16122
1.11264 -0.082117 0.203206 7.17885
1.115 -0.0816384 0.202012 7.19648
1.11736 -0.0811626 0.200825 7.21411
1.11973 -0.0806896 0.199645 7.23174
1.12209 -0.0802193 0.198472 7.24937
1.12445 -0.0797519 0.197305 7.26701
1.12681 -0.0792871 0.196146 7.28464
1.12918 -0.0788252 0.194993 7.30227
1.13154 -0.0783659 0.193847 7.31991
1.1339 -0.0779093 0.192707 7.33754
1.13626 -0.0774554 0.191574 7.35517
1.13862 -0.0770042 0.190448 7.37281
1.14099 -0.0765556 0.189328 7.39044
1.14335 -0.0761097 0.188215 7.40808
1.14571 -0.0756664 0.187108 7.42571
1.14807 -0.0752257 0.186008 7.44335
1.15044 -0.0747876 0.184914 7.46099
1.1528 -0.074352 0.183827 7.47862
1.15516 -0.0739191 0.182746 7.49626
1.15752 -0.0734886 0.181671 7.5139
1.15989 -0.0730607 0.180602 7.53153
1.16225 -0.0726354 0.17954 7.54917
1.16461 -0.0722125 0.178484 7.56681
1.16697 -0.0717921 0.177434 7.58445
1.16933 -0.0713742 0.17639 7.60209
1.1717 -0.0709587 0.175352 7.61973
1.17406 -0.0705457 0.174321 7.63737
1.17642 -0.0701351 0.173295 7.65501
1.17878 -0.0697269 0.172275 7.67265
1.18115 -0.0693212 0.171261 7.69029
1.18351 -0.0689178 0.170253 7.70793
1.18587 -0.0685168 0.169251 7.72557
1.18823 -0.0681182 0.168255 7.74321
1.1906 -0.0677219 0.167264 7.76085
1.19296 -0.0673279 0.16628 7.7785
1.19532 -0.0669363 0.165301 7.79614
1.19768 -0.0665469 0.164327 7.81378
1.20004 -0.0661599 0.16336 7.83143
1.20241 -0.0657751 0.162398 7.84907
1.20477 -0.0653926 0.161442 7.86672
1.20713 -0.0650124 0.160491 7.88436
1.20949 -0.0646343 0.159545 7.90201
1.21186 -0.0642586 0.158606 7.91965
1.21422 -0.063885 0.157671 7.9373
1.21658 -0.0635136 0.156742 7.95495
1.21894 -0.0631445 0.155819 7.9726
1.2213 -0.0627774 0.154901 7.99024
1.22367 -0.0624126 0.153988 8.00789
1.22603 -0.0620499 0.15308 8.02554
1.22839 -0.0616894 0.152178 8.04319
1.23075 -0.0613309 0.151281 8.06084
1.23312 -0.0609746 0.150389 8.07849
1.23548 -0.0606204 0.149503 8.09614
1.23784 -0.0602683 0.148621 8.11379
1.2402 -0.0599182 0.147745 8.13145
1.24257 -0.0595702 0.146874 8.1491
1.24493 -0.0592243 0.146008 8.16675
1.24729 -0.0588804 0.145147 8.18441
1.24965 -0.0585385 0.144291 8.20206
1.25201 -0.0581987 0.143439 8.21972
1.25438 -0.0578608 0.142593 8.23737
1.25674 -0.057525 0.141752 8.25503
1.2591 -0.0571911 0.140915 8.27268
1.26146 -0.0568592 0.140084 8.29034
1.26383 -0.0565293 0.139257 8.308
1.26619 -0.0562013 0.138435 8.32566
1.26855 -0.0558752 0.137618 8.34332
1.27091 -0.0555511 0.136806 8.36098
1.27328 -0.0552289 0.135998 8.37864
1.27564 -0.0549086 0.135195 8.3963
1.278 -0.0545901 0.134396 8.41396
1.28036 -0.0542736 0.133603 8.43162
1.28272 -0.0539589 0.132814 8.44928
1.28509 -0.0536461 0.132029 8.46695
1.28745 -0.0533351 0.131249 8.48461
1.28981 -0.053026 0.130474 8.50228
1.29217 -0.0527187 0.129703 8.51994
1.29454 -0.0524132 0.128936 8.53761
1.2969 -0.0521095 0.128174 8.55528
1.29926 -0.0518076 0.127416 8.57294
1.30162 -0.0515075 0.126663 8.59061
1.30399 -0.0512092 0.125914 8.60828
1.30635 -0.0509126 0.125169 8.62595
1.30871 -0.0506178 0.124429 8.64362
1.31107 -0.0503247 0.123693 8.66129
1.31343 -0.0500334 0.122961 8.67897
1.3158 -0.0497438 0.122234 8.69664
1.31816 -0.0494559 0.121511 8.71431
1.32052 -0.0491697 0.120792 8.73199
1.32288 -0.0488852 0.120077 8.74966
1.32525 -0.0486024 0.119366 8.76734
1.32761 -0.0483213 0.118659 8.78502
1.32997 -0.0480418 0.117957 8.80269
1.33233 -0.047764 0.117258 8.82037
1.33469 -0.0474878 0.116564 8.83805
1.33706 -0.0472132 0.115873 8.85573
1.33942 -0.0469403 0.115187 8.87341
1.34178 -0.046669 0.114504 8.89109
1.34414 -0.0463993 0.113825 8.90878
1.34651 -0.0461312 0.113151 8.92646
1.34887 -0.0458647 0.11248 8.94415
1.35123 -0.0455998 0.111813 8.96183
1.35359 -0.0453365 0.11115 8.97952
1.35596 -0.0450747 0.110491 8.99721
1.35832 -0.0448144 0.109836 9.0149
1.36068 -0.0445557 0.109184 9.03259
1.36304 -0.0442986 0.108536 9.05028
1.3654 -0.044043 0.107892 9.06797
1.36777 -0.0437888 0.107252 9.08566
1.37013 -0.0435362 0.106615 9.10335
1.37249 -0.0432851 0.105982 9.12105
1.37485 -0.0430355 0.105353 9.13874
1.37722 -0.0427874 0.104727 9.15644
1.37958 -0.0425407 0.104105 9.17414
1.38194 -0.0422955 0.103486 9.19184
1.3843 -0.0420518 0.102871 9.20954
1.38667 -0.0418095 0.10226 9.22724
1.38903 -0.0415686 0.101652 9.24494
1.39139 -0.0413292 0.101047 9.26264
1.39375 -0.0410912 0.100446 9.28035
1.39611 -0.0408547 0.099849 9.29806
1.39848 -0.0406195 0.0992549 9.31576
1.40084 -0.0403857 0.0986643 9.33347
1.4032 -0.0401533 0.0980771 9.35118
1.40556 -0.0399223 0.0974933 9.36889
1.40793 -0.0396927 0.0969128 9.3866
1.41029 -0.0394645 0.0963356 9.40432
1.41265 -0.0392376 0.0957618 9.42203
1.41501 -0.039012 0.0951913 9.43975
1.41738 -0.0387878 0.094624 9.45746
1.41974 -0.038565 0.0940601 9.47518
1.4221 -0.0383434 0.0934993 9.4929
1.42446 -0.0381232 0.0929418 9.51062
1.42682 -0.0379043 0.0923875 9.52834
1.42919 -0.0376867 0.0918363 9.54607
1.43155 -0.0374704 0.0912884 9.56379
1.43391 -0.0372554 0.0907435 9.58152
1.43627 -0.0370417 0.0902018 9.59925
1.43864 -0.0368293 0.0896632 9.61698
1.441 -0.0366181 0.0891277 9.63471
1.44336 -0.0364082 0.0885953 9.65244
1.44572 -0.0361995 0.0880659 9.67018
1.44808 -0.0359921 0.0875395 9.68791
1.45045 -0.0357859 0.0870162 9.70565
1.45281 -0.035581 0.0864959 9.72339
1.45517 -0.0353773 0.0859785 9.74113
1.45753 -0.0351748 0.0854641 9.75887
1.4599 -0.0349735 0.0849527 9.77661
1.46226 -0.0347734 0.0844441 9.79436
1.46462 -0.0345745 0.0839385 9.81211
1.46698 -0.0343768 0.0834358 9.82985
1.46935 -0.0341803 0.0829359 9.84761
1.47171 -0.033985 0.0824389 9.86536
1.47407 -0.0337908 0.0819448 9.88311
1.47643 -0.0335978 0.0814534 9.90087
1.47879 -0.033406 0.0809649 9.91862
1.48116 -0.0332153 0.0804792 9.93638
1.48352 -0.0330257 0.0799962 9.95415
1.48588 -0.0328373 0.079516 9.97191
1.48824 -0.0326501 0.0790385 9.98967
1.49061 -0.0324639 0.0785638 10.0074
1.49297 -0.0322789 0.0780917 10.0252
1.49533 -0.032095 0.0776224 10.043
1.49769 -0.0319121 0.0771557 10.0608
1.50006 -0.0317304 0.0766917 10.0785
1.50242 -0.0315498 0.0762303 10.0963
1.50478 -0.0313703 0.0757716 10.1141
1.50714 -0.0311918 0.0753154 10.1319
1.5095 -0.0310144 0.0748619 10.1496
1.51187 -0.0308381 0.0744109 10.1674
1.51423 -0.0306629 0.0739625 10.1852
1.51659 -0.0304887 0.0735166 10.203
1.51895 -0.0303155 0.0730733 10.2208
1.52132 -0.0301434 0.0726325 10.2386
1.52368 -0.0299724 0.0721942 10.2564
1.52604 -0.0298023 0.0717584 10.2742
1.5284 -0.0296333 0.071325 10.292
1.53077 -0.0294654 0.0708941 10.3098
1.53313 -0.0292984 0.0704657 10.3276
1.53549 -0.0291324 0.0700397 10.3454
1.53785 -0.0289675 0.0696161 10.3632
1.54021 -0.0288035 0.0691948 10.381
1.54258 -0.0286406 0.068776 10.3989
1.54494 -0.0284786 0.0683596 10.4167
1.5473 -0.0283176 0.0679455 10.4345
1.54966 -0.0281576 0.0675337 10.4523
1.55203 -0.0279985 0.0671243 10.4701
1.55439 -0.0278404 0.0667171 10.488
1.55675 -0.0276833 0.0663123 10.5058
1.55911 -0.0275271 0.0659098 10.5236
1.56148 -0.0273719 0.0655095 10.5415
1.56384 -0.0272176 0.0651115 10.5593
1.5662 -0.0270643 0.0647157 10.5772
1.56856 -0.0269119 0.0643222 10.595
1.57092 -0.0267604 0.0639309 10.6129
1.57329 -0.0266098 0.0635417 10.6307
1.57565 -0.0264602 0.0631548 10.6486
1.57801 -0.0263114 0.06277 10.6664
1.58037 -0.0261636 0.0623874 10.6843
1.58274 -0.0260167 0.062007 10.7022
1.5851 -0.0258707 0.0616287 10.72
1.58746 -0.0257255 0.0612525 10.7379
1.58982 -0.0255813 0.0608784 10.7558
1.59218 -0.0254379 0.0605064 10.7737
1.59455 -0.0252954 0.0601365 10.7915
1.59691 -0.0251538 0.0597687 10.8094
1.59927 -0.025013 0.0594029 10.8273
1.60163 -0.0248731 0.0590392 10.8452
1.604 -0.0247341 0.0586775 10.8631
1.60636 -0.0245959 0.0583179 10.881
1.60872 -0.0244585 0.0579602 10.8989
1.61108 -0.024322 0.0576045 10.9168
1.61345 -0.0241864 0.0572509 10.9347
1.61581 -0.0240516 0.0568992 10.9526
1.61817 -0.0239176 0.0565494 10.9705
1.62053 -0.0237844 0.0562016 10.9885
1.62289 -0.023652 0.0558558 11.0064
1.62526 -0.0235205 0.0555118 11.0243
1.62762 -0.0233897 0.0551698 11.0423
1.62998 -0.0232598 0.0548297 11.0602
1.63234 -0.0231307 0.0544915 11.0781
1.63471 -0.0230024 0.0541551 11.0961
1.63707 -0.0228748 0.0538206 11.114
1.63943 -0.0227481 0.053488 11.132
1.64179 -0.0226221 0.0531572 11.15
1.64416 -0.0224969 0.0528282 11.1679
1.64652 -0.0223725 0.0525011 11.1859
1.64888 -0.0222489 0.0521757 11.2039
1.65124 -0.022126 0.0518522 11.2218
1.6536 -0.0220039 0.0515304 11.2398
1.65597 -0.0218826 0.0512105 11.2578
1.65833 -0.021762 0.0508923 11.2758
1.66069 -0.0216421 0.0505758 11.2938
1.66305 -0.021523 0.0502611 11.3118
1.66542 -0.0214047 0.0499481 11.3298
1.66778 -0.021287 0.0496368 11.3478
1.67014 -0.0211701 0.0493273 11.3658
1.6725 -0.021054 0.0490194 11.3839
1.67487 -0.0209385 0.0487132 11.4019
1.67723 -0.0208238 0.0484088 11.4199
1.67959 -0.0207098 0.0481059 11.438
1.68195 -0.0205965 0.0478048 11.456
1.68431 -0.020484 0.0475052 11.4741
1.68668 -0.0203721 0.0472074 11.4921
1.68904 -0.0202609 0.0469111 11.5102
1.6914 -0.0201505 0.0466165 11.5283
1.69376 -0.0200407 0.0463234 11.5463
1.69613 -0.0199316 0.046032 11.5644
1.69849 -0.0198232 0.0457421 11.5825
1.70085 -0.0197155 0.0454539 11.6006
1.70321 -0.0196085 0.0451672 11.6187
1.70557 -0.0195021 0.044882 11.6368
1.70794 -0.0193964 0.0445984 11.6549
1.7103 -0.0192914 0.0443163 11.673
1.71266 -0.019187 0.0440358 11.6912
1.71502 -0.0190833 0.0437567 11.7093
1.71739 -0.0189803 0.0434792 11.7274
1.71975 -0.0188779 0.0432032 11.7456
1.72211 -0.0187762 0.0429287 11.7637
1.72447 -0.0186751 0.0426556 11.7819
1.72684 -0.0185746 0.042384 11.8
1.7292 -0.0184748 0.0421139 11.8182
1.73156 -0.0183757 0.0418452 11.8364
1.73392 -0.0182771 0.041578 11.8546
1.73628 -0.0181792 0.0413122 11.8728
1.73865 -0.018082 0.0410478 11.891
1.74101 -0.0179853 0.0407848 11.9092
1.74337 -0.0178893 0.0405233 11.9274
1.74573 -0.0177938 0.0402631 11.9457
1.7481 -0.017699 0.0400043 11.9639
1.75046 -0.0176048 0.0397469 11.9822
1.75282 -0.0175112 0.0394909 12.0004
1.75518 -0.0174183 0.0392362 12.0187
1.75755 -0.0173259 0.0389829 12.0369
1.75991 -0.0172341 0.0387309 12.0552
1.76227 -0.0171429 0.0384803 12.0735
1.76463 -0.0170523 0.038231 12.0918
1.76699 -0.0169623 0.037983 12.1101
1.76936 -0.0168728 0.0377363 12.1284
1.77172 -0.016784 0.0374909 12.1468
1.77408 -0.0166957 0.0372468 12.1651
1.77644 -0.016608 0.0370039 12.1835
1.77881 -0.0165209 0.0367624 12.2018
1.78117 -0.0164343 0.0365221 12.2202
1.78353 -0.0163483 0.0362831 12.2386
1.78589 -0.0162629 0.0360453 12.2569
1.78826 -0.016178 0.0358088 12.2753
1.79062 -0.0160937 0.0355735 12.2938
1.79298 -0.0160099 0.0353395 12.3122
1.79534 -0.0159267 0.0351066 12.3306
1.7977 -0.0158441 0.034875 12.3491
1.80007 -0.015762 0.0346445 12.3675
1.80243 -0.0156804 0.0344153 12.386
1.80479 -0.0155994 0.0341872 12.4045
1.80715 -0.0155189 0.0339603 12.4229
1.80952 -0.0154389 0.0337346 12.4414
1.81188 -0.0153595 0.0335101 12.46
1.81424 -0.0152806 0.0332867 12.4785
1.8166 -0.0152022 0.0330644 12.497
1.81896 -0.0151244 0.0328433 12.5156
1.82133 -0.015047 0.0326233 12.5342
1.82369 -0.0149702 0.0324045 12.5527
1.82605 -0.0148939 0.0321867 12.5713
1.82841 -0.0148182 0.0319701 12.5899
1.83078 -0.0147429 0.0317546 12.6086
1.83314 -0.0146681 0.0315401 12.6272
1.8355 -0.0145939 0.0313268 12.6458
1.83786 -0.0145201 0.0311145 12.6645
1.84023 -0.0144469 0.0309033 12.6832
1.84259 -0.0143741 0.0306932 12.7019
1.84495 -0.0143019 0.0304841 12.7206
1.84731 -0.0142301 0.0302761 12.7393
1.84967 -0.0141588 0.0300691 12.7581
1.85204 -0.014088 0.0298631 12.7768
1.8544 -0.0140177 0.0296582 12.7956
1.85676 -0.0139479 0.0294543 12.8144
1.85912 -0.0138786 0.0292514 12.8332
1.86149 -0.0138097 0.0290496 12.852
1.86385 -0.0137413 0.0288487 12.8709
1.86621 -0.0136734 0.0286488 12.8897
1.86857 -0.013606 0.0284499 12.9086
1.87094 -0.013539 0.028252 12.9275
1.8733 -0.0134725 0.0280551 12.9464
1.87566 -0.0134064 0.0278591 12.9653
1.87802 -0.0133409 0.0276641 12.9843
1.88038 -0.0132757 0.02747 13.0033
1.88275 -0.0132111 0.0272769 13.0223
1.88511 -0.0131469 0.0270847 13.0413
1.88747 -0.0130831 0.0268935 13.0603
1.88983 -0.0130198 0.0267032 13.0794
1.8922 -0.012957 0.0265138 13.0984
1.89456 -0.0128945 0.0263253 13.1175
1.89692 -0.0128326 0.0261377 13.1366
1.89928 -0.0127711 0.025951 13.1558
1.90165 -0.01271 0.0257652 13.175
1.90401 -0.0126493 0.0255804 13.1941
1.90637 -0.0125891 0.0253963 13.2133
1.90873 -0.0125293 0.0252132 13.2326
1.91109 -0.01247 0.0250309 13.2518
1.91346 -0.0124111 0.0248495 13.2711
1.91582 -0.0123526 0.024669 13.2904
1.91818 -0.0122945 0.0244893 13.3098
1.92054 -0.0122369 0.0243104 13.3291
1.92291 -0.0121797 0.0241324 13.3485
1.92527 -0.0121229 0.0239552 13.3679
1.92763 -0.0120665 0.0237788 13.3874
1.92999 -0.0120105 0.0236033 13.4068
1.93235 -0.011955 0.0234286 13.4263
1.93472 -0.0118998 0.0232546 13.4459
1.93708 -0.0118451 0.0230815 13.4654
1.93944 -0.0117908 0.0229092 13.485
1.9418 -0.0117369 0.0227376 13.5046
1.94417 -0.0116834 0.0225669 13.5243
1.94653 -0.0116302 0.0223969 13.5439
1.94889 -0.0115775 0.0222277 13.5636
1.95125 -0.0115252 0.0220593 13.5834
1.95362 -0.0114733 0.0218916 13.6032
1.95598 -0.0114218 0.0217246 13.623
1.95834 -0.0113707 0.0215585 13.6428
1.9607 -0.0113199 0.021393 13.6627
1.96306 -0.0112696 0.0212283 13.6826
1.96543 -0.0112196 0.0210644 13.7026
1.96779 -0.0111701 0.0209011 13.7225
1.97015 -0.0111209 0.0207386 13.7426
1.97251 -0.0110721 0.0205768 13.7626
1.97488 -0.0110237 0.0204157 13.7827
1.97724 -0.0109756 0.0202553 13.8029
1.9796 -0.010928 0.0200956 13.8231
1.98196 -0.0108807 0.0199366 13.8433
1.98433 -0.0108338 0.0197783 13.8636
1.98669 -0.0107873 0.0196206 13.8839
1.98905 -0.0107411 0.0194636 13.9042
1.99141 -0.0106953 0.0193074 13.9246
1.99377 -0.0106499 0.0191517 13.9451
1.99614 -0.0106048 0.0189968 13.9655
1.9985 -0.0105601 0.0188424 13.9861
2.00086 -0.0105158 0.0186888 14.0067
2.00322 -0.0104718 0.0185358 14.0273
2.00559 -0.0104282 0.0183834 14.048
2.00795 -0.010385 0.0182316 14.0687
2.01031 -0.0103421 0.0180805 14.0895
2.01267 -0.0102995 0.01793 14.1103
2.01504 -0.0102574 0.0177801 14.1312
2.0174 -0.0102155 0.0176309 14.1522
2.01976 -0.0101741 0.0174822 14.1732
2.02212 -0.0101329 0.0173341 14.1942
2.02448 -0.0100922 0.0171867 14.2154
2.02685 -0.0100517 0.0170398 14.2365
2.02921 -0.0100117 0.0168935 14.2578
2.03157 -0.00997193 0.0167478 14.2791
2.03393 -0.00993254 0.0166027 14.3004
2.0363 -0.00989349 0.0164582 14.3219
2.03866 -0.00985478 0.0163142 14.3434
2.04102 -0.00981641 0.0161707 14.3649
2.04338 -0.00977838 0.0160279 14.3866
2.04574 -0.00974068 0.0158856 14.4083
2.04811 -0.00970332 0.0157438 14.43
2.05047 -0.0096663 0.0156026 14.4519
2.05283 -0.00962961 0.0154619 14.4738
2.05519 -0.00959325 0.0153217 14.4958
2.05756 -0.00955722 0.0151821 14.5179
2.05992 -0.00952152 0.015043 14.54
2.06228 -0.00948615 0.0149044 14.5622
2.06464 -0.0094511 0.0147664 14.5846
2.06701 -0.00941638 0.0146288 14.607
2.06937 -0.00938199 0.0144917 14.6294
2.07173 -0.00934791 0.0143552 14.652
2.07409 -0.00931416 0.0142191 14.6747
2.07645 -0.00928073 0.0140835 14.6974
2.07882 -0.00924762 0.0139484 14.7203
2.08118 -0.00921483 0.0138138 14.7432
2.08354 -0.00918236 0.0136797 14.7663
2.0859 -0.0091502 0.013546 14.7894
2.08827 -0.00911836 0.0134128 14.8127
2.09063 -0.00908683 0.0132801 14.836
2.09299 -0.00905562 0.0131478 14.8595
2.09535 -0.00902471 0.013016 14.8831
2.09772 -0.00899412 0.0128846 14.9068
2.10008 -0.00896384 0.0127537 14.9306
2.10244 -0.00893386 0.0126232 14.9545
2.1048 -0.0089042 0.0124931 14.9785
2.10716 -0.00887484 0.0123635 15.0027
2.10953 -0.00884579 0.0122343 15.027
2.11189 -0.00881704 0.0121055 15.0514
2.11425 -0.00878859 0.0119772 15.0759
2.11661 -0.00876045 0.0118492 15.1006
2.11898 -0.00873261 0.0117217 15.1254
2.12134 -0.00870507 0.0115945 15.1504
2.1237 -0.00867783 0.0114678 15.1755
2.12606 -0.00865089 0.0113415 15.2008
2.12843 -0.00862424 0.0112155 15.2262
2.13079 -0.0085979 0.0110899 15.2518
2.13315 -0.00857185 0.0109648 15.2775
2.13551 -0.00854609 0.01084 15.3034
2.13787 -0.00852063 0.0107155 15.3295
2.14024 -0.00849547 0.0105915 15.3558
2.1426 -0.00847059 0.0104678 15.3822
2.14496 -0.00844601 0.0103444 15.4088
2.14732 -0.00842172 0.0102214 15.4356
2.14969 -0.00839772 0.0100988 15.4626
2.15205 -0.00837401 0.00997652 15.4898
2.15441 -0.00835058 0.00985458 15.5172
2.15677 -0.00832745 0.00973298 15.5448
2.15913 -0.0083046 0.00961171 15.5726
2.1615 -0.00828204 0.00949078 15.6007
2.16386 -0.00825976 0.00937018 15.6289
2.16622 -0.00823777 0.00924989 15.6574
2.16858 -0.00821606 0.00912993 15.6862
2.17095 -0.00819463 0.00901028 15.7152
2.17331 -0.00817349 0.00889094 15.7444
2.17567 -0.00815263 0.0087719 15.7739
2.17803 -0.00813204 0.00865317 15.8037
2.1804 -0.00811174 0.00853474 15.8338
2.18276 -0.00809172 0.0084166 15.8641
2.18512 -0.00807198 0.00829875 15.8948
2.18748 -0.00805251 0.00818118 15.9257
2.18984 -0.00803332 0.0080639 15.957
2.19221 -0.00801441 0.0079469 15.9886
2.19457 -0.00799578 0.00783017 16.0205
2.19693 -0.00797742 0.00771371 16.0528
2.19929 -0.00795933 0.00759751 16.0854
2.20166 -0.00794152 0.00748158 16.1184
2.20402 -0.00792399 0.0073659 16.1518
2.20638 -0.00790672 0.00725048 16.1855
2.20874 -0.00788973 0.00713531 16.2197
2.21111 -0.00787301 0.00702038 16.2543
2.21347 -0.00785656 0.0069057 16.2894
2.21583 -0.00784038 0.00679125 16.3248
2.21819 -0.00782448 0.00667704 16.3608
2.22055 -0.00780884 0.00656306 16.3972
2.22292 -0.00779347 0.0064493 16.4342
2.22528 -0.00777837 0.00633577 16.4716
2.22764 -0.00776353 0.00622245 16.5096
2.23 -0.00774897 0.00610935 16.5482
2.23237 -0.00773467 0.00599646 16.5873
2.23473 -0.00772064 0.00588377 16.6271
2.23709 -0.00770687 0.00577129 16.6675
2.23945 -0.00769337 0.00565901 16.7085
2.24182 -0.00768013 0.00554692 16.7503
2.24418 -0.00766716 0.00543502 16.7927
2.24654 -0.00765446 0.00532331 16.8359
2.2489 -0.00764201 0.00521179 16.8799
2.25126 -0.00762983 0.00510044 16.9247
2.25363 -0.00761792 0.00498927 16.9703
2.25599 -0.00760626 0.00487827 17.0168
2.25835 -0.00759487 0.00476744 17.0643
2.26071 -0.00758374 0.00465677 17.1127
2.26308 -0.00757287 0.00454626 17.1622
2.26544 -0.00756226 0.00443591 17.2128
2.2678 -0.00755191 0.00432571 17.2644
2.27016 -0.00754182 0.00421567 17.3173
2.27252 -0.00753199 0.00410576 17.3715
2.27489 -0.00752242 0.003996 17.4269
2.27725 -0.00751311 0.00388638 17.4838
2.27961 -0.00750406 0.00377689 17.5422
2.28197 -0.00749527 0.00366753 17.6021
2.28434 -0.00748673 0.00355829 17.6637
2.2867 -0.00747846 0.00344918 17.7271
2.28906 -0.00747044 0.00334019 17.7924
2.29142 -0.00746267 0.00323131 17.8597
2.29379 -0.00745517 0.00312255 17.9292
2.29615 -0.00744792 0.00301389 18.001
2.29851 -0.00744093 0.00290533 18.0753
2.30087 -0.00743419 0.00279688 18.1523
2.30323 -0.00742772 0.00268852 18.2322
2.3056 -0.00742149 0.00258025 18.3152
2.30796 -0.00741552 0.00247208 18.4017
2.31032 -0.00740981 0.00236399 18.4919
2.31268 -0.00740436 0.00225598 18.5862
2.31505 -0.00739915 0.00214804 18.6849
2.31741 -0.00739421 0.00204019 18.7886
2.31977 -0.00738952 0.0019324 18.8978
2.32213 -0.00738508 0.00182468 19.0131
2.3245 -0.00738089 0.00171702 19.1353
2.32686 -0.00737697 0.00160942 19.2653
2.32922 -0.00737329 0.00150187 19.4041
2.33158 -0.00736987 0.00139438 19.5531
2.33394 -0.0073667 0.00128694 19.7139
2.33631 -0.00736379 0.00117954 19.8886
2.33867 -0.00736113 0.00107218 20.0798
2.34103 -0.00735872 0.000964854 20.2911
2.34339 -0.00735657 0.000857565 20.5271
2.34576 -0.00735467 0.000750305 20.7946
2.34812 -0.00735303 0.000643071 21.1033
2.35048 -0.00735163 0.000535859 21.4682
2.35284 -0.00735049 0.000428666 21.9148
2.35521 -0.00734961 0.000321487 22.4903
2.35757 -0.00734898 0.00021432 23.3014
2.35993 -0.0073486 0.00010716 24.6878
2.36229 -0.00734847 2.91303e-08 41.9962
