0 -1 1 -0.627305
0.0236229 -1.02314 0.959688 -0.702851
0.0472458 -1.04537 0.922713 -0.773217
0.0708688 -1.06676 0.888755 -0.839034
0.0944917 -1.08738 0.857504 -0.900834
0.118115 -1.10729 0.828677 -0.959065
0.141738 -1.12655 0.802018 -1.01411
0.16536 -1.1452 0.777302 -1.06629
0.188983 -1.16329 0.754328 -1.11589
0.212606 -1.18085 0.73292 -1.16314
0.236229 -1.19792 0.712924 -1.20827
0.259852 -1.21454 0.694203 -1.25144
0.283475 -1.23073 0.676638 -1.29283
0.307098 -1.24652 0.660122 -1.33258
0.330721 -1.26193 0.644563 -1.37081
0.354344 -1.27698 0.629877 -1.40762
0.377967 -1.29169 0.615991 -1.44314
0.40159 -1.30609 0.602839 -1.47743
0.425213 -1.32018 0.590362 -1.51059
0.448835 -1.33398 0.578507 -1.54269
0.472458 -1.34752 0.567228 -1.57379
0.496081 -1.36079 0.556482 -1.60395
0.519704 -1.37381 0.54623 -1.63324
0.543327 -1.3866 0.536438 -1.66169
0.56695 -1.39916 0.527073 -1.68936
0.590573 -1.4115 0.518108 -1.71628
0.614196 -1.42364 0.509515 -1.74251
0.637819 -1.43558 0.501271 -1.76806
0.661442 -1.44733 0.493355 -1.79299
0.685065 -1.45889 0.485746 -1.81731
0.708688 -1.47028 0.478425 -1.84105
0.732311 -1.4815 0.471376 -1.86425
0.755933 -1.49255 0.464583 -1.88693
0.779556 -1.50345 0.458032 -1.90911
0.803179 -1.51419 0.451709 -1.93081
0.826802 -1.52479 0.445602 -1.95205
0.850425 -1.53525 0.439699 -1.97285
0.874048 -1.54557 0.433991 -1.99324
0.897671 -1.55575 0.428466 -2.01322
0.921294 -1.56581 0.423116 -2.03281
0.944917 -1.57574 0.417931 -2.05203
0.96854 -1.58556 0.412905 -2.07089
0.992163 -1.59525 0.40803 -2.08941
1.01579 -1.60484 0.403298 -2.10759
1.03941 -1.61431 0.398702 -2.12545
1.06303 -1.62367 0.394238 -2.143
1.08665 -1.63294 0.389898 -2.16026
1.11028 -1.6421 0.385677 -2.17722
1.1339 -1.65116 0.381571 -2.19391
1.15752 -1.66012 0.377575 -2.21032
1.18115 -1.669 0.373683 -2.22647
1.20477 -1.67778 0.369891 -2.24237
1.22839 -1.68647 0.366196 -2.25803
1.25201 -1.69508 0.362594 -2.27344
1.27564 -1.70361 0.359081 -2.28863
1.29926 -1.71205 0.355653 -2.30359
1.32288 -1.72041 0.352307 -2.31833
1.34651 -1.72869 0.349041 -2.33287
1.37013 -1.7369 0.345851 -2.3472
1.39375 -1.74503 0.342734 -2.36133
1.41738 -1.75309 0.339688 -2.37526
1.441 -1.76108 0.33671 -2.38901
1.46462 -1.769 0.333798 -2.40258
1.48824 -1.77685 0.33095 -2.41596
1.51187 -1.78464 0.328163 -2.42917
1.53549 -1.79236 0.325435 -2.44222
1.55911 -1.80002 0.322764 -2.4551
1.58274 -1.80761 0.320149 -2.46781
1.60636 -1.81514 0.317588 -2.48038
1.62998 -1.82261 0.315078 -2.49278
1.6536 -1.83003 0.312619 -2.50504
1.67723 -1.83738 0.310208 -2.51716
1.70085 -1.84468 0.307844 -2.52913
1.72447 -1.85193 0.305526 -2.54096
1.7481 -1.85912 0.303252 -2.55266
1.77172 -1.86626 0.301021 -2.56423
1.79534 -1.87334 0.298832 -2.57566
1.81896 -1.88038 0.296683 -2.58697
1.84259 -1.88736 0.294574 -2.59816
1.86621 -1.89429 0.292503 -2.60922
1.88983 -1.90118 0.290468 -2.62017
1.91346 -1.90802 0.28847 -2.631
1.93708 -1.91481 0.286506 -2.64171
1.9607 -1.92155 0.284577 -2.65232
1.98433 -1.92825 0.282681 -2.66282
2.00795 -1.93491 0.280817 -2.67321
2.03157 -1.94152 0.278984 -2.68349
2.05519 -1.94809 0.277182 -2.69368
2.07882 -1.95462 0.275409 -2.70376
2.10244 -1.9611 0.273665 -2.71375
2.12606 -1.96755 0.27195 -2.72364
2.14969 -1.97395 0.270262 -2.73343
2.17331 -1.98032 0.268601 -2.74314
2.19693 -1.98664 0.266965 -2.75275
2.22055 -1.99293 0.265356 -2.76227
2.24418 -1.99918 0.263771 -2.77171
2.2678 -2.00539 0.26221 -2.78106
2.29142 -2.01157 0.260673 -2.79032
2.31505 -2.01771 0.259159 -2.7995
2.33867 -2.02381 0.257667 -2.80861
2.36229 -2.02988 0.256198 -2.81763
