-22.4 4.74971 -0.0971524 -21.5533 -0.00884431
-22.3776 4.74753 -0.0971872 -21.5478 -0.00885648
-22.3552 4.74535 -0.097222 -21.5423 -0.00886868
-22.3328 4.74317 -0.0972568 -21.5368 -0.00888091
-22.3104 4.74099 -0.0972918 -21.5313 -0.00889316
-22.288 4.73882 -0.0973267 -21.5258 -0.00890543
-22.2656 4.73663 -0.0973617 -21.5203 -0.00891774
-22.2432 4.73445 -0.0973968 -21.5147 -0.00893007
-22.2208 4.73227 -0.0974319 -21.5092 -0.00894243
-22.1984 4.73009 -0.0974671 -21.5037 -0.00895481
-22.176 4.7279 -0.0975024 -21.4981 -0.00896723
-22.1536 4.72572 -0.0975377 -21.4926 -0.00897967
-22.1312 4.72354 -0.097573 -21.487 -0.00899214
-22.1088 4.72135 -0.0976084 -21.4815 -0.00900463
-22.0864 4.71916 -0.0976439 -21.4759 -0.00901716
-22.064 4.71697 -0.0976794 -21.4703 -0.00902971
-22.0416 4.71479 -0.097715 -21.4648 -0.00904229
-22.0192 4.7126 -0.0977507 -21.4592 -0.0090549
-21.9968 4.71041 -0.0977864 -21.4536 -0.00906753
-21.9744 4.70822 -0.0978221 -21.448 -0.0090802
-21.952 4.70602 -0.0978579 -21.4424 -0.00909289
-21.9296 4.70383 -0.0978938 -21.4369 -0.00910561
-21.9072 4.70164 -0.0979297 -21.4313 -0.00911836
-21.8848 4.69944 -0.0979657 -21.4257 -0.00913113
-21.8624 4.69725 -0.0980017 -21.4201 -0.00914394
-21.84 4.69505 -0.0980378 -21.4144 -0.00915678
-21.8176 4.69286 -0.098074 -21.4088 -0.00916964
-21.7952 4.69066 -0.0981102 -21.4032 -0.00918253
-21.7728 4.68846 -0.0981465 -21.3976 -0.00919545
-21.7504 4.68626 -0.0981828 -21.392 -0.0092084
-21.728 4.68406 -0.0982192 -21.3863 -0.00922138
-21.7056 4.68186 -0.0982557 -21.3807 -0.00923439
-21.6832 4.67966 -0.0982922 -21.375 -0.00924743
-21.6608 4.67746 -0.0983288 -21.3694 -0.0092605
-21.6384 4.67526 -0.0983654 -21.3637 -0.00927359
-21.616 4.67305 -0.0984021 -21.3581 -0.00928672
-21.5936 4.67085 -0.0984389 -21.3524 -0.00929987
-21.5712 4.66864 -0.0984757 -21.3467 -0.00931306
-21.5488 4.66644 -0.0985126 -21.3411 -0.00932628
-21.5264 4.66423 -0.0985495 -21.3354 -0.00933952
-21.504 4.66202 -0.0985865 -21.3297 -0.0093528
-21.4816 4.65981 -0.0986236 -21.324 -0.0093661
-21.4592 4.6576 -0.0986607 -21.3183 -0.00937944
-21.4368 4.65539 -0.0986979 -21.3126 -0.00939281
-21.4144 4.65318 -0.0987351 -21.3069 -0.0094062
-21.392 4.65097 -0.0987724 -21.3012 -0.00941963
-21.3696 4.64876 -0.0988098 -21.2955 -0.00943309
-21.3472 4.64654 -0.0988472 -21.2898 -0.00944658
-21.3248 4.64433 -0.0988847 -21.2841 -0.0094601
-21.3024 4.64211 -0.0989222 -21.2784 -0.00947365
-21.28 4.6399 -0.0989599 -21.2726 -0.00948723
-21.2576 4.63768 -0.0989975 -21.2669 -0.00950085
-21.2352 4.63546 -0.0990353 -21.2612 -0.00951449
-21.2128 4.63324 -0.0990731 -21.2554 -0.00952817
-21.1904 4.63102 -0.099111 -21.2497 -0.00954187
-21.168 4.6288 -0.0991489 -21.2439 -0.00955561
-21.1456 4.62658 -0.0991869 -21.2381 -0.00956938
-21.1232 4.62436 -0.0992249 -21.2324 -0.00958318
-21.1008 4.62214 -0.0992631 -21.2266 -0.00959702
-21.0784 4.61991 -0.0993012 -21.2208 -0.00961089
-21.056 4.61769 -0.0993395 -21.215 -0.00962478
-21.0336 4.61546 -0.0993778 -21.2093 -0.00963871
-21.0112 4.61324 -0.0994162 -21.2035 -0.00965268
-20.9888 4.61101 -0.0994546 -21.1977 -0.00966667
-20.9664 4.60878 -0.0994932 -21.1919 -0.0096807
-20.944 4.60655 -0.0995317 -21.1861 -0.00969476
-20.9216 4.60432 -0.0995704 -21.1803 -0.00970885
-20.8992 4.60209 -0.0996091 -21.1744 -0.00972298
-20.8768 4.59986 -0.0996479 -21.1686 -0.00973714
-20.8544 4.59763 -0.0996867 -21.1628 -0.00975133
-20.832 4.59539 -0.0997256 -21.157 -0.00976555
-20.8096 4.59316 -0.0997646 -21.1511 -0.00977981
-20.7872 4.59092 -0.0998036 -21.1453 -0.0097941
-20.7648 4.58869 -0.0998427 -21.1394 -0.00980843
-20.7424 4.58645 -0.0998819 -21.1336 -0.00982279
-20.72 4.58421 -0.0999211 -21.1277 -0.00983718
-20.6976 4.58197 -0.0999604 -21.1219 -0.0098516
-20.6752 4.57973 -0.0999998 -21.116 -0.00986606
-20.6528 4.57749 -0.100039 -21.1101 -0.00988056
-20.6304 4.57525 -0.100079 -21.1043 -0.00989509
-20.608 4.57301 -0.100118 -21.0984 -0.00990965
-20.5856 4.57077 -0.100158 -21.0925 -0.00992424
-20.5632 4.56852 -0.100198 -21.0866 -0.00993888
-20.5408 4.56628 -0.100238 -21.0807 -0.00995354
-20.5184 4.56403 -0.100277 -21.0748 -0.00996824
-20.496 4.56179 -0.100317 -21.0689 -0.00998298
-20.4736 4.55954 -0.100357 -21.063 -0.00999775
-20.4512 4.55729 -0.100397 -21.0571 -0.0100126
-20.4288 4.55504 -0.100437 -21.0511 -0.0100274
-20.4064 4.55279 -0.100478 -21.0452 -0.0100423
-20.384 4.55054 -0.100518 -21.0393 -0.0100572
-20.3616 4.54829 -0.100558 -21.0333 -0.0100721
-20.3392 4.54603 -0.100599 -21.0274 -0.0100871
-20.3168 4.54378 -0.100639 -21.0214 -0.0101021
-20.2944 4.54152 -0.10068 -21.0155 -0.0101172
-20.272 4.53927 -0.10072 -21.0095 -0.0101323
-20.2496 4.53701 -0.100761 -21.0035 -0.0101474
-20.2272 4.53476 -0.100802 -20.9976 -0.0101626
-20.2048 4.5325 -0.100843 -20.9916 -0.0101778
-20.1824 4.53024 -0.100884 -20.9856 -0.010193
-20.16 4.52798 -0.100925 -20.9796 -0.0102083
-20.1376 4.52572 -0.100966 -20.9736 -0.0102236
-20.1152 4.52345 -0.101007 -20.9676 -0.0102389
-20.0928 4.52119 -0.101048 -20.9616 -0.0102543
-20.0704 4.51893 -0.101089 -20.9556 -0.0102697
-20.048 4.51666 -0.101131 -20.9496 -0.0102852
-20.0256 4.5144 -0.101172 -20.9436 -0.0103007
-20.0032 4.51213 -0.101214 -20.9375 -0.0103162
-19.9808 4.50986 -0.101255 -20.9315 -0.0103318
-19.9584 4.50759 -0.101297 -20.9255 -0.0103474
-19.936 4.50532 -0.101339 -20.9194 -0.010363
-19.9136 4.50305 -0.10138 -20.9134 -0.0103787
-19.8912 4.50078 -0.101422 -20.9073 -0.0103944
-19.8688 4.49851 -0.101464 -20.9013 -0.0104102
-19.8464 4.49624 -0.101506 -20.8952 -0.010426
-19.824 4.49396 -0.101548 -20.8891 -0.0104418
-19.8016 4.49169 -0.10159 -20.8831 -0.0104577
-19.7792 4.48941 -0.101633 -20.877 -0.0104736
-19.7568 4.48713 -0.101675 -20.8709 -0.0104896
-19.7344 4.48486 -0.101717 -20.8648 -0.0105056
-19.712 4.48258 -0.10176 -20.8587 -0.0105216
-19.6896 4.4803 -0.101802 -20.8526 -0.0105377
-19.6672 4.47802 -0.101845 -20.8465 -0.0105538
-19.6448 4.47573 -0.101888 -20.8404 -0.0105699
-19.6224 4.47345 -0.101931 -20.8342 -0.0105861
-19.6 4.47117 -0.101973 -20.8281 -0.0106023
-19.5776 4.46888 -0.102016 -20.822 -0.0106186
-19.5552 4.4666 -0.102059 -20.8158 -0.0106349
-19.5328 4.46431 -0.102103 -20.8097 -0.0106513
-19.5104 4.46202 -0.102146 -20.8035 -0.0106677
-19.488 4.45973 -0.102189 -20.7974 -0.0106841
-19.4656 4.45745 -0.102232 -20.7912 -0.0107006
-19.4432 4.45515 -0.102276 -20.7851 -0.0107171
-19.4208 4.45286 -0.102319 -20.7789 -0.0107336
-19.3984 4.45057 -0.102363 -20.7727 -0.0107502
-19.376 4.44828 -0.102407 -20.7665 -0.0107669
-19.3536 4.44598 -0.10245 -20.7603 -0.0107835
-19.3312 4.44369 -0.102494 -20.7541 -0.0108003
-19.3088 4.44139 -0.102538 -20.7479 -0.010817
-19.2864 4.43909 -0.102582 -20.7417 -0.0108338
-19.264 4.4368 -0.102626 -20.7355 -0.0108507
-19.2416 4.4345 -0.10267 -20.7293 -0.0108676
-19.2192 4.4322 -0.102714 -20.7231 -0.0108845
-19.1968 4.42989 -0.102759 -20.7168 -0.0109015
-19.1744 4.42759 -0.102803 -20.7106 -0.0109185
-19.152 4.42529 -0.102848 -20.7043 -0.0109355
-19.1296 4.42298 -0.102892 -20.6981 -0.0109526
-19.1072 4.42068 -0.102937 -20.6918 -0.0109698
-19.0848 4.41837 -0.102982 -20.6856 -0.010987
-19.0624 4.41607 -0.103026 -20.6793 -0.0110042
-19.04 4.41376 -0.103071 -20.673 -0.0110215
-19.0176 4.41145 -0.103116 -20.6667 -0.0110388
-18.9952 4.40914 -0.103161 -20.6605 -0.0110561
-18.9728 4.40683 -0.103207 -20.6542 -0.0110736
-18.9504 4.40451 -0.103252 -20.6479 -0.011091
-18.928 4.4022 -0.103297 -20.6416 -0.0111085
-18.9056 4.39989 -0.103343 -20.6353 -0.011126
-18.8832 4.39757 -0.103388 -20.6289 -0.0111436
-18.8608 4.39525 -0.103434 -20.6226 -0.0111612
-18.8384 4.39294 -0.103479 -20.6163 -0.0111789
-18.816 4.39062 -0.103525 -20.6099 -0.0111966
-18.7936 4.3883 -0.103571 -20.6036 -0.0112144
-18.7712 4.38598 -0.103617 -20.5973 -0.0112322
-18.7488 4.38366 -0.103663 -20.5909 -0.0112501
-18.7264 4.38133 -0.103709 -20.5845 -0.011268
-18.704 4.37901 -0.103755 -20.5782 -0.0112859
-18.6816 4.37669 -0.103802 -20.5718 -0.0113039
-18.6592 4.37436 -0.103848 -20.5654 -0.0113219
-18.6368 4.37203 -0.103894 -20.559 -0.01134
-18.6144 4.36971 -0.103941 -20.5527 -0.0113582
-18.592 4.36738 -0.103988 -20.5463 -0.0113763
-18.5696 4.36505 -0.104034 -20.5399 -0.0113946
-18.5472 4.36272 -0.104081 -20.5334 -0.0114128
-18.5248 4.36039 -0.104128 -20.527 -0.0114312
-18.5024 4.35805 -0.104175 -20.5206 -0.0114495
-18.48 4.35572 -0.104222 -20.5142 -0.0114679
-18.4576 4.35338 -0.104269 -20.5077 -0.0114864
-18.4352 4.35105 -0.104317 -20.5013 -0.0115049
-18.4128 4.34871 -0.104364 -20.4949 -0.0115235
-18.3904 4.34637 -0.104412 -20.4884 -0.0115421
-18.368 4.34403 -0.104459 -20.4819 -0.0115607
-18.3456 4.34169 -0.104507 -20.4755 -0.0115795
-18.3232 4.33935 -0.104555 -20.469 -0.0115982
-18.3008 4.33701 -0.104602 -20.4625 -0.011617
-18.2784 4.33466 -0.10465 -20.456 -0.0116359
-18.256 4.33232 -0.104698 -20.4495 -0.0116548
-18.2336 4.32997 -0.104747 -20.443 -0.0116737
-18.2112 4.32763 -0.104795 -20.4365 -0.0116927
-18.1888 4.32528 -0.104843 -20.43 -0.0117118
-18.1664 4.32293 -0.104892 -20.4235 -0.0117309
-18.144 4.32058 -0.10494 -20.417 -0.01175
-18.1216 4.31823 -0.104989 -20.4104 -0.0117692
-18.0992 4.31588 -0.105037 -20.4039 -0.0117885
-18.0768 4.31352 -0.105086 -20.3974 -0.0118078
-18.0544 4.31117 -0.105135 -20.3908 -0.0118272
-18.032 4.30881 -0.105184 -20.3842 -0.0118466
-18.0096 4.30646 -0.105233 -20.3777 -0.011866
-17.9872 4.3041 -0.105282 -20.3711 -0.0118855
-17.9648 4.30174 -0.105332 -20.3645 -0.0119051
-17.9424 4.29938 -0.105381 -20.3579 -0.0119247
-17.92 4.29702 -0.105431 -20.3514 -0.0119444
-17.8976 4.29466 -0.10548 -20.3448 -0.0119641
-17.8752 4.29229 -0.10553 -20.3381 -0.0119839
-17.8528 4.28993 -0.10558 -20.3315 -0.0120037
-17.8304 4.28756 -0.10563 -20.3249 -0.0120236
-17.808 4.2852 -0.10568 -20.3183 -0.0120435
-17.7856 4.28283 -0.10573 -20.3117 -0.0120635
-17.7632 4.28046 -0.10578 -20.305 -0.0120835
-17.7408 4.27809 -0.10583 -20.2984 -0.0121036
-17.7184 4.27572 -0.105881 -20.2917 -0.0121238
-17.696 4.27335 -0.105931 -20.2851 -0.012144
-17.6736 4.27097 -0.105982 -20.2784 -0.0121642
-17.6512 4.2686 -0.106032 -20.2717 -0.0121845
-17.6288 4.26622 -0.106083 -20.265 -0.0122049
-17.6064 4.26385 -0.106134 -20.2584 -0.0122253
-17.584 4.26147 -0.106185 -20.2517 -0.0122458
-17.5616 4.25909 -0.106236 -20.245 -0.0122663
-17.5392 4.25671 -0.106288 -20.2382 -0.0122869
-17.5168 4.25433 -0.106339 -20.2315 -0.0123076
-17.4944 4.25194 -0.10639 -20.2248 -0.0123283
-17.472 4.24956 -0.106442 -20.2181 -0.012349
-17.4496 4.24718 -0.106494 -20.2113 -0.0123699
-17.4272 4.24479 -0.106545 -20.2046 -0.0123907
-17.4048 4.2424 -0.106597 -20.1978 -0.0124117
-17.3824 4.24001 -0.106649 -20.1911 -0.0124326
-17.36 4.23762 -0.106701 -20.1843 -0.0124537
-17.3376 4.23523 -0.106753 -20.1776 -0.0124748
-17.3152 4.23284 -0.106806 -20.1708 -0.0124959
-17.2928 4.23045 -0.106858 -20.164 -0.0125172
-17.2704 4.22805 -0.106911 -20.1572 -0.0125384
-17.248 4.22566 -0.106963 -20.1504 -0.0125598
-17.2256 4.22326 -0.107016 -20.1436 -0.0125812
-17.2032 4.22086 -0.107069 -20.1368 -0.0126026
-17.1808 4.21847 -0.107122 -20.1299 -0.0126241
-17.1584 4.21607 -0.107175 -20.1231 -0.0126457
-17.136 4.21366 -0.107228 -20.1163 -0.0126673
-17.1136 4.21126 -0.107282 -20.1094 -0.012689
-17.0912 4.20886 -0.107335 -20.1026 -0.0127108
-17.0688 4.20645 -0.107389 -20.0957 -0.0127326
-17.0464 4.20405 -0.107442 -20.0889 -0.0127545
-17.024 4.20164 -0.107496 -20.082 -0.0127764
-17.0016 4.19923 -0.10755 -20.0751 -0.0127984
-16.9792 4.19682 -0.107604 -20.0682 -0.0128205
-16.9568 4.19441 -0.107658 -20.0613 -0.0128426
-16.9344 4.192 -0.107712 -20.0544 -0.0128648
-16.912 4.18959 -0.107766 -20.0475 -0.012887
-16.8896 4.18717 -0.107821 -20.0406 -0.0129093
-16.8672 4.18475 -0.107876 -20.0337 -0.0129317
-16.8448 4.18234 -0.10793 -20.0267 -0.0129541
-16.8224 4.17992 -0.107985 -20.0198 -0.0129766
-16.8 4.1775 -0.10804 -20.0128 -0.0129992
-16.7776 4.17508 -0.108095 -20.0059 -0.0130218
-16.7552 4.17266 -0.10815 -19.9989 -0.0130445
-16.7328 4.17023 -0.108205 -19.992 -0.0130672
-16.7104 4.16781 -0.108261 -19.985 -0.0130901
-16.688 4.16538 -0.108316 -19.978 -0.0131129
-16.6656 4.16296 -0.108372 -19.971 -0.0131359
-16.6432 4.16053 -0.108428 -19.964 -0.0131589
-16.6208 4.1581 -0.108484 -19.957 -0.013182
-16.5984 4.15567 -0.10854 -19.95 -0.0132051
-16.576 4.15324 -0.108596 -19.9429 -0.0132283
-16.5536 4.1508 -0.108652 -19.9359 -0.0132516
-16.5312 4.14837 -0.108708 -19.9289 -0.013275
-16.5088 4.14593 -0.108765 -19.9218 -0.0132984
-16.4864 4.1435 -0.108822 -19.9148 -0.0133218
-16.464 4.14106 -0.108878 -19.9077 -0.0133454
-16.4416 4.13862 -0.108935 -19.9006 -0.013369
-16.4192 4.13618 -0.108992 -19.8935 -0.0133927
-16.3968 4.13374 -0.109049 -19.8865 -0.0134164
-16.3744 4.13129 -0.109107 -19.8794 -0.0134403
-16.352 4.12885 -0.109164 -19.8723 -0.0134641
-16.3296 4.1264 -0.109221 -19.8652 -0.0134881
-16.3072 4.12395 -0.109279 -19.858 -0.0135121
-16.2848 4.12151 -0.109337 -19.8509 -0.0135362
-16.2624 4.11906 -0.109395 -19.8438 -0.0135604
-16.24 4.11661 -0.109453 -19.8366 -0.0135846
-16.2176 4.11415 -0.109511 -19.8295 -0.0136089
-16.1952 4.1117 -0.109569 -19.8223 -0.0136333
-16.1728 4.10924 -0.109628 -19.8151 -0.0136578
-16.1504 4.10679 -0.109686 -19.808 -0.0136823
-16.128 4.10433 -0.109745 -19.8008 -0.0137069
-16.1056 4.10187 -0.109804 -19.7936 -0.0137315
-16.0832 4.09941 -0.109863 -19.7864 -0.0137563
-16.0608 4.09695 -0.109922 -19.7792 -0.0137811
-16.0384 4.09449 -0.109981 -19.772 -0.013806
-16.016 4.09202 -0.11004 -19.7647 -0.0138309
-15.9936 4.08956 -0.1101 -19.7575 -0.013856
-15.9712 4.08709 -0.110159 -19.7503 -0.0138811
-15.9488 4.08462 -0.110219 -19.743 -0.0139063
-15.9264 4.08215 -0.110279 -19.7358 -0.0139315
-15.904 4.07968 -0.110339 -19.7285 -0.0139568
-15.8816 4.07721 -0.110399 -19.7212 -0.0139822
-15.8592 4.07474 -0.11046 -19.7139 -0.0140077
-15.8368 4.07226 -0.11052 -19.7067 -0.0140333
-15.8144 4.06978 -0.110581 -19.6994 -0.0140589
-15.792 4.06731 -0.110641 -19.692 -0.0140846
-15.7696 4.06483 -0.110702 -19.6847 -0.0141104
-15.7472 4.06235 -0.110763 -19.6774 -0.0141363
-15.7248 4.05987 -0.110824 -19.6701 -0.0141622
-15.7024 4.05738 -0.110886 -19.6627 -0.0141882
-15.68 4.0549 -0.110947 -19.6554 -0.0142143
-15.6576 4.05241 -0.111009 -19.648 -0.0142405
-15.6352 4.04992 -0.11107 -19.6406 -0.0142668
-15.6128 4.04744 -0.111132 -19.6333 -0.0142931
-15.5904 4.04495 -0.111194 -19.6259 -0.0143195
-15.568 4.04245 -0.111256 -19.6185 -0.014346
-15.5456 4.03996 -0.111319 -19.6111 -0.0143726
-15.5232 4.03747 -0.111381 -19.6037 -0.0143992
-15.5008 4.03497 -0.111444 -19.5963 -0.014426
-15.4784 4.03247 -0.111506 -19.5888 -0.0144528
-15.456 4.02998 -0.111569 -19.5814 -0.0144797
-15.4336 4.02748 -0.111632 -19.5739 -0.0145066
-15.4112 4.02497 -0.111696 -19.5665 -0.0145337
-15.3888 4.02247 -0.111759 -19.559 -0.0145609
-15.3664 4.01997 -0.111822 -19.5516 -0.0145881
-15.344 4.01746 -0.111886 -19.5441 -0.0146154
-15.3216 4.01496 -0.11195 -19.5366 -0.0146428
-15.2992 4.01245 -0.112014 -19.5291 -0.0146703
-15.2768 4.00994 -0.112078 -19.5216 -0.0146978
-15.2544 4.00743 -0.112142 -19.5141 -0.0147255
-15.232 4.00491 -0.112206 -19.5065 -0.0147532
-15.2096 4.0024 -0.112271 -19.499 -0.014781
-15.1872 3.99988 -0.112336 -19.4914 -0.0148089
-15.1648 3.99737 -0.112401 -19.4839 -0.0148369
-15.1424 3.99485 -0.112466 -19.4763 -0.014865
-15.12 3.99233 -0.112531 -19.4688 -0.0148932
-15.0976 3.98981 -0.112596 -19.4612 -0.0149214
-15.0752 3.98728 -0.112662 -19.4536 -0.0149498
-15.0528 3.98476 -0.112727 -19.446 -0.0149782
-15.0304 3.98223 -0.112793 -19.4384 -0.0150067
-15.008 3.97971 -0.112859 -19.4308 -0.0150353
-14.9856 3.97718 -0.112925 -19.4231 -0.015064
-14.9632 3.97465 -0.112991 -19.4155 -0.0150928
-14.9408 3.97212 -0.113058 -19.4078 -0.0151217
-14.9184 3.96958 -0.113124 -19.4002 -0.0151507
-14.896 3.96705 -0.113191 -19.3925 -0.0151797
-14.8736 3.96451 -0.113258 -19.3849 -0.0152089
-14.8512 3.96197 -0.113325 -19.3772 -0.0152381
-14.8288 3.95943 -0.113393 -19.3695 -0.0152675
-14.8064 3.95689 -0.11346 -19.3618 -0.0152969
-14.784 3.95435 -0.113528 -19.3541 -0.0153264
-14.7616 3.95181 -0.113595 -19.3463 -0.015356
-14.7392 3.94926 -0.113663 -19.3386 -0.0153857
-14.7168 3.94672 -0.113731 -19.3309 -0.0154155
-14.6944 3.94417 -0.1138 -19.3231 -0.0154454
-14.672 3.94162 -0.113868 -19.3154 -0.0154754
-14.6496 3.93907 -0.113937 -19.3076 -0.0155055
-14.6272 3.93651 -0.114006 -19.2998 -0.0155357
-14.6048 3.93396 -0.114074 -19.292 -0.015566
-14.5824 3.9314 -0.114144 -19.2842 -0.0155964
-14.56 3.92884 -0.114213 -19.2764 -0.0156269
-14.5376 3.92629 -0.114282 -19.2686 -0.0156574
-14.5152 3.92372 -0.114352 -19.2608 -0.0156881
-14.4928 3.92116 -0.114422 -19.2529 -0.0157189
-14.4704 3.9186 -0.114492 -19.2451 -0.0157498
-14.448 3.91603 -0.114562 -19.2372 -0.0157807
-14.4256 3.91347 -0.114632 -19.2293 -0.0158118
-14.4032 3.9109 -0.114703 -19.2215 -0.015843
-14.3808 3.90833 -0.114774 -19.2136 -0.0158743
-14.3584 3.90576 -0.114845 -19.2057 -0.0159056
-14.336 3.90318 -0.114916 -19.1978 -0.0159371
-14.3136 3.90061 -0.114987 -19.1898 -0.0159687
-14.2912 3.89803 -0.115058 -19.1819 -0.0160004
-14.2688 3.89545 -0.11513 -19.174 -0.0160322
-14.2464 3.89287 -0.115202 -19.166 -0.0160641
-14.224 3.89029 -0.115274 -19.1581 -0.0160961
-14.2016 3.88771 -0.115346 -19.1501 -0.0161282
-14.1792 3.88512 -0.115418 -19.1421 -0.0161604
-14.1568 3.88254 -0.115491 -19.1341 -0.0161927
-14.1344 3.87995 -0.115564 -19.1261 -0.0162251
-14.112 3.87736 -0.115637 -19.1181 -0.0162577
-14.0896 3.87477 -0.11571 -19.1101 -0.0162903
-14.0672 3.87218 -0.115783 -19.1021 -0.016323
-14.0448 3.86958 -0.115857 -19.094 -0.0163559
-14.0224 3.86699 -0.11593 -19.086 -0.0163888
-14 3.86439 -0.116004 -19.0779 -0.0164219
-13.9776 3.86179 -0.116078 -19.0698 -0.0164551
-13.9552 3.85919 -0.116153 -19.0617 -0.0164884
-13.9328 3.85659 -0.116227 -19.0536 -0.0165218
-13.9104 3.85398 -0.116302 -19.0455 -0.0165553
-13.888 3.85138 -0.116377 -19.0374 -0.0165889
-13.8656 3.84877 -0.116452 -19.0293 -0.0166227
-13.8432 3.84616 -0.116527 -19.0211 -0.0166565
-13.8208 3.84355 -0.116602 -19.013 -0.0166905
-13.7984 3.84094 -0.116678 -19.0048 -0.0167246
-13.776 3.83832 -0.116754 -18.9967 -0.0167588
-13.7536 3.8357 -0.11683 -18.9885 -0.0167931
-13.7312 3.83309 -0.116906 -18.9803 -0.0168275
-13.7088 3.83047 -0.116983 -18.9721 -0.0168621
-13.6864 3.82785 -0.117059 -18.9639 -0.0168968
-13.664 3.82522 -0.117136 -18.9556 -0.0169315
-13.6416 3.8226 -0.117213 -18.9474 -0.0169664
-13.6192 3.81997 -0.117291 -18.9392 -0.0170015
-13.5968 3.81734 -0.117368 -18.9309 -0.0170366
-13.5744 3.81471 -0.117446 -18.9226 -0.0170719
-13.552 3.81208 -0.117524 -18.9143 -0.0171072
-13.5296 3.80945 -0.117602 -18.9061 -0.0171428
-13.5072 3.80681 -0.11768 -18.8977 -0.0171784
-13.4848 3.80418 -0.117759 -18.8894 -0.0172141
-13.4624 3.80154 -0.117838 -18.8811 -0.01725
-13.44 3.7989 -0.117917 -18.8728 -0.017286
-13.4176 3.79626 -0.117996 -18.8644 -0.0173221
-13.3952 3.79361 -0.118075 -18.8561 -0.0173584
-13.3728 3.79097 -0.118155 -18.8477 -0.0173947
-13.3504 3.78832 -0.118235 -18.8393 -0.0174312
-13.328 3.78567 -0.118315 -18.8309 -0.0174678
-13.3056 3.78302 -0.118395 -18.8225 -0.0175046
-13.2832 3.78036 -0.118476 -18.8141 -0.0175415
-13.2608 3.77771 -0.118557 -18.8056 -0.0175785
-13.2384 3.77505 -0.118638 -18.7972 -0.0176156
-13.216 3.77239 -0.118719 -18.7888 -0.0176529
-13.1936 3.76973 -0.1188 -18.7803 -0.0176903
-13.1712 3.76707 -0.118882 -18.7718 -0.0177278
-13.1488 3.76441 -0.118964 -18.7633 -0.0177655
-13.1264 3.76174 -0.119046 -18.7548 -0.0178033
-13.104 3.75908 -0.119128 -18.7463 -0.0178412
-13.0816 3.75641 -0.119211 -18.7378 -0.0178793
-13.0592 3.75373 -0.119294 -18.7292 -0.0179175
-13.0368 3.75106 -0.119377 -18.7207 -0.0179558
-13.0144 3.74839 -0.11946 -18.7121 -0.0179943
-12.992 3.74571 -0.119543 -18.7036 -0.0180329
-12.9696 3.74303 -0.119627 -18.695 -0.0180716
-12.9472 3.74035 -0.119711 -18.6864 -0.0181105
-12.9248 3.73767 -0.119795 -18.6778 -0.0181495
-12.9024 3.73498 -0.11988 -18.6691 -0.0181887
-12.88 3.7323 -0.119965 -18.6605 -0.018228
-12.8576 3.72961 -0.120049 -18.6519 -0.0182674
-12.8352 3.72692 -0.120135 -18.6432 -0.018307
-12.8128 3.72423 -0.12022 -18.6345 -0.0183467
-12.7904 3.72153 -0.120306 -18.6259 -0.0183866
-12.768 3.71884 -0.120392 -18.6172 -0.0184266
-12.7456 3.71614 -0.120478 -18.6084 -0.0184668
-12.7232 3.71344 -0.120564 -18.5997 -0.0185071
-12.7008 3.71074 -0.120651 -18.591 -0.0185475
-12.6784 3.70803 -0.120738 -18.5822 -0.0185881
-12.656 3.70533 -0.120825 -18.5735 -0.0186289
-12.6336 3.70262 -0.120913 -18.5647 -0.0186698
-12.6112 3.69991 -0.121 -18.5559 -0.0187108
-12.5888 3.6972 -0.121088 -18.5471 -0.018752
-12.5664 3.69449 -0.121176 -18.5383 -0.0187934
-12.544 3.69177 -0.121265 -18.5295 -0.0188349
-12.5216 3.68906 -0.121354 -18.5207 -0.0188765
-12.4992 3.68634 -0.121442 -18.5118 -0.0189183
-12.4768 3.68361 -0.121532 -18.5029 -0.0189603
-12.4544 3.68089 -0.121621 -18.4941 -0.0190024
-12.432 3.67817 -0.121711 -18.4852 -0.0190447
-12.4096 3.67544 -0.121801 -18.4763 -0.0190871
-12.3872 3.67271 -0.121891 -18.4674 -0.0191297
-12.3648 3.66998 -0.121982 -18.4584 -0.0191724
-12.3424 3.66724 -0.122073 -18.4495 -0.0192153
-12.32 3.66451 -0.122164 -18.4405 -0.0192584
-12.2976 3.66177 -0.122255 -18.4316 -0.0193016
-12.2752 3.65903 -0.122347 -18.4226 -0.019345
-12.2528 3.65629 -0.122439 -18.4136 -0.0193886
-12.2304 3.65355 -0.122531 -18.4046 -0.0194323
-12.208 3.6508 -0.122624 -18.3956 -0.0194762
-12.1856 3.64805 -0.122716 -18.3865 -0.0195202
-12.1632 3.6453 -0.122809 -18.3775 -0.0195644
-12.1408 3.64255 -0.122903 -18.3684 -0.0196088
-12.1184 3.6398 -0.122996 -18.3593 -0.0196533
-12.096 3.63704 -0.12309 -18.3503 -0.0196981
-12.0736 3.63428 -0.123184 -18.3411 -0.0197429
-12.0512 3.63152 -0.123279 -18.332 -0.019788
-12.0288 3.62876 -0.123374 -18.3229 -0.0198332
-12.0064 3.626 -0.123469 -18.3137 -0.0198786
-11.984 3.62323 -0.123564 -18.3046 -0.0199242
-11.9616 3.62046 -0.12366 -18.2954 -0.01997
-11.9392 3.61769 -0.123756 -18.2862 -0.0200159
-11.9168 3.61492 -0.123852 -18.277 -0.020062
-11.8944 3.61214 -0.123948 -18.2678 -0.0201083
-11.872 3.60936 -0.124045 -18.2586 -0.0201547
-11.8496 3.60658 -0.124142 -18.2493 -0.0202014
-11.8272 3.6038 -0.12424 -18.2401 -0.0202482
-11.8048 3.60102 -0.124338 -18.2308 -0.0202952
-11.7824 3.59823 -0.124436 -18.2215 -0.0203424
-11.76 3.59544 -0.124534 -18.2122 -0.0203897
-11.7376 3.59265 -0.124633 -18.2029 -0.0204373
-11.7152 3.58986 -0.124732 -18.1935 -0.020485
-11.6928 3.58706 -0.124831 -18.1842 -0.0205329
-11.6704 3.58427 -0.12493 -18.1748 -0.0205811
-11.648 3.58147 -0.12503 -18.1655 -0.0206294
-11.6256 3.57866 -0.125131 -18.1561 -0.0206779
-11.6032 3.57586 -0.125231 -18.1467 -0.0207265
-11.5808 3.57305 -0.125332 -18.1372 -0.0207754
-11.5584 3.57025 -0.125433 -18.1278 -0.0208245
-11.536 3.56743 -0.125535 -18.1184 -0.0208737
-11.5136 3.56462 -0.125637 -18.1089 -0.0209232
-11.4912 3.56181 -0.125739 -18.0994 -0.0209729
-11.4688 3.55899 -0.125841 -18.0899 -0.0210227
-11.4464 3.55617 -0.125944 -18.0804 -0.0210728
-11.424 3.55335 -0.126047 -18.0709 -0.021123
-11.4016 3.55052 -0.126151 -18.0613 -0.0211735
-11.3792 3.54769 -0.126254 -18.0518 -0.0212241
-11.3568 3.54487 -0.126359 -18.0422 -0.021275
-11.3344 3.54203 -0.126463 -18.0326 -0.0213261
-11.312 3.5392 -0.126568 -18.023 -0.0213773
-11.2896 3.53636 -0.126673 -18.0134 -0.0214288
-11.2672 3.53353 -0.126779 -18.0037 -0.0214805
-11.2448 3.53068 -0.126885 -17.9941 -0.0215324
-11.2224 3.52784 -0.126991 -17.9844 -0.0215845
-11.2 3.52499 -0.127097 -17.9747 -0.0216368
-11.1776 3.52215 -0.127204 -17.965 -0.0216894
-11.1552 3.5193 -0.127312 -17.9553 -0.0217421
-11.1328 3.51644 -0.127419 -17.9456 -0.0217951
-11.1104 3.51359 -0.127527 -17.9358 -0.0218483
-11.088 3.51073 -0.127636 -17.9261 -0.0219017
-11.0656 3.50787 -0.127744 -17.9163 -0.0219553
-11.0432 3.50501 -0.127853 -17.9065 -0.0220091
-11.0208 3.50214 -0.127963 -17.8967 -0.0220632
-10.9984 3.49927 -0.128073 -17.8868 -0.0221175
-10.976 3.4964 -0.128183 -17.877 -0.022172
-10.9536 3.49353 -0.128293 -17.8671 -0.0222267
-10.9312 3.49066 -0.128404 -17.8573 -0.0222817
-10.9088 3.48778 -0.128515 -17.8474 -0.0223369
-10.8864 3.4849 -0.128627 -17.8374 -0.0223923
-10.864 3.48202 -0.128739 -17.8275 -0.022448
-10.8416 3.47913 -0.128852 -17.8176 -0.0225039
-10.8192 3.47624 -0.128964 -17.8076 -0.02256
-10.7968 3.47335 -0.129078 -17.7976 -0.0226163
-10.7744 3.47046 -0.129191 -17.7876 -0.0226729
-10.752 3.46757 -0.129305 -17.7776 -0.0227298
-10.7296 3.46467 -0.12942 -17.7676 -0.0227869
-10.7072 3.46177 -0.129534 -17.7575 -0.0228442
-10.6848 3.45887 -0.129649 -17.7475 -0.0229018
-10.6624 3.45596 -0.129765 -17.7374 -0.0229596
-10.64 3.45305 -0.129881 -17.7273 -0.0230176
-10.6176 3.45014 -0.129997 -17.7171 -0.0230759
-10.5952 3.44723 -0.130114 -17.707 -0.0231345
-10.5728 3.44431 -0.130231 -17.6969 -0.0231933
-10.5504 3.44139 -0.130349 -17.6867 -0.0232523
-10.528 3.43847 -0.130467 -17.6765 -0.0233117
-10.5056 3.43555 -0.130585 -17.6663 -0.0233712
-10.4832 3.43262 -0.130704 -17.6561 -0.0234311
-10.4608 3.42969 -0.130823 -17.6458 -0.0234911
-10.4384 3.42676 -0.130943 -17.6355 -0.0235515
-10.416 3.42383 -0.131063 -17.6253 -0.0236121
-10.3936 3.42089 -0.131184 -17.615 -0.023673
-10.3712 3.41795 -0.131304 -17.6046 -0.0237341
-10.3488 3.41501 -0.131426 -17.5943 -0.0237955
-10.3264 3.41206 -0.131548 -17.584 -0.0238572
-10.304 3.40911 -0.13167 -17.5736 -0.0239191
-10.2816 3.40616 -0.131793 -17.5632 -0.0239814
-10.2592 3.40321 -0.131916 -17.5528 -0.0240439
-10.2368 3.40025 -0.132039 -17.5423 -0.0241066
-10.2144 3.39729 -0.132163 -17.5319 -0.0241697
-10.192 3.39433 -0.132288 -17.5214 -0.024233
-10.1696 3.39137 -0.132413 -17.5109 -0.0242966
-10.1472 3.3884 -0.132538 -17.5004 -0.0243605
-10.1248 3.38543 -0.132664 -17.4899 -0.0244247
-10.1024 3.38246 -0.13279 -17.4794 -0.0244891
-10.08 3.37948 -0.132917 -17.4688 -0.0245539
-10.0576 3.3765 -0.133044 -17.4582 -0.0246189
-10.0352 3.37352 -0.133172 -17.4476 -0.0246843
-10.0128 3.37054 -0.1333 -17.437 -0.0247499
-9.9904 3.36755 -0.133429 -17.4264 -0.0248158
-9.968 3.36456 -0.133558 -17.4157 -0.0248821
-9.9456 3.36157 -0.133687 -17.405 -0.0249486
-9.9232 3.35857 -0.133817 -17.3943 -0.0250154
-9.9008 3.35557 -0.133948 -17.3836 -0.0250826
-9.8784 3.35257 -0.134079 -17.3729 -0.02515
-9.856 3.34956 -0.13421 -17.3621 -0.0252177
-9.8336 3.34656 -0.134342 -17.3513 -0.0252858
-9.8112 3.34355 -0.134475 -17.3405 -0.0253542
-9.7888 3.34053 -0.134608 -17.3297 -0.0254229
-9.7664 3.33751 -0.134741 -17.3188 -0.0254919
-9.744 3.3345 -0.134876 -17.308 -0.0255612
-9.7216 3.33147 -0.13501 -17.2971 -0.0256308
-9.6992 3.32845 -0.135145 -17.2862 -0.0257008
-9.6768 3.32542 -0.135281 -17.2753 -0.0257711
-9.6544 3.32239 -0.135417 -17.2643 -0.0258417
-9.632 3.31935 -0.135553 -17.2534 -0.0259127
-9.6096 3.31631 -0.13569 -17.2424 -0.0259839
-9.5872 3.31327 -0.135828 -17.2314 -0.0260555
-9.5648 3.31023 -0.135966 -17.2203 -0.0261275
-9.5424 3.30718 -0.136105 -17.2093 -0.0261998
-9.52 3.30413 -0.136244 -17.1982 -0.0262724
-9.4976 3.30108 -0.136384 -17.1871 -0.0263454
-9.4752 3.29802 -0.136524 -17.176 -0.0264187
-9.4528 3.29496 -0.136665 -17.1648 -0.0264924
-9.4304 3.2919 -0.136807 -17.1537 -0.0265664
-9.408 3.28883 -0.136949 -17.1425 -0.0266408
-9.3856 3.28576 -0.137091 -17.1313 -0.0267155
-9.3632 3.28269 -0.137234 -17.1201 -0.0267906
-9.3408 3.27961 -0.137378 -17.1088 -0.026866
-9.3184 3.27654 -0.137522 -17.0975 -0.0269418
-9.296 3.27345 -0.137667 -17.0863 -0.027018
-9.2736 3.27037 -0.137812 -17.0749 -0.0270946
-9.2512 3.26728 -0.137958 -17.0636 -0.0271715
-9.2288 3.26419 -0.138105 -17.0522 -0.0272488
-9.2064 3.26109 -0.138252 -17.0409 -0.0273264
-9.184 3.25799 -0.1384 -17.0294 -0.0274045
-9.1616 3.25489 -0.138548 -17.018 -0.0274829
-9.1392 3.25179 -0.138697 -17.0066 -0.0275617
-9.1168 3.24868 -0.138847 -16.9951 -0.0276409
-9.0944 3.24557 -0.138997 -16.9836 -0.0277205
-9.072 3.24245 -0.139148 -16.9721 -0.0278005
-9.0496 3.23933 -0.139299 -16.9605 -0.0278808
-9.0272 3.23621 -0.139451 -16.9489 -0.0279616
-9.0048 3.23309 -0.139603 -16.9373 -0.0280428
-8.9824 3.22996 -0.139757 -16.9257 -0.0281244
-8.96 3.22682 -0.139911 -16.9141 -0.0282064
-8.9376 3.22369 -0.140065 -16.9024 -0.0282887
-8.9152 3.22055 -0.14022 -16.8907 -0.0283716
-8.8928 3.21741 -0.140376 -16.879 -0.0284548
-8.8704 3.21426 -0.140532 -16.8673 -0.0285384
-8.848 3.21111 -0.140689 -16.8555 -0.0286225
-8.8256 3.20796 -0.140847 -16.8437 -0.028707
-8.8032 3.2048 -0.141006 -16.8319 -0.0287919
-8.7808 3.20164 -0.141165 -16.82 -0.0288772
-8.7584 3.19848 -0.141324 -16.8082 -0.028963
-8.736 3.19531 -0.141485 -16.7963 -0.0290492
-8.7136 3.19214 -0.141646 -16.7844 -0.0291359
-8.6912 3.18896 -0.141808 -16.7724 -0.029223
-8.6688 3.18579 -0.14197 -16.7605 -0.0293106
-8.6464 3.1826 -0.142133 -16.7485 -0.0293986
-8.624 3.17942 -0.142297 -16.7364 -0.029487
-8.6016 3.17623 -0.142462 -16.7244 -0.029576
-8.5792 3.17304 -0.142627 -16.7123 -0.0296653
-8.5568 3.16984 -0.142793 -16.7002 -0.0297552
-8.5344 3.16664 -0.142959 -16.6881 -0.0298455
-8.512 3.16343 -0.143127 -16.676 -0.0299363
-8.4896 3.16023 -0.143295 -16.6638 -0.0300275
-8.4672 3.15701 -0.143464 -16.6516 -0.0301193
-8.4448 3.1538 -0.143633 -16.6394 -0.0302115
-8.4224 3.15058 -0.143804 -16.6271 -0.0303042
-8.4 3.14736 -0.143975 -16.6148 -0.0303974
-8.3776 3.14413 -0.144147 -16.6025 -0.0304911
-8.3552 3.1409 -0.144319 -16.5902 -0.0305853
-8.3328 3.13766 -0.144493 -16.5778 -0.03068
-8.3104 3.13443 -0.144667 -16.5654 -0.0307752
-8.288 3.13118 -0.144842 -16.553 -0.0308709
-8.2656 3.12794 -0.145017 -16.5405 -0.0309671
-8.2432 3.12469 -0.145194 -16.5281 -0.0310639
-8.2208 3.12143 -0.145371 -16.5155 -0.0311611
-8.1984 3.11817 -0.145549 -16.503 -0.0312589
-8.176 3.11491 -0.145728 -16.4905 -0.0313573
-8.1536 3.11165 -0.145907 -16.4779 -0.0314561
-8.1312 3.10837 -0.146088 -16.4652 -0.0315555
-8.1088 3.1051 -0.146269 -16.4526 -0.0316555
-8.0864 3.10182 -0.146451 -16.4399 -0.0317559
-8.064 3.09854 -0.146634 -16.4272 -0.031857
-8.0416 3.09525 -0.146818 -16.4145 -0.0319586
-8.0192 3.09196 -0.147003 -16.4017 -0.0320607
-7.9968 3.08867 -0.147188 -16.3889 -0.0321634
-7.9744 3.08537 -0.147374 -16.3761 -0.0322667
-7.952 3.08206 -0.147562 -16.3632 -0.0323706
-7.9296 3.07876 -0.14775 -16.3503 -0.032475
-7.9072 3.07545 -0.147939 -16.3374 -0.0325801
-7.8848 3.07213 -0.148128 -16.3245 -0.0326857
-7.8624 3.06881 -0.148319 -16.3115 -0.0327919
-7.84 3.06548 -0.148511 -16.2985 -0.0328987
-7.8176 3.06216 -0.148703 -16.2854 -0.0330061
-7.7952 3.05882 -0.148897 -16.2724 -0.0331142
-7.7728 3.05549 -0.149091 -16.2593 -0.0332228
-7.7504 3.05214 -0.149286 -16.2461 -0.033332
-7.728 3.0488 -0.149482 -16.233 -0.0334419
-7.7056 3.04545 -0.149679 -16.2198 -0.0335524
-7.6832 3.04209 -0.149877 -16.2066 -0.0336636
-7.6608 3.03873 -0.150076 -16.1933 -0.0337753
-7.6384 3.03537 -0.150276 -16.18 -0.0338878
-7.616 3.032 -0.150477 -16.1667 -0.0340009
-7.5936 3.02863 -0.150679 -16.1533 -0.0341146
-7.5712 3.02525 -0.150882 -16.1399 -0.034229
-7.5488 3.02187 -0.151086 -16.1265 -0.034344
-7.5264 3.01848 -0.151291 -16.113 -0.0344598
-7.504 3.01509 -0.151496 -16.0995 -0.0345762
-7.4816 3.01169 -0.151703 -16.086 -0.0346933
-7.4592 3.00829 -0.151911 -16.0725 -0.0348111
-7.4368 3.00489 -0.15212 -16.0589 -0.0349296
-7.4144 3.00148 -0.15233 -16.0452 -0.0350488
-7.392 2.99806 -0.152541 -16.0316 -0.0351687
-7.3696 2.99464 -0.152753 -16.0179 -0.0352893
-7.3472 2.99122 -0.152966 -16.0042 -0.0354106
-7.3248 2.98779 -0.15318 -15.9904 -0.0355327
-7.3024 2.98436 -0.153395 -15.9766 -0.0356555
-7.28 2.98092 -0.153612 -15.9628 -0.035779
-7.2576 2.97748 -0.153829 -15.9489 -0.0359033
-7.2352 2.97403 -0.154048 -15.935 -0.0360283
-7.2128 2.97057 -0.154267 -15.921 -0.0361541
-7.1904 2.96712 -0.154488 -15.9071 -0.0362807
-7.168 2.96365 -0.15471 -15.893 -0.036408
-7.1456 2.96019 -0.154933 -15.879 -0.0365361
-7.1232 2.95671 -0.155157 -15.8649 -0.036665
-7.1008 2.95323 -0.155382 -15.8508 -0.0367948
-7.0784 2.94975 -0.155609 -15.8366 -0.0369253
-7.056 2.94626 -0.155836 -15.8224 -0.0370566
-7.0336 2.94277 -0.156065 -15.8082 -0.0371887
-7.0112 2.93927 -0.156295 -15.7939 -0.0373217
-6.9888 2.93577 -0.156527 -15.7796 -0.0374555
-6.9664 2.93226 -0.156759 -15.7652 -0.0375901
-6.944 2.92875 -0.156993 -15.7508 -0.0377256
-6.9216 2.92523 -0.157228 -15.7364 -0.0378619
-6.8992 2.9217 -0.157464 -15.7219 -0.0379991
-6.8768 2.91817 -0.157701 -15.7074 -0.0381372
-6.8544 2.91464 -0.15794 -15.6929 -0.0382761
-6.832 2.9111 -0.15818 -15.6783 -0.038416
-6.8096 2.90755 -0.158421 -15.6637 -0.0385567
-6.7872 2.904 -0.158664 -15.649 -0.0386983
-6.7648 2.90044 -0.158907 -15.6343 -0.0388409
-6.7424 2.89688 -0.159153 -15.6195 -0.0389844
-6.72 2.89331 -0.159399 -15.6047 -0.0391288
-6.6976 2.88974 -0.159647 -15.5899 -0.0392741
-6.6752 2.88616 -0.159896 -15.575 -0.0394204
-6.6528 2.88257 -0.160147 -15.5601 -0.0395677
-6.6304 2.87898 -0.160399 -15.5452 -0.0397159
-6.608 2.87539 -0.160652 -15.5302 -0.0398651
-6.5856 2.87179 -0.160907 -15.5151 -0.0400153
-6.5632 2.86818 -0.161163 -15.5 -0.0401664
-6.5408 2.86457 -0.161421 -15.4849 -0.0403186
-6.5184 2.86095 -0.16168 -15.4697 -0.0404718
-6.496 2.85732 -0.16194 -15.4545 -0.0406261
-6.4736 2.85369 -0.162202 -15.4393 -0.0407813
-6.4512 2.85006 -0.162466 -15.424 -0.0409376
-6.4288 2.84642 -0.16273 -15.4086 -0.041095
-6.4064 2.84277 -0.162997 -15.3932 -0.0412534
-6.384 2.83911 -0.163265 -15.3778 -0.0414129
-6.3616 2.83545 -0.163534 -15.3623 -0.0415735
-6.3392 2.83179 -0.163805 -15.3468 -0.0417352
-6.3168 2.82811 -0.164078 -15.3312 -0.041898
-6.2944 2.82444 -0.164352 -15.3156 -0.042062
-6.272 2.82075 -0.164628 -15.2999 -0.042227
-6.2496 2.81706 -0.164906 -15.2842 -0.0423932
-6.2272 2.81336 -0.165185 -15.2684 -0.0425606
-6.2048 2.80966 -0.165465 -15.2526 -0.0427291
-6.1824 2.80595 -0.165748 -15.2368 -0.0428988
-6.16 2.80223 -0.166032 -15.2209 -0.0430697
-6.1376 2.79851 -0.166317 -15.2049 -0.0432418
-6.1152 2.79478 -0.166605 -15.1889 -0.0434152
-6.0928 2.79105 -0.166894 -15.1728 -0.0435897
-6.0704 2.78731 -0.167184 -15.1567 -0.0437655
-6.048 2.78356 -0.167477 -15.1406 -0.0439426
-6.0256 2.7798 -0.167771 -15.1244 -0.0441209
-6.0032 2.77604 -0.168067 -15.1081 -0.0443005
-5.9808 2.77227 -0.168365 -15.0918 -0.0444814
-5.9584 2.7685 -0.168665 -15.0755 -0.0446636
-5.936 2.76472 -0.168967 -15.0591 -0.0448472
-5.9136 2.76093 -0.16927 -15.0426 -0.045032
-5.8912 2.75714 -0.169575 -15.0261 -0.0452183
-5.8688 2.75333 -0.169883 -15.0096 -0.0454059
-5.8464 2.74952 -0.170192 -14.9929 -0.0455949
-5.824 2.74571 -0.170503 -14.9763 -0.0457852
-5.8016 2.74189 -0.170816 -14.9595 -0.045977
-5.7792 2.73806 -0.171131 -14.9428 -0.0461702
-5.7568 2.73422 -0.171447 -14.9259 -0.0463649
-5.7344 2.73038 -0.171766 -14.9091 -0.046561
-5.712 2.72652 -0.172087 -14.8921 -0.0467586
-5.6896 2.72267 -0.17241 -14.8751 -0.0469577
-5.6672 2.7188 -0.172735 -14.8581 -0.0471583
-5.6448 2.71493 -0.173062 -14.841 -0.0473605
-5.6224 2.71105 -0.173392 -14.8238 -0.0475641
-5.6 2.70716 -0.173723 -14.8066 -0.0477694
-5.5776 2.70326 -0.174056 -14.7893 -0.0479762
-5.5552 2.69936 -0.174392 -14.7719 -0.0481846
-5.5328 2.69545 -0.17473 -14.7545 -0.0483946
-5.5104 2.69153 -0.17507 -14.7371 -0.0486063
-5.488 2.68761 -0.175412 -14.7196 -0.0488196
-5.4656 2.68368 -0.175757 -14.702 -0.0490346
-5.4432 2.67973 -0.176104 -14.6843 -0.0492513
-5.4208 2.67579 -0.176453 -14.6666 -0.0494697
-5.3984 2.67183 -0.176805 -14.6489 -0.0496898
-5.376 2.66786 -0.177158 -14.6311 -0.0499117
-5.3536 2.66389 -0.177515 -14.6132 -0.0501353
-5.3312 2.65991 -0.177873 -14.5952 -0.0503608
-5.3088 2.65592 -0.178235 -14.5772 -0.050588
-5.2864 2.65193 -0.178598 -14.5591 -0.0508171
-5.264 2.64792 -0.178964 -14.541 -0.0510481
-5.2416 2.64391 -0.179333 -14.5228 -0.0512809
-5.2192 2.63989 -0.179704 -14.5045 -0.0515156
-5.1968 2.63586 -0.180078 -14.4862 -0.0517523
-5.1744 2.63182 -0.180454 -14.4678 -0.0519909
-5.152 2.62777 -0.180833 -14.4493 -0.0522315
-5.1296 2.62372 -0.181215 -14.4308 -0.0524741
-5.1072 2.61966 -0.181599 -14.4122 -0.0527187
-5.0848 2.61558 -0.181986 -14.3935 -0.0529653
-5.0624 2.6115 -0.182376 -14.3748 -0.053214
-5.04 2.60741 -0.182768 -14.356 -0.0534649
-5.0176 2.60331 -0.183163 -14.3371 -0.0537178
-4.9952 2.59921 -0.183562 -14.3181 -0.0539729
-4.9728 2.59509 -0.183963 -14.2991 -0.0542302
-4.9504 2.59097 -0.184367 -14.28 -0.0544897
-4.928 2.58683 -0.184774 -14.2608 -0.0547514
-4.9056 2.58269 -0.185183 -14.2416 -0.0550154
-4.8832 2.57854 -0.185596 -14.2223 -0.0552817
-4.8608 2.57437 -0.186012 -14.2029 -0.0555503
-4.8384 2.5702 -0.186431 -14.1834 -0.0558212
-4.816 2.56602 -0.186854 -14.1639 -0.0560946
-4.7936 2.56183 -0.187279 -14.1443 -0.0563703
-4.7712 2.55763 -0.187707 -14.1246 -0.0566485
-4.7488 2.55342 -0.188139 -14.1048 -0.0569292
-4.7264 2.5492 -0.188574 -14.0849 -0.0572124
-4.704 2.54497 -0.189012 -14.065 -0.0574982
-4.6816 2.54073 -0.189454 -14.045 -0.0577865
-4.6592 2.53649 -0.189899 -14.0249 -0.0580774
-4.6368 2.53223 -0.190347 -14.0047 -0.058371
-4.6144 2.52796 -0.190799 -13.9845 -0.0586672
-4.592 2.52368 -0.191255 -13.9641 -0.0589662
-4.5696 2.51939 -0.191714 -13.9437 -0.059268
-4.5472 2.51509 -0.192176 -13.9232 -0.0595725
-4.5248 2.51078 -0.192643 -13.9026 -0.0598799
-4.5024 2.50646 -0.193113 -13.882 -0.0601901
-4.48 2.50213 -0.193586 -13.8612 -0.0605033
-4.4576 2.49779 -0.194064 -13.8404 -0.0608194
-4.4352 2.49344 -0.194545 -13.8194 -0.0611385
-4.4128 2.48907 -0.19503 -13.7984 -0.0614607
-4.3904 2.4847 -0.195519 -13.7773 -0.0617859
-4.368 2.48031 -0.196012 -13.7561 -0.0621143
-4.3456 2.47592 -0.19651 -13.7348 -0.0624458
-4.3232 2.47151 -0.197011 -13.7134 -0.0627805
-4.3008 2.46709 -0.197516 -13.6919 -0.0631186
-4.2784 2.46266 -0.198026 -13.6703 -0.0634599
-4.256 2.45822 -0.198539 -13.6487 -0.0638046
-4.2336 2.45377 -0.199057 -13.6269 -0.0641526
-4.2112 2.4493 -0.19958 -13.605 -0.0645042
-4.1888 2.44482 -0.200107 -13.5831 -0.0648593
-4.1664 2.44034 -0.200638 -13.561 -0.0652179
-4.144 2.43584 -0.201174 -13.5389 -0.0655801
-4.1216 2.43132 -0.201714 -13.5166 -0.065946
-4.0992 2.4268 -0.20226 -13.4942 -0.0663156
-4.0768 2.42226 -0.202809 -13.4718 -0.066689
-4.0544 2.41771 -0.203364 -13.4492 -0.0670663
-4.032 2.41315 -0.203924 -13.4265 -0.0674474
-4.0096 2.40858 -0.204488 -13.4038 -0.0678326
-3.9872 2.40399 -0.205057 -13.3809 -0.0682217
-3.9648 2.39939 -0.205632 -13.3579 -0.0686149
-3.9424 2.39478 -0.206212 -13.3348 -0.0690122
-3.92 2.39015 -0.206796 -13.3116 -0.0694138
-3.8976 2.38551 -0.207387 -13.2883 -0.0698197
-3.8752 2.38086 -0.207982 -13.2648 -0.0702298
-3.8528 2.3762 -0.208583 -13.2413 -0.0706445
-3.8304 2.37152 -0.209189 -13.2176 -0.0710636
-3.808 2.36682 -0.209801 -13.1938 -0.0714872
-3.7856 2.36212 -0.210419 -13.1699 -0.0719155
-3.7632 2.3574 -0.211042 -13.1459 -0.0723485
-3.7408 2.35266 -0.211672 -13.1218 -0.0727863
-3.7184 2.34791 -0.212307 -13.0975 -0.0732289
-3.696 2.34315 -0.212948 -13.0731 -0.0736765
-3.6736 2.33837 -0.213596 -13.0486 -0.0741292
-3.6512 2.33358 -0.214249 -13.024 -0.0745869
-3.6288 2.32878 -0.214909 -12.9993 -0.0750498
-3.6064 2.32395 -0.215575 -12.9744 -0.0755181
-3.584 2.31912 -0.216248 -12.9494 -0.0759917
-3.5616 2.31427 -0.216927 -12.9242 -0.0764708
-3.5392 2.3094 -0.217613 -12.899 -0.0769554
-3.5168 2.30452 -0.218306 -12.8735 -0.0774457
-3.4944 2.29962 -0.219006 -12.848 -0.0779418
-3.472 2.29471 -0.219712 -12.8223 -0.0784438
-3.4496 2.28978 -0.220426 -12.7965 -0.0789517
-3.4272 2.28483 -0.221147 -12.7705 -0.0794656
-3.4048 2.27987 -0.221876 -12.7444 -0.0799858
-3.3824 2.27489 -0.222612 -12.7182 -0.0805123
-3.36 2.2699 -0.223355 -12.6918 -0.0810451
-3.3376 2.26488 -0.224106 -12.6653 -0.0815845
-3.3152 2.25986 -0.224865 -12.6386 -0.0821306
-3.2928 2.25481 -0.225633 -12.6117 -0.0826834
-3.2704 2.24975 -0.226408 -12.5847 -0.0832431
-3.248 2.24467 -0.227191 -12.5576 -0.0838098
-3.2256 2.23957 -0.227983 -12.5303 -0.0843836
-3.2032 2.23445 -0.228783 -12.5028 -0.0849648
-3.1808 2.22932 -0.229592 -12.4752 -0.0855534
-3.1584 2.22417 -0.23041 -12.4474 -0.0861495
-3.136 2.219 -0.231237 -12.4195 -0.0867534
-3.1136 2.21381 -0.232073 -12.3914 -0.0873652
-3.0912 2.2086 -0.232918 -12.3631 -0.0879849
-3.0688 2.20337 -0.233773 -12.3347 -0.0886129
-3.0464 2.19813 -0.234637 -12.306 -0.0892491
-3.024 2.19286 -0.235511 -12.2772 -0.0898939
-3.0016 2.18758 -0.236395 -12.2483 -0.0905474
-2.9792 2.18227 -0.237289 -12.2191 -0.0912097
-2.9568 2.17695 -0.238194 -12.1898 -0.091881
-2.9344 2.1716 -0.239109 -12.1602 -0.0925616
-2.912 2.16623 -0.240035 -12.1305 -0.0932516
-2.8896 2.16085 -0.240972 -12.1006 -0.0939511
-2.8672 2.15544 -0.241919 -12.0705 -0.0946605
-2.8448 2.15001 -0.242879 -12.0402 -0.0953799
-2.8224 2.14456 -0.243849 -12.0097 -0.0961095
-2.8 2.13908 -0.244832 -11.9791 -0.0968495
-2.7776 2.13359 -0.245827 -11.9482 -0.0976002
-2.7552 2.12807 -0.246833 -11.9171 -0.0983618
-2.7328 2.12253 -0.247853 -11.8858 -0.0991345
-2.7104 2.11697 -0.248885 -11.8542 -0.0999186
-2.688 2.11138 -0.24993 -11.8225 -0.100714
-2.6656 2.10577 -0.250988 -11.7906 -0.101522
-2.6432 2.10014 -0.252059 -11.7584 -0.102342
-2.6208 2.09448 -0.253145 -11.726 -0.103174
-2.5984 2.08879 -0.254244 -11.6933 -0.104019
-2.576 2.08309 -0.255358 -11.6605 -0.104877
-2.5536 2.07735 -0.256487 -11.6274 -0.105748
-2.5312 2.0716 -0.25763 -11.594 -0.106633
-2.5088 2.06581 -0.258789 -11.5605 -0.107532
-2.4864 2.06 -0.259963 -11.5266 -0.108445
-2.464 2.05417 -0.261153 -11.4926 -0.109372
-2.4416 2.0483 -0.26236 -11.4582 -0.110315
-2.4192 2.04241 -0.263583 -11.4236 -0.111273
-2.3968 2.03649 -0.264823 -11.3888 -0.112247
-2.3744 2.03055 -0.266081 -11.3536 -0.113236
-2.352 2.02457 -0.267356 -11.3183 -0.114242
-2.3296 2.01857 -0.268649 -11.2826 -0.115266
-2.3072 2.01254 -0.269961 -11.2466 -0.116306
-2.2848 2.00648 -0.271292 -11.2104 -0.117364
-2.2624 2.00038 -0.272642 -11.1739 -0.118441
-2.24 1.99426 -0.274012 -11.137 -0.119536
-2.2176 1.98811 -0.275403 -11.0999 -0.12065
-2.1952 1.98192 -0.276814 -11.0625 -0.121784
-2.1728 1.97571 -0.278247 -11.0247 -0.122939
-2.1504 1.96946 -0.279701 -10.9867 -0.124114
-2.128 1.96318 -0.281178 -10.9483 -0.12531
-2.1056 1.95686 -0.282678 -10.9096 -0.126528
-2.0832 1.95051 -0.284201 -10.8705 -0.127769
-2.0608 1.94413 -0.285748 -10.8312 -0.129033
-2.0384 1.93771 -0.28732 -10.7914 -0.130321
-2.016 1.93126 -0.288918 -10.7513 -0.131633
-1.9936 1.92477 -0.290541 -10.7109 -0.132971
-1.9712 1.91824 -0.292191 -10.6701 -0.134334
-1.9488 1.91168 -0.293868 -10.6289 -0.135724
-1.9264 1.90507 -0.295573 -10.5873 -0.137141
-1.904 1.89843 -0.297307 -10.5453 -0.138587
-1.8816 1.89175 -0.29907 -10.503 -0.140062
-1.8592 1.88504 -0.300864 -10.4602 -0.141567
-1.8368 1.87828 -0.302689 -10.417 -0.143103
-1.8144 1.87147 -0.304547 -10.3735 -0.144671
-1.792 1.86463 -0.306437 -10.3294 -0.146272
-1.7696 1.85775 -0.308361 -10.285 -0.147906
-1.7472 1.85082 -0.31032 -10.24 -0.149576
-1.7248 1.84384 -0.312315 -10.1947 -0.151282
-1.7024 1.83682 -0.314346 -10.1488 -0.153025
-1.68 1.82976 -0.316416 -10.1025 -0.154807
-1.6576 1.82265 -0.318525 -10.0557 -0.156629
-1.6352 1.81549 -0.320675 -10.0084 -0.158492
-1.6128 1.80828 -0.322866 -9.96053 -0.160398
-1.5904 1.80103 -0.3251 -9.91218 -0.162348
-1.568 1.79372 -0.327378 -9.8633 -0.164344
-1.5456 1.78636 -0.329702 -9.81386 -0.166387
-1.5232 1.77895 -0.332073 -9.76386 -0.168479
-1.5008 1.77148 -0.334493 -9.71329 -0.170622
-1.4784 1.76396 -0.336963 -9.66212 -0.172817
-1.456 1.75638 -0.339485 -9.61035 -0.175068
-1.4336 1.74875 -0.342061 -9.55797 -0.177375
-1.4112 1.74106 -0.344692 -9.50494 -0.179741
-1.3888 1.73331 -0.34738 -9.45127 -0.182168
-1.3664 1.7255 -0.350129 -9.39692 -0.184659
-1.344 1.71762 -0.352939 -9.3419 -0.187216
-1.3216 1.70968 -0.355812 -9.28616 -0.189842
-1.2992 1.70168 -0.358752 -9.2297 -0.192539
-1.2768 1.69361 -0.361761 -9.1725 -0.195311
-1.2544 1.68547 -0.36484 -9.11453 -0.198161
-1.232 1.67727 -0.367994 -9.05578 -0.201092
-1.2096 1.66899 -0.371224 -8.99621 -0.204108
-1.1872 1.66064 -0.374534 -8.93582 -0.207211
-1.1648 1.65221 -0.377928 -8.87457 -0.210408
-1.1424 1.6437 -0.381407 -8.81243 -0.2137
-1.12 1.63512 -0.384977 -8.74938 -0.217094
-1.0976 1.62646 -0.38864 -8.68539 -0.220593
-1.0752 1.61771 -0.3924 -8.62044 -0.224202
-1.0528 1.60888 -0.396263 -8.55448 -0.227928
-1.0304 1.59996 -0.400232 -8.4875 -0.231775
-1.008 1.59094 -0.404312 -8.41944 -0.235751
-0.9856 1.58184 -0.408508 -8.35029 -0.23986
-0.9632 1.57264 -0.412825 -8.27999 -0.24411
-0.9408 1.56335 -0.417269 -8.20851 -0.248509
-0.9184 1.55395 -0.421847 -8.13581 -0.253065
-0.896 1.54445 -0.426565 -8.06185 -0.257786
-0.8736 1.53484 -0.431429 -7.98656 -0.262681
-0.8512 1.52512 -0.436447 -7.90992 -0.26776
-0.8288 1.51528 -0.441627 -7.83185 -0.273034
-0.8064 1.50533 -0.446978 -7.75232 -0.278514
-0.784 1.49526 -0.452508 -7.67125 -0.284213
-0.7616 1.48506 -0.458228 -7.58859 -0.290144
-0.7392 1.47473 -0.464149 -7.50427 -0.296321
-0.7168 1.46426 -0.47028 -7.41821 -0.302761
-0.6944 1.45366 -0.476636 -7.33035 -0.309481
-0.672 1.44291 -0.48323 -7.2406 -0.316499
-0.6496 1.43201 -0.490075 -7.14887 -0.323836
-0.6272 1.42095 -0.497189 -7.05507 -0.331514
-0.6048 1.40973 -0.504587 -6.9591 -0.339559
-0.5824 1.39834 -0.51229 -6.86086 -0.347996
-0.56 1.38678 -0.520317 -6.76022 -0.356856
-0.5376 1.37503 -0.528692 -6.65706 -0.366172
-0.5152 1.36309 -0.537439 -6.55124 -0.375981
-0.4928 1.35095 -0.546585 -6.44262 -0.386322
-0.4704 1.3386 -0.556162 -6.33104 -0.397241
-0.448 1.32603 -0.566202 -6.21633 -0.408789
-0.4256 1.31323 -0.576744 -6.09828 -0.421023
-0.4032 1.30019 -0.58783 -5.97669 -0.434006
-0.3808 1.28689 -0.599506 -5.85133 -0.447811
-0.3584 1.27332 -0.611826 -5.72194 -0.46252
-0.336 1.25947 -0.624849 -5.58823 -0.478227
-0.3136 1.24532 -0.638645 -5.44989 -0.495039
-0.2912 1.23086 -0.65329 -5.30656 -0.513081
-0.2688 1.21605 -0.668876 -5.15784 -0.532496
-0.2464 1.20088 -0.685507 -5.00327 -0.553453
-0.224 1.18533 -0.703303 -4.84234 -0.576149
-0.2016 1.16937 -0.722408 -4.67444 -0.600819
-0.1792 1.15296 -0.742992 -4.49888 -0.627744
-0.1568 1.13607 -0.765259 -4.31485 -0.657262
-0.1344 1.11866 -0.789456 -4.12138 -0.689791
-0.112 1.10068 -0.815889 -3.91732 -0.725843
-0.0896 1.08209 -0.844943 -3.70125 -0.766069
-0.0672 1.06281 -0.877107 -3.47143 -0.8113
-0.0448 1.04276 -0.913029 -3.22562 -0.862625
-0.0224 1.02187 -0.953582 -2.96091 -0.921512
0 1 -1 -2.67336 -0.99
0.00324 0.996748 -1.0073 -2.62958 -1.00086
0.00648 0.993473 -1.01476 -2.58518 -1.01199
0.00972 0.990172 -1.0224 -2.54015 -1.0234
0.01296 0.986847 -1.03022 -2.49447 -1.03511
0.0162 0.983496 -1.03823 -2.4481 -1.04713
0.01944 0.980119 -1.04643 -2.40103 -1.05947
0.02268 0.976715 -1.05485 -2.35323 -1.07214
0.02592 0.973284 -1.06349 -2.30466 -1.08517
0.02916 0.969824 -1.07235 -2.2553 -1.09857
0.0324 0.966334 -1.08146 -2.20511 -1.11236
0.03564 0.962815 -1.09083 -2.15405 -1.12656
0.03888 0.959266 -1.10047 -2.10209 -1.14118
0.04212 0.955684 -1.11039 -2.04918 -1.15625
0.04536 0.95207 -1.12062 -1.99528 -1.17181
0.0486 0.948422 -1.13117 -1.94033 -1.18786
0.05184 0.94474 -1.14206 -1.8843 -1.20444
0.05508 0.941021 -1.15332 -1.82711 -1.22158
0.05832 0.937266 -1.16497 -1.76871 -1.23932
0.06156 0.933472 -1.17704 -1.70903 -1.25767
0.0648 0.929638 -1.18955 -1.648 -1.2767
0.06804 0.925763 -1.20254 -1.58554 -1.29642
0.07128 0.921845 -1.21605 -1.52158 -1.31689
0.07452 0.917882 -1.23012 -1.45601 -1.33814
0.07776 0.913873 -1.24478 -1.38875 -1.36023
0.081 0.909815 -1.26009 -1.31969 -1.3832
0.08424 0.905707 -1.2761 -1.24873 -1.40709
0.08748 0.901546 -1.29286 -1.17577 -1.43194
0.09072 0.897328 -1.31042 -1.1007 -1.4578
0.09396 0.893053 -1.32885 -1.02343 -1.48469
0.0972 0.888717 -1.3482 -0.943885 -1.51262
0.10044 0.884316 -1.36852 -0.86202 -1.54156
0.10368 0.879847 -1.38983 -0.777846 -1.57147
0.10692 0.875309 -1.41214 -0.691453 -1.6022
0.11016 0.870696 -1.4354 -0.603046 -1.63358
0.1134 0.866006 -1.45953 -0.512975 -1.66531
0.11664 0.861237 -1.48433 -0.42177 -1.69697
0.11988 0.856387 -1.50954 -0.330151 -1.72804
0.12312 0.851455 -1.53479 -0.238997 -1.75794
0.12636 0.846442 -1.55966 -0.149279 -1.786
0.1296 0.84135 -1.5837 -0.0619541 -1.81165
0.13284 0.836181 -1.60647 0.0221486 -1.83438
0.13608 0.830942 -1.62763 0.102413 -1.85388
0.13932 0.825636 -1.64693 0.17847 -1.86998
0.14256 0.820272 -1.66422 0.250182 -1.88266
0.1458 0.814854 -1.67945 0.317594 -1.89205
0.14904 0.809391 -1.69264 0.380881 -1.89832
0.15228 0.803888 -1.70387 0.440295 -1.9017
0.15552 0.798352 -1.71323 0.496122 -1.90242
0.15876 0.792788 -1.72085 0.54866 -1.90072
0.162 0.787203 -1.72684 0.598197 -1.89683
0.16524 0.7816 -1.73133 0.645005 -1.89097
0.16848 0.775985 -1.73445 0.689333 -1.88331
0.17172 0.770362 -1.7363 0.731406 -1.87405
0.17496 0.764735 -1.73699 0.771427 -1.86334
0.1782 0.759108 -1.73662 0.809577 -1.85131
0.18144 0.753483 -1.73527 0.846018 -1.83811
0.18468 0.747864 -1.73303 0.880892 -1.82383
0.18792 0.742254 -1.72997 0.914328 -1.80859
0.19116 0.736655 -1.72616 0.946439 -1.79248
0.1944 0.731069 -1.72166 0.977327 -1.77559
0.19764 0.725499 -1.71653 1.00708 -1.75799
0.20088 0.719946 -1.71082 1.03579 -1.73976
0.20412 0.714413 -1.70458 1.06351 -1.72095
0.20736 0.708901 -1.69785 1.09032 -1.70163
0.2106 0.703412 -1.69067 1.11628 -1.68186
0.21384 0.697946 -1.68308 1.14143 -1.66169
0.21708 0.692506 -1.67512 1.16584 -1.64115
0.22032 0.687092 -1.66681 1.18953 -1.62031
0.22356 0.681705 -1.65818 1.21255 -1.59919
0.2268 0.676347 -1.64927 1.23494 -1.57784
0.23004 0.671018 -1.6401 1.25673 -1.5563
0.23328 0.665719 -1.63069 1.27795 -1.53459
0.23652 0.660451 -1.62106 1.29862 -1.51275
0.23976 0.655215 -1.61124 1.31878 -1.4908
0.243 0.650011 -1.60124 1.33844 -1.46879
0.24624 0.644839 -1.59108 1.35764 -1.44672
0.24948 0.639701 -1.58079 1.37638 -1.42464
0.25272 0.634596 -1.57037 1.39469 -1.40255
0.25596 0.629525 -1.55983 1.41258 -1.38049
0.2592 0.624488 -1.54921 1.43007 -1.35847
0.26244 0.619486 -1.53849 1.44718 -1.33652
0.26568 0.614519 -1.52771 1.46392 -1.31464
0.26892 0.609587 -1.51687 1.4803 -1.29287
0.27216 0.60469 -1.50598 1.49634 -1.2712
0.2754 0.599828 -1.49505 1.51204 -1.24967
0.27864 0.595002 -1.4841 1.52742 -1.22827
0.28188 0.590211 -1.47312 1.54249 -1.20704
0.28512 0.585456 -1.46213 1.55726 -1.18597
0.28836 0.580736 -1.45114 1.57174 -1.16508
0.2916 0.576052 -1.44015 1.58593 -1.14437
0.29484 0.571404 -1.42917 1.59985 -1.12387
0.29808 0.566791 -1.41821 1.61351 -1.10357
0.30132 0.562214 -1.40727 1.6269 -1.08349
0.30456 0.557672 -1.39636 1.64005 -1.06362
0.3078 0.553166 -1.38547 1.65295 -1.04399
0.31104 0.548694 -1.37463 1.66561 -1.02459
0.31428 0.544258 -1.36383 1.67805 -1.00543
0.31752 0.539857 -1.35307 1.69026 -0.986511
0.32076 0.53549 -1.34236 1.70225 -0.96784
0.324 0.531158 -1.3317 1.71403 -0.949421
0.32724 0.526861 -1.32109 1.7256 -0.931255
0.33048 0.522597 -1.31055 1.73698 -0.913346
0.33372 0.518368 -1.30006 1.74815 -0.895695
0.33696 0.514173 -1.28963 1.75914 -0.878303
0.3402 0.510011 -1.27927 1.76994 -0.861173
0.34344 0.505883 -1.26897 1.78057 -0.844304
0.34668 0.501788 -1.25874 1.79101 -0.827697
0.34992 0.497727 -1.24858 1.80129 -0.811353
0.35316 0.493698 -1.23849 1.8114 -0.79527
0.3564 0.489701 -1.22847 1.82135 -0.779449
0.35964 0.485737 -1.21852 1.83113 -0.763888
0.36288 0.481805 -1.20864 1.84077 -0.748586
0.36612 0.477905 -1.19883 1.85025 -0.733543
0.36936 0.474036 -1.1891 1.85959 -0.718756
0.3726 0.470199 -1.17944 1.86878 -0.704224
0.37584 0.466394 -1.16986 1.87784 -0.689946
0.37908 0.462619 -1.16035 1.88676 -0.675918
0.38232 0.458874 -1.15091 1.89554 -0.662139
0.38556 0.455161 -1.14155 1.9042 -0.648607
0.3888 0.451477 -1.13226 1.91273 -0.635318
0.39204 0.447824 -1.12305 1.92114 -0.622271
0.39528 0.4442 -1.11391 1.92942 -0.609463
0.39852 0.440605 -1.10484 1.93759 -0.596891
0.40176 0.43704 -1.09585 1.94565 -0.584551
0.405 0.433504 -1.08693 1.95359 -0.572443
0.40824 0.429997 -1.07808 1.96142 -0.560561
0.41148 0.426518 -1.06931 1.96915 -0.548904
0.41472 0.423068 -1.06061 1.97677 -0.537468
0.41796 0.419645 -1.05198 1.98429 -0.52625
0.4212 0.416251 -1.04342 1.99171 -0.515248
0.42444 0.412884 -1.03493 1.99904 -0.504457
0.42768 0.409544 -1.02651 2.00627 -0.493875
0.43092 0.406232 -1.01816 2.0134 -0.483498
0.43416 0.402947 -1.00988 2.02045 -0.473324
0.4374 0.399688 -1.00167 2.02741 -0.463349
0.44064 0.396456 -0.993526 2.03428 -0.453571
0.44388 0.39325 -0.98545 2.04106 -0.443985
0.44712 0.39007 -0.977442 2.04776 -0.434589
0.45036 0.386916 -0.969499 2.05439 -0.425379
0.4536 0.383787 -0.961623 2.06093 -0.416353
0.45684 0.380684 -0.953812 2.06739 -0.407508
0.46008 0.377607 -0.946065 2.07378 -0.39884
0.46332 0.374554 -0.938383 2.08009 -0.390345
0.46656 0.371526 -0.930764 2.08634 -0.382022
0.4698 0.368522 -0.923208 2.09251 -0.373868
0.47304 0.365543 -0.915715 2.09861 -0.365878
0.47628 0.362589 -0.908284 2.10464 -0.358051
0.47952 0.359658 -0.900914 2.1106 -0.350382
0.48276 0.356751 -0.893605 2.1165 -0.342871
0.486 0.353867 -0.886356 2.12234 -0.335513
0.48924 0.351007 -0.879167 2.12811 -0.328305
0.49248 0.34817 -0.872037 2.13382 -0.321246
0.49572 0.345356 -0.864966 2.13947 -0.314332
0.49896 0.342565 -0.857953 2.14506 -0.30756
0.5022 0.339796 -0.850998 2.15059 -0.300928
0.50544 0.33705 -0.844099 2.15607 -0.294433
0.50868 0.334327 -0.837258 2.16149 -0.288073
0.51192 0.331625 -0.830472 2.16685 -0.281844
0.51516 0.328945 -0.823742 2.17217 -0.275746
0.5184 0.326287 -0.817067 2.17742 -0.269774
0.52164 0.32365 -0.810447 2.18263 -0.263927
0.52488 0.321035 -0.803881 2.18779 -0.258202
0.52812 0.318441 -0.797368 2.19289 -0.252596
0.53136 0.315868 -0.790909 2.19795 -0.247108
0.5346 0.313316 -0.784502 2.20296 -0.241735
0.53784 0.310785 -0.778148 2.20792 -0.236475
0.54108 0.308274 -0.771845 2.21283 -0.231326
0.54432 0.305783 -0.765594 2.2177 -0.226285
0.54756 0.303313 -0.759394 2.22253 -0.221351
0.5508 0.300862 -0.753244 2.22731 -0.21652
0.55404 0.298432 -0.747144 2.23205 -0.211792
0.55728 0.296021 -0.741094 2.23674 -0.207164
0.56052 0.293629 -0.735093 2.24139 -0.202634
0.56376 0.291257 -0.729141 2.24601 -0.1982
0.567 0.288904 -0.723237 2.25058 -0.19386
0.57024 0.28657 -0.717382 2.25511 -0.189613
0.57348 0.284256 -0.711573 2.2596 -0.185456
0.57672 0.281959 -0.705812 2.26406 -0.181387
0.57996 0.279682 -0.700098 2.26847 -0.177405
0.5832 0.277423 -0.69443 2.27285 -0.173509
0.58644 0.275182 -0.688808 2.2772 -0.169695
0.58968 0.272959 -0.683231 2.2815 -0.165963
0.59292 0.270755 -0.6777 2.28578 -0.162312
0.59616 0.268568 -0.672214 2.29001 -0.158738
0.5994 0.266399 -0.666772 2.29422 -0.155241
0.60264 0.264247 -0.661374 2.29839 -0.151819
0.60588 0.262113 -0.65602 2.30252 -0.148471
0.60912 0.259996 -0.650709 2.30663 -0.145195
0.61236 0.257896 -0.645441 2.3107 -0.141989
0.6156 0.255813 -0.640216 2.31474 -0.138853
0.61884 0.253748 -0.635033 2.31875 -0.135784
0.62208 0.251698 -0.629893 2.32272 -0.132781
0.62532 0.249666 -0.624793 2.32667 -0.129843
0.62856 0.24765 -0.619736 2.33059 -0.126969
0.6318 0.24565 -0.614719 2.33448 -0.124157
0.63504 0.243666 -0.609742 2.33833 -0.121406
0.63828 0.241699 -0.604807 2.34216 -0.118714
0.64152 0.239747 -0.599911 2.34597 -0.116081
0.64476 0.237811 -0.595054 2.34974 -0.113505
0.648 0.235891 -0.590237 2.35349 -0.110985
0.65124 0.233986 -0.585459 2.35721 -0.10852
0.65448 0.232097 -0.58072 2.3609 -0.106108
0.65772 0.230223 -0.576019 2.36457 -0.103749
0.66096 0.228365 -0.571356 2.36821 -0.101442
0.6642 0.226521 -0.566731 2.37183 -0.0991844
0.66744 0.224692 -0.562143 2.37542 -0.0969763
0.67068 0.222878 -0.557592 2.37898 -0.0948164
0.67392 0.221079 -0.553079 2.38253 -0.0927037
0.67716 0.219294 -0.548602 2.38604 -0.0906371
0.6804 0.217524 -0.544161 2.38954 -0.0886158
0.68364 0.215768 -0.539756 2.39301 -0.0866387
0.68688 0.214026 -0.535387 2.39645 -0.084705
0.69012 0.212299 -0.531053 2.39988 -0.0828136
0.69336 0.210585 -0.526754 2.40328 -0.0809637
0.6966 0.208885 -0.52249 2.40666 -0.0791544
0.69984 0.207199 -0.518261 2.41002 -0.0773848
0.70308 0.205527 -0.514066 2.41335 -0.0756541
0.70632 0.203868 -0.509905 2.41666 -0.0739614
0.70956 0.202223 -0.505777 2.41996 -0.072306
0.7128 0.200591 -0.501683 2.42323 -0.070687
0.71604 0.198972 -0.497623 2.42648 -0.0691036
0.71928 0.197366 -0.493595 2.42971 -0.0675551
0.72252 0.195773 -0.4896 2.43292 -0.0660408
0.72576 0.194193 -0.485637 2.43611 -0.0645599
0.729 0.192626 -0.481706 2.43928 -0.0631116
0.73224 0.191072 -0.477808 2.44243 -0.0616954
0.73548 0.18953 -0.47394 2.44557 -0.0603104
0.73872 0.188001 -0.470105 2.44868 -0.058956
0.74196 0.186484 -0.4663 2.45177 -0.0576316
0.7452 0.184979 -0.462526 2.45485 -0.0563365
0.74844 0.183486 -0.458783 2.45791 -0.0550701
0.75168 0.182006 -0.45507 2.46095 -0.0538317
0.75492 0.180538 -0.451387 2.46397 -0.0526207
0.75816 0.179081 -0.447734 2.46697 -0.0514366
0.7614 0.177636 -0.444111 2.46996 -0.0502788
0.76464 0.176203 -0.440517 2.47293 -0.0491467
0.76788 0.174782 -0.436952 2.47588 -0.0480396
0.77112 0.173372 -0.433417 2.47881 -0.0469572
0.77436 0.171973 -0.42991 2.48173 -0.0458989
0.7776 0.170586 -0.426431 2.48463 -0.044864
0.78084 0.16921 -0.42298 2.48752 -0.0438522
0.78408 0.167845 -0.419558 2.49039 -0.0428629
0.78732 0.166491 -0.416163 2.49324 -0.0418957
0.79056 0.165148 -0.412796 2.49608 -0.0409499
0.7938 0.163816 -0.409457 2.4989 -0.0400253
0.79704 0.162495 -0.406144 2.50171 -0.0391212
0.80028 0.161184 -0.402858 2.5045 -0.0382373
0.80352 0.159884 -0.399599 2.50728 -0.0373732
0.80676 0.158595 -0.396366 2.51004 -0.0365283
0.81 0.157316 -0.39316 2.51278 -0.0357023
0.81324 0.156047 -0.38998 2.51552 -0.0348947
0.81648 0.154789 -0.386825 2.51823 -0.0341052
0.81972 0.15354 -0.383696 2.52094 -0.0333333
0.82296 0.152302 -0.380592 2.52363 -0.0325787
0.8262 0.151074 -0.377514 2.5263 -0.031841
0.82944 0.149856 -0.374461 2.52896 -0.0311198
0.83268 0.148648 -0.371432 2.53161 -0.0304147
0.83592 0.147449 -0.368428 2.53424 -0.0297254
0.83916 0.14626 -0.365449 2.53686 -0.0290516
0.8424 0.145081 -0.362493 2.53947 -0.0283929
0.84564 0.143911 -0.359562 2.54206 -0.0277489
0.84888 0.142751 -0.356654 2.54464 -0.0271194
0.85212 0.1416 -0.35377 2.54721 -0.0265041
0.85536 0.140458 -0.350909 2.54976 -0.0259025
0.8586 0.139326 -0.348072 2.5523 -0.0253144
0.86184 0.138203 -0.345258 2.55483 -0.0247396
0.86508 0.137089 -0.342466 2.55735 -0.0241776
0.86832 0.135984 -0.339697 2.55985 -0.0236283
0.87156 0.134888 -0.336951 2.56235 -0.0230914
0.8748 0.1338 -0.334227 2.56483 -0.0225665
0.87804 0.132722 -0.331525 2.56729 -0.0220535
0.88128 0.131652 -0.328845 2.56975 -0.0215519
0.88452 0.130591 -0.326187 2.57219 -0.0210617
0.88776 0.129538 -0.32355 2.57463 -0.0205825
0.891 0.128494 -0.320935 2.57705 -0.0201141
0.89424 0.127459 -0.31834 2.57946 -0.0196563
0.89748 0.126431 -0.315767 2.58186 -0.0192088
0.90072 0.125412 -0.313215 2.58424 -0.0187714
0.90396 0.124402 -0.310684 2.58662 -0.0183438
0.9072 0.123399 -0.308173 2.58898 -0.0179259
0.91044 0.122405 -0.305683 2.59134 -0.0175175
0.91368 0.121418 -0.303212 2.59368 -0.0171182
0.91692 0.12044 -0.300762 2.59601 -0.016728
0.92016 0.119469 -0.298332 2.59834 -0.0163466
0.9234 0.118507 -0.295921 2.60065 -0.0159738
0.92664 0.117552 -0.29353 2.60295 -0.0156094
0.92988 0.116605 -0.291159 2.60524 -0.0152533
0.93312 0.115665 -0.288806 2.60752 -0.0149052
0.93636 0.114733 -0.286473 2.60979 -0.014565
0.9396 0.113809 -0.284158 2.61205 -0.0142325
0.94284 0.112892 -0.281863 2.6143 -0.0139075
0.94608 0.111982 -0.279586 2.61654 -0.0135899
0.94932 0.11108 -0.277327 2.61877 -0.0132795
0.95256 0.110185 -0.275087 2.62099 -0.0129761
0.9558 0.109297 -0.272865 2.6232 -0.0126796
0.95904 0.108417 -0.270661 2.62541 -0.0123898
0.96228 0.107543 -0.268475 2.6276 -0.0121065
0.96552 0.106677 -0.266307 2.62978 -0.0118297
0.96876 0.105818 -0.264156 2.63196 -0.0115592
0.972 0.104965 -0.262023 2.63412 -0.0112948
0.97524 0.10412 -0.259907 2.63627 -0.0110364
0.97848 0.103281 -0.257808 2.63842 -0.0107839
0.98172 0.102449 -0.255726 2.64056 -0.0105371
0.98496 0.101624 -0.253661 2.64269 -0.010296
0.9882 0.100806 -0.251613 2.6448 -0.0100603
0.99144 0.0999936 -0.249581 2.64692 -0.0098299
0.99468 0.0991882 -0.247566 2.64902 -0.00960479
0.99792 0.0983893 -0.245567 2.65111 -0.0093848
1.00116 0.0975969 -0.243585 2.65319 -0.0091698
1.0044 0.0968109 -0.241618 2.65527 -0.0089597
1.00764 0.0960312 -0.239668 2.65734 -0.00875438
1.01088 0.0952578 -0.237733 2.6594 -0.00855372
1.01412 0.0944907 -0.235814 2.66145 -0.00835764
1.01736 0.0937297 -0.23391 2.66349 -0.00816602
1.0206 0.0929749 -0.232022 2.66553 -0.00797876
1.02384 0.0922262 -0.23015 2.66755 -0.00779576
1.02708 0.0914835 -0.228292 2.66957 -0.00761694
1.03032 0.0907469 -0.226449 2.67158 -0.00744219
1.03356 0.0900161 -0.224622 2.67358 -0.00727142
1.0368 0.0892913 -0.222809 2.67558 -0.00710454
1.04004 0.0885723 -0.221011 2.67757 -0.00694147
1.04328 0.0878591 -0.219227 2.67954 -0.00678212
1.04652 0.0871517 -0.217458 2.68152 -0.0066264
1.04976 0.08645 -0.215704 2.68348 -0.00647423
1.053 0.0857539 -0.213963 2.68544 -0.00632554
1.05624 0.0850635 -0.212237 2.68738 -0.00618023
1.05948 0.0843786 -0.210524 2.68933 -0.00603825
1.06272 0.0836993 -0.208826 2.69126 -0.00589951
1.06596 0.0830254 -0.207141 2.69319 -0.00576393
1.0692 0.082357 -0.20547 2.69511 -0.00563145
1.07244 0.081694 -0.203812 2.69702 -0.005502
1.07568 0.0810363 -0.202168 2.69892 -0.00537551
1.07892 0.0803839 -0.200537 2.70082 -0.0052519
1.08216 0.0797368 -0.198919 2.70271 -0.00513112
1.0854 0.0790949 -0.197315 2.7046 -0.00501311
1.08864 0.0784582 -0.195723 2.70647 -0.00489779
1.09188 0.0778266 -0.194144 2.70834 -0.00478511
1.09512 0.0772001 -0.192578 2.71021 -0.004675
1.09836 0.0765787 -0.191025 2.71206 -0.00456742
1.1016 0.0759622 -0.189484 2.71391 -0.00446229
1.10484 0.0753508 -0.187956 2.71575 -0.00435958
1.10808 0.0747443 -0.18644 2.71759 -0.00425921
1.11132 0.0741427 -0.184937 2.71942 -0.00416114
1.11456 0.0735459 -0.183445 2.72124 -0.00406532
1.1178 0.0729539 -0.181966 2.72306 -0.00397169
1.12104 0.0723667 -0.180499 2.72487 -0.0038802
1.12428 0.0717843 -0.179043 2.72667 -0.00379082
1.12752 0.0712065 -0.1776 2.72847 -0.00370348
1.13076 0.0706334 -0.176168 2.73026 -0.00361814
1.134 0.0700649 -0.174747 2.73205 -0.00353475
1.13724 0.069501 -0.173338 2.73382 -0.00345328
1.14048 0.0689417 -0.171941 2.7356 -0.00337368
1.14372 0.0683868 -0.170555 2.73736 -0.0032959
1.14696 0.0678365 -0.16918 2.73912 -0.00321991
1.1502 0.0672906 -0.167816 2.74087 -0.00314566
1.15344 0.066749 -0.166463 2.74262 -0.00307311
1.15668 0.0662119 -0.165121 2.74436 -0.00300223
1.15992 0.065679 -0.16379 2.7461 -0.00293298
1.16316 0.0651505 -0.16247 2.74783 -0.00286531
1.1664 0.0646262 -0.16116 2.74955 -0.0027992
1.16964 0.0641062 -0.159861 2.75127 -0.0027346
1.17288 0.0635903 -0.158572 2.75298 -0.00267149
1.17612 0.0630786 -0.157294 2.75469 -0.00260983
1.17936 0.062571 -0.156027 2.75639 -0.00254959
1.1826 0.0620675 -0.154769 2.75809 -0.00249073
1.18584 0.0615681 -0.153522 2.75978 -0.00243322
1.18908 0.0610727 -0.152285 2.76146 -0.00237703
1.19232 0.0605813 -0.151057 2.76314 -0.00232214
1.19556 0.0600938 -0.14984 2.76481 -0.0022685
1.1988 0.0596103 -0.148633 2.76648 -0.0022161
1.20204 0.0591307 -0.147435 2.76814 -0.00216491
1.20528 0.0586549 -0.146247 2.7698 -0.00211489
1.20852 0.058183 -0.145068 2.77145 -0.00206602
1.21176 0.0577149 -0.143899 2.77309 -0.00201828
1.215 0.0572505 -0.14274 2.77473 -0.00197163
1.21824 0.0567899 -0.14159 2.77637 -0.00192606
1.22148 0.056333 -0.140449 2.778 -0.00188154
1.22472 0.0558798 -0.139318 2.77962 -0.00183804
1.22796 0.0554302 -0.138195 2.78124 -0.00179554
1.2312 0.0549843 -0.137082 2.78286 -0.00175403
1.23444 0.0545419 -0.135977 2.78446 -0.00171346
1.23768 0.0541031 -0.134882 2.78607 -0.00167383
1.24092 0.0536679 -0.133795 2.78767 -0.00163512
1.24416 0.0532361 -0.132718 2.78926 -0.0015973
1.2474 0.0528079 -0.131648 2.79085 -0.00156034
1.25064 0.052383 -0.130588 2.79243 -0.00152424
1.25388 0.0519616 -0.129536 2.79401 -0.00148897
1.25712 0.0515436 -0.128493 2.79559 -0.00145452
1.26036 0.051129 -0.127458 2.79716 -0.00142085
1.2636 0.0507177 -0.126431 2.79872 -0.00138797
1.26684 0.0503097 -0.125413 2.80028 -0.00135584
1.27008 0.049905 -0.124403 2.80184 -0.00132445
1.27332 0.0495036 -0.123401 2.80339 -0.00129379
1.27656 0.0491054 -0.122407 2.80493 -0.00126383
1.2798 0.0487104 -0.121421 2.80647 -0.00123457
1.28304 0.0483186 -0.120443 2.80801 -0.00120598
1.28628 0.0479299 -0.119473 2.80954 -0.00117805
1.28952 0.0475444 -0.118511 2.81106 -0.00115076
1.29276 0.0471619 -0.117557 2.81259 -0.0011241
1.296 0.0467826 -0.11661 2.8141 -0.00109806
1.29924 0.0464063 -0.115671 2.81562 -0.00107262
1.30248 0.046033 -0.11474 2.81713 -0.00104777
1.30572 0.0456628 -0.113816 2.81863 -0.00102349
1.30896 0.0452955 -0.112899 2.82013 -0.00099977
1.3122 0.0449312 -0.11199 2.82162 -0.000976599
1.31544 0.0445698 -0.111089 2.82312 -0.000953963
1.31868 0.0442113 -0.110194 2.8246 -0.00093185
1.32192 0.0438557 -0.109307 2.82608 -0.000910247
1.32516 0.043503 -0.108427 2.82756 -0.000889144
1.3284 0.0431531 -0.107554 2.82903 -0.000868528
1.33164 0.042806 -0.106688 2.8305 -0.000848389
1.33488 0.0424618 -0.105829 2.83197 -0.000828715
1.33812 0.0421202 -0.104977 2.83343 -0.000809496
1.34136 0.0417815 -0.104132 2.83489 -0.000790721
1.3446 0.0414455 -0.103294 2.83634 -0.00077238
1.34784 0.0411121 -0.102462 2.83779 -0.000754463
1.35108 0.0407815 -0.101638 2.83923 -0.000736961
1.35432 0.0404535 -0.10082 2.84067 -0.000719863
1.35756 0.0401282 -0.100008 2.8421 -0.00070316
1.3608 0.0398055 -0.099203 2.84354 -0.000686844
1.36404 0.0394853 -0.0984045 2.84496 -0.000670905
1.36728 0.0391678 -0.0976124 2.84639 -0.000655335
1.37052 0.0388528 -0.0968268 2.84781 -0.000640125
1.37376 0.0385403 -0.0960475 2.84922 -0.000625267
1.377 0.0382304 -0.0952744 2.85063 -0.000610753
1.38024 0.037923 -0.0945076 2.85204 -0.000596574
1.38348 0.037618 -0.093747 2.85345 -0.000582724
1.38672 0.0373155 -0.0929925 2.85485 -0.000569194
1.38996 0.0370154 -0.0922441 2.85624 -0.000555978
1.3932 0.0367177 -0.0915018 2.85763 -0.000543068
1.39644 0.0364225 -0.0907654 2.85902 -0.000530456
1.39968 0.0361296 -0.090035 2.86041 -0.000518136
1.40292 0.035839 -0.0893105 2.86179 -0.000506102
1.40616 0.0355508 -0.0885918 2.86317 -0.000494347
1.4094 0.0352649 -0.0878789 2.86454 -0.000482863
1.41264 0.0349814 -0.0871718 2.86591 -0.000471646
1.41588 0.0347001 -0.0864703 2.86727 -0.000460689
1.41912 0.034421 -0.0857745 2.86864 -0.000449985
1.42236 0.0341442 -0.0850844 2.87 -0.000439529
1.4256 0.0338697 -0.0843998 2.87135 -0.000429316
1.42884 0.0335973 -0.0837207 2.8727 -0.000419339
1.43208 0.0333272 -0.0830471 2.87405 -0.000409594
1.43532 0.0330592 -0.0823789 2.87539 -0.000400074
1.43856 0.0327933 -0.0817161 2.87673 -0.000390775
1.4418 0.0325296 -0.0810587 2.87807 -0.000381692
1.44504 0.0322681 -0.0804066 2.8794 -0.000372819
1.44828 0.0320086 -0.0797597 2.88073 -0.000364152
1.45152 0.0317512 -0.079118 2.88206 -0.000355686
1.45476 0.0314959 -0.0784815 2.88338 -0.000347416
1.458 0.0312427 -0.0778502 2.8847 -0.000339338
1.46124 0.0309914 -0.0772239 2.88602 -0.000331448
1.46448 0.0307422 -0.0766027 2.88733 -0.00032374
1.46772 0.030495 -0.0759865 2.88864 -0.000316211
1.47096 0.0302498 -0.0753753 2.88995 -0.000308857
1.4742 0.0300066 -0.0747689 2.89125 -0.000301673
1.47744 0.0297653 -0.0741675 2.89255 -0.000294656
1.48068 0.029526 -0.073571 2.89385 -0.000287802
1.48392 0.0292886 -0.0729792 2.89514 -0.000281107
1.48716 0.0290531 -0.0723922 2.89643 -0.000274568
1.4904 0.0288195 -0.0718099 2.89771 -0.00026818
1.49364 0.0285878 -0.0712324 2.899 -0.00026194
1.49688 0.0283579 -0.0706595 2.90028 -0.000255845
1.50012 0.0281299 -0.0700912 2.90155 -0.000249892
1.50336 0.0279037 -0.0695274 2.90283 -0.000244077
1.5066 0.0276793 -0.0689683 2.9041 -0.000238397
1.50984 0.0274568 -0.0684136 2.90536 -0.000232849
1.51308 0.027236 -0.0678634 2.90663 -0.000227429
1.51632 0.027017 -0.0673177 2.90789 -0.000222136
1.51956 0.0267998 -0.0667763 2.90914 -0.000216965
1.5228 0.0265843 -0.0662393 2.9104 -0.000211915
1.52604 0.0263706 -0.0657067 2.91165 -0.000206982
1.52928 0.0261585 -0.0651783 2.9129 -0.000202163
1.53252 0.0259482 -0.0646542 2.91414 -0.000197457
1.53576 0.0257396 -0.0641343 2.91538 -0.000192859
1.539 0.0255326 -0.0636186 2.91662 -0.000188369
1.54224 0.0253273 -0.063107 2.91786 -0.000183983
1.54548 0.0251237 -0.0625996 2.91909 -0.000179699
1.54872 0.0249217 -0.0620963 2.92032 -0.000175514
1.55196 0.0247213 -0.061597 2.92155 -0.000171427
1.5552 0.0245225 -0.0611018 2.92277 -0.000167434
1.55844 0.0243253 -0.0606105 2.92399 -0.000163535
1.56168 0.0241297 -0.0601232 2.92521 -0.000159726
1.56492 0.0239357 -0.0596398 2.92642 -0.000156005
1.56816 0.0237433 -0.0591603 2.92763 -0.000152372
1.5714 0.0235524 -0.0586847 2.92884 -0.000148822
1.57464 0.023363 -0.058213 2.93005 -0.000145355
1.57788 0.0231751 -0.057745 2.93125 -0.000141969
1.58112 0.0229888 -0.0572808 2.93245 -0.000138662
1.58436 0.022804 -0.0568203 2.93365 -0.000135431
1.5876 0.0226206 -0.0563635 2.93485 -0.000132276
1.59084 0.0224387 -0.0559105 2.93604 -0.000129194
1.59408 0.0222583 -0.055461 2.93723 -0.000126183
1.59732 0.0220793 -0.0550152 2.93841 -0.000123243
1.60056 0.0219018 -0.054573 2.9396 -0.000120371
1.6038 0.0217257 -0.0541344 2.94078 -0.000117566
1.60704 0.021551 -0.0536992 2.94196 -0.000114826
1.61028 0.0213777 -0.0532676 2.94313 -0.00011215
1.61352 0.0212058 -0.0528395 2.9443 -0.000109536
1.61676 0.0210353 -0.0524148 2.94547 -0.000106983
1.62 0.0208662 -0.0519935 2.94664 -0.000104489
1.62324 0.0206984 -0.0515757 2.9478 -0.000102054
1.62648 0.020532 -0.0511612 2.94897 -9.9675e-05
1.62972 0.0203669 -0.05075 2.95013 -9.73515e-05
1.63296 0.0202031 -0.0503422 2.95128 -9.50821e-05
1.6362 0.0200406 -0.0499376 2.95244 -9.28655e-05
1.63944 0.0198795 -0.0495363 2.95359 -9.07005e-05
1.64268 0.0197196 -0.0491382 2.95473 -8.85859e-05
1.64592 0.0195611 -0.0487434 2.95588 -8.65206e-05
1.64916 0.0194038 -0.0483517 2.95702 -8.45033e-05
1.6524 0.0192477 -0.0479632 2.95816 -8.2533e-05
1.65564 0.019093 -0.0475778 2.9593 -8.06086e-05
1.65888 0.0189394 -0.0471955 2.96044 -7.8729e-05
1.66212 0.0187871 -0.0468163 2.96157 -7.68932e-05
1.66536 0.0186361 -0.0464401 2.9627 -7.51001e-05
1.6686 0.0184862 -0.046067 2.96383 -7.33488e-05
1.67184 0.0183375 -0.0456969 2.96496 -7.16383e-05
1.67508 0.0181901 -0.0453297 2.96608 -6.99676e-05
1.67832 0.0180438 -0.0449655 2.9672 -6.83359e-05
1.68156 0.0178987 -0.0446043 2.96832 -6.67421e-05
1.6848 0.0177548 -0.044246 2.96943 -6.51855e-05
1.68804 0.017612 -0.0438905 2.97054 -6.36652e-05
1.69128 0.0174704 -0.0435379 2.97166 -6.21803e-05
1.69452 0.0173299 -0.0431882 2.97276 -6.07299e-05
1.69776 0.0171905 -0.0428412 2.97387 -5.93134e-05
1.701 0.0170522 -0.0424971 2.97497 -5.79299e-05
1.70424 0.0169151 -0.0421558 2.97607 -5.65786e-05
1.70748 0.0167791 -0.0418171 2.97717 -5.52588e-05
1.71072 0.0166441 -0.0414813 2.97827 -5.39698e-05
1.71396 0.0165103 -0.0411481 2.97936 -5.27108e-05
1.7172 0.0163775 -0.0408176 2.98045 -5.14812e-05
1.72044 0.0162458 -0.0404898 2.98154 -5.02802e-05
1.72368 0.0161151 -0.0401646 2.98263 -4.91073e-05
1.72692 0.0159855 -0.039842 2.98371 -4.79616e-05
1.73016 0.0158569 -0.039522 2.98479 -4.68427e-05
1.7334 0.0157294 -0.0392046 2.98587 -4.57499e-05
1.73664 0.0156029 -0.0388898 2.98695 -4.46825e-05
1.73988 0.0154774 -0.0385775 2.98803 -4.364e-05
1.74312 0.0153529 -0.0382677 2.9891 -4.26219e-05
1.74636 0.0152294 -0.0379604 2.99017 -4.16274e-05
1.7496 0.0151069 -0.0376556 2.99124 -4.06562e-05
1.75284 0.0149854 -0.0373533 2.9923 -3.97076e-05
1.75608 0.0148649 -0.0370533 2.99337 -3.87811e-05
1.75932 0.0147453 -0.0367558 2.99443 -3.78763e-05
1.76256 0.0146267 -0.0364607 2.99549 -3.69925e-05
1.7658 0.014509 -0.036168 2.99654 -3.61294e-05
1.76904 0.0143923 -0.0358776 2.9976 -3.52864e-05
1.77228 0.0142765 -0.0355896 2.99865 -3.4463e-05
1.77552 0.0141617 -0.0353039 2.9997 -3.36589e-05
1.77876 0.0140478 -0.0350205 3.00075 -3.28735e-05
1.782 0.0139348 -0.0347394 3.00179 -3.21065e-05
1.78524 0.0138226 -0.0344605 3.00284 -3.13573e-05
1.78848 0.0137114 -0.0341839 3.00388 -3.06256e-05
1.79172 0.0136011 -0.0339095 3.00492 -2.9911e-05
1.79496 0.0134917 -0.0336373 3.00596 -2.9213e-05
1.7982 0.0133832 -0.0333673 3.00699 -2.85314e-05
1.80144 0.0132755 -0.0330995 3.00802 -2.78656e-05
1.80468 0.0131687 -0.0328339 3.00906 -2.72154e-05
1.80792 0.0130627 -0.0325704 3.01008 -2.65804e-05
1.81116 0.0129576 -0.032309 3.01111 -2.59601e-05
1.8144 0.0128534 -0.0320497 3.01214 -2.53544e-05
1.81764 0.0127499 -0.0317925 3.01316 -2.47628e-05
1.82088 0.0126473 -0.0315374 3.01418 -2.4185e-05
1.82412 0.0125456 -0.0312844 3.0152 -2.36206e-05
1.82736 0.0124446 -0.0310333 3.01621 -2.30695e-05
1.8306 0.0123445 -0.0307843 3.01723 -2.25312e-05
1.83384 0.0122451 -0.0305373 3.01824 -2.20055e-05
1.83708 0.0121466 -0.0302923 3.01925 -2.1492e-05
1.84032 0.0120488 -0.0300493 3.02026 -2.09906e-05
1.84356 0.0119519 -0.0298082 3.02126 -2.05008e-05
1.8468 0.0118557 -0.0295691 3.02227 -2.00225e-05
1.85004 0.0117603 -0.0293319 3.02327 -1.95553e-05
1.85328 0.0116656 -0.0290966 3.02427 -1.90991e-05
1.85652 0.0115717 -0.0288632 3.02527 -1.86535e-05
1.85976 0.0114786 -0.0286317 3.02626 -1.82183e-05
1.863 0.0113862 -0.0284021 3.02726 -1.77932e-05
1.86624 0.0112945 -0.0281743 3.02825 -1.73781e-05
1.86948 0.0112036 -0.0279483 3.02924 -1.69727e-05
1.87272 0.0111134 -0.0277242 3.03023 -1.65767e-05
1.87596 0.0110239 -0.0275019 3.03122 -1.619e-05
1.8792 0.0109352 -0.0272813 3.0322 -1.58123e-05
1.88244 0.0108472 -0.0270626 3.03318 -1.54435e-05
1.88568 0.0107598 -0.0268456 3.03416 -1.50832e-05
1.88892 0.0106732 -0.0266303 3.03514 -1.47314e-05
1.89216 0.0105873 -0.0264168 3.03612 -1.43878e-05
1.8954 0.010502 -0.026205 3.03709 -1.40522e-05
1.89864 0.0104175 -0.025995 3.03807 -1.37244e-05
1.90188 0.0103336 -0.0257866 3.03904 -1.34043e-05
1.90512 0.0102504 -0.0255799 3.04001 -1.30917e-05
1.90836 0.0101678 -0.0253748 3.04097 -1.27864e-05
1.9116 0.0100859 -0.0251714 3.04194 -1.24882e-05
1.91484 0.0100047 -0.0249697 3.0429 -1.21969e-05
1.91808 0.00992412 -0.0247696 3.04386 -1.19125e-05
1.92132 0.00984418 -0.0245711 3.04482 -1.16347e-05
1.92456 0.00976489 -0.0243742 3.04578 -1.13634e-05
1.9278 0.00968624 -0.0241788 3.04674 -1.10985e-05
1.93104 0.00960821 -0.0239851 3.04769 -1.08397e-05
1.93428 0.00953081 -0.0237929 3.04864 -1.0587e-05
1.93752 0.00945403 -0.0236023 3.04959 -1.03402e-05
1.94076 0.00937787 -0.0234132 3.05054 -1.00991e-05
1.944 0.00930231 -0.0232256 3.05149 -9.86369e-06
1.94724 0.00922737 -0.0230396 3.05244 -9.63376e-06
1.95048 0.00915302 -0.022855 3.05338 -9.40921e-06
1.95372 0.00907926 -0.022672 3.05432 -9.1899e-06
1.95696 0.0090061 -0.0224904 3.05526 -8.97571e-06
1.9602 0.00893352 -0.0223102 3.0562 -8.76653e-06
1.96344 0.00886153 -0.0221316 3.05714 -8.56224e-06
1.96668 0.00879011 -0.0219543 3.05807 -8.36271e-06
1.96992 0.00871926 -0.0217785 3.059 -8.16785e-06
1.97316 0.00864898 -0.0216042 3.05994 -7.97755e-06
1.9764 0.00857927 -0.0214312 3.06086 -7.79168e-06
1.97964 0.00851011 -0.0212596 3.06179 -7.61016e-06
1.98288 0.0084415 -0.0210894 3.06272 -7.43288e-06
1.98612 0.00837345 -0.0209206 3.06364 -7.25974e-06
1.98936 0.00830594 -0.0207532 3.06457 -7.09065e-06
1.9926 0.00823896 -0.0205871 3.06549 -6.92551e-06
1.99584 0.00817253 -0.0204223 3.06641 -6.76423e-06
1.99908 0.00810663 -0.0202589 3.06732 -6.60671e-06
2.00232 0.00804125 -0.0200967 3.06824 -6.45287e-06
2.00556 0.0079764 -0.0199359 3.06915 -6.30263e-06
2.0088 0.00791206 -0.0197764 3.07007 -6.1559e-06
2.01204 0.00784825 -0.0196182 3.07098 -6.0126e-06
2.01528 0.00778494 -0.0194613 3.07188 -5.87264e-06
2.01852 0.00772214 -0.0193056 3.07279 -5.73596e-06
2.02176 0.00765984 -0.0191512 3.0737 -5.60246e-06
2.025 0.00759803 -0.018998 3.0746 -5.47209e-06
2.02824 0.00753673 -0.0188461 3.0755 -5.34476e-06
2.03148 0.00747591 -0.0186954 3.07641 -5.22041e-06
2.03472 0.00741558 -0.0185459 3.07731 -5.09896e-06
2.03796 0.00735573 -0.0183976 3.0782 -4.98035e-06
2.0412 0.00729636 -0.0182505 3.0791 -4.86452e-06
2.04444 0.00723747 -0.0181046 3.07999 -4.75138e-06
2.04768 0.00717904 -0.0179599 3.08089 -4.64089e-06
2.05092 0.00712109 -0.0178164 3.08178 -4.53299e-06
2.05416 0.00706359 -0.017674 3.08267 -4.4276e-06
2.0574 0.00700656 -0.0175328 3.08355 -4.32467e-06
2.06064 0.00694998 -0.0173927 3.08444 -4.22415e-06
2.06388 0.00689385 -0.0172537 3.08533 -4.12598e-06
2.06712 0.00683817 -0.0171159 3.08621 -4.0301e-06
2.07036 0.00678294 -0.0169791 3.08709 -3.93646e-06
2.0736 0.00672815 -0.0168435 3.08797 -3.84501e-06
2.07684 0.00667379 -0.016709 3.08885 -3.7557e-06
2.08008 0.00661987 -0.0165756 3.08973 -3.66847e-06
2.08332 0.00656638 -0.0164432 3.0906 -3.58327e-06
2.08656 0.00651332 -0.0163119 3.09148 -3.50007e-06
2.0898 0.00646068 -0.0161817 3.09235 -3.41882e-06
2.09304 0.00640846 -0.0160525 3.09322 -3.33946e-06
2.09628 0.00635666 -0.0159244 3.09409 -3.26195e-06
2.09952 0.00630527 -0.0157973 3.09496 -3.18625e-06
2.10276 0.00625429 -0.0156713 3.09582 -3.11233e-06
2.106 0.00620372 -0.0155462 3.09669 -3.04012e-06
2.10924 0.00615355 -0.0154222 3.09755 -2.96961e-06
2.11248 0.00610378 -0.0152992 3.09841 -2.90074e-06
2.11572 0.00605441 -0.0151772 3.09927 -2.83348e-06
2.11896 0.00600543 -0.0150561 3.10013 -2.76779e-06
2.1222 0.00595684 -0.0149361 3.10099 -2.70364e-06
2.12544 0.00590864 -0.014817 3.10184 -2.64098e-06
2.12868 0.00586083 -0.0146989 3.1027 -2.57979e-06
2.13192 0.00581339 -0.0145817 3.10355 -2.52002e-06
2.13516 0.00576634 -0.0144655 3.1044 -2.46165e-06
2.1384 0.00571966 -0.0143502 3.10525 -2.40465e-06
2.14164 0.00567335 -0.0142359 3.1061 -2.34897e-06
2.14488 0.00562741 -0.0141225 3.10695 -2.2946e-06
2.14812 0.00558183 -0.01401 3.10779 -2.24149e-06
2.15136 0.00553662 -0.0138984 3.10864 -2.18962e-06
2.1546 0.00549177 -0.0137877 3.10948 -2.13897e-06
2.15784 0.00544728 -0.013678 3.11032 -2.08949e-06
2.16108 0.00540314 -0.0135691 3.11116 -2.04118e-06
2.16432 0.00535935 -0.0134611 3.112 -1.99399e-06
2.16756 0.00531591 -0.0133539 3.11283 -1.9479e-06
2.1708 0.00527281 -0.0132477 3.11367 -1.90288e-06
2.17404 0.00523006 -0.0131423 3.1145 -1.85892e-06
2.17728 0.00518765 -0.0130377 3.11533 -1.81598e-06
2.18052 0.00514558 -0.012934 3.11617 -1.77405e-06
2.18376 0.00510384 -0.0128312 3.117 -1.73309e-06
2.187 0.00506243 -0.0127292 3.11782 -1.69309e-06
2.19024 0.00502135 -0.012628 3.11865 -1.65403e-06
2.19348 0.0049806 -0.0125276 3.11948 -1.61587e-06
2.19672 0.00494017 -0.0124281 3.1203 -1.5786e-06
2.19996 0.00490006 -0.0123293 3.12112 -1.54221e-06
2.2032 0.00486028 -0.0122314 3.12194 -1.50666e-06
2.20644 0.0048208 -0.0121342 3.12276 -1.47194e-06
2.20968 0.00478165 -0.0120379 3.12358 -1.43803e-06
2.21292 0.0047428 -0.0119423 3.1244 -1.40492e-06
2.21616 0.00470426 -0.0118475 3.12521 -1.37257e-06
2.2194 0.00466602 -0.0117535 3.12603 -1.34098e-06
2.22264 0.00462809 -0.0116602 3.12684 -1.31013e-06
2.22588 0.00459047 -0.0115677 3.12765 -1.27999e-06
2.22912 0.00455314 -0.011476 3.12846 -1.25056e-06
2.23236 0.0045161 -0.011385 3.12927 -1.22181e-06
2.2356 0.00447936 -0.0112947 3.13008 -1.19374e-06
2.23884 0.00444291 -0.0112052 3.13089 -1.16632e-06
2.24208 0.00440675 -0.0111164 3.13169 -1.13953e-06
2.24532 0.00437087 -0.0110283 3.13249 -1.11338e-06
2.24856 0.00433528 -0.010941 3.1333 -1.08783e-06
2.2518 0.00429998 -0.0108544 3.1341 -1.06287e-06
2.25504 0.00426495 -0.0107684 3.1349 -1.0385e-06
2.25828 0.0042302 -0.0106832 3.1357 -1.0147e-06
2.26152 0.00419572 -0.0105986 3.13649 -9.91447e-07
2.26476 0.00416152 -0.0105148 3.13729 -9.68739e-07
2.268 0.00412758 -0.0104316 3.13808 -9.4656e-07
2.27124 0.00409392 -0.0103491 3.13887 -9.24897e-07
2.27448 0.00406052 -0.0102673 3.13967 -9.03739e-07
2.27772 0.00402739 -0.0101862 3.14046 -8.83074e-07
2.28096 0.00399451 -0.0101057 3.14125 -8.62889e-07
2.2842 0.0039619 -0.0100259 3.14203 -8.43175e-07
2.28744 0.00392954 -0.0099467 3.14282 -8.23919e-07
2.29068 0.00389744 -0.00986817 3.1436 -8.05112e-07
2.29392 0.0038656 -0.00979029 3.14439 -7.86742e-07
2.29716 0.003834 -0.00971304 3.14517 -7.688e-07
2.3004 0.00380266 -0.00963643 3.14595 -7.51275e-07
2.30364 0.00377156 -0.00956044 3.14673 -7.34158e-07
2.30688 0.0037407 -0.00948507 3.14751 -7.17439e-07
2.31012 0.00371009 -0.00941032 3.14829 -7.01109e-07
2.31336 0.00367972 -0.00933619 3.14906 -6.85159e-07
2.3166 0.00364959 -0.00926266 3.14984 -6.69579e-07
2.31984 0.0036197 -0.00918973 3.15061 -6.54362e-07
2.32308 0.00359004 -0.0091174 3.15138 -6.39499e-07
2.32632 0.00356062 -0.00904567 3.15216 -6.24981e-07
2.32956 0.00353143 -0.00897452 3.15292 -6.10801e-07
2.3328 0.00350247 -0.00890395 3.15369 -5.9695e-07
2.33604 0.00347373 -0.00883397 3.15446 -5.83421e-07
2.33928 0.00344522 -0.00876456 3.15523 -5.70206e-07
2.34252 0.00341694 -0.00869572 3.15599 -5.57298e-07
2.34576 0.00338887 -0.00862745 3.15675 -5.4469e-07
2.349 0.00336103 -0.00855973 3.15752 -5.32375e-07
2.35224 0.0033334 -0.00849258 3.15828 -5.20345e-07
2.35548 0.003306 -0.00842598 3.15904 -5.08595e-07
2.35872 0.0032788 -0.00835992 3.1598 -4.97118e-07
2.36196 0.00325182 -0.00829441 3.16055 -4.85907e-07
2.3652 0.00322505 -0.00822944 3.16131 -4.74956e-07
2.36844 0.0031985 -0.008165 3.16206 -4.64259e-07
2.37168 0.00317214 -0.00810109 3.16282 -4.53811e-07
2.37492 0.003146 -0.00803772 3.16357 -4.43605e-07
2.37816 0.00312006 -0.00797486 3.16432 -4.33635e-07
2.3814 0.00309432 -0.00791252 3.16507 -4.23896e-07
2.38464 0.00306879 -0.0078507 3.16582 -4.14384e-07
2.38788 0.00304345 -0.00778939 3.16657 -4.05092e-07
2.39112 0.00301831 -0.00772858 3.16731 -3.96015e-07
2.39436 0.00299337 -0.00766828 3.16806 -3.87148e-07
2.3976 0.00296862 -0.00760848 3.1688 -3.78487e-07
2.40084 0.00294406 -0.00754917 3.16954 -3.70026e-07
2.40408 0.0029197 -0.00749035 3.17029 -3.61761e-07
2.40732 0.00289553 -0.00743202 3.17103 -3.53688e-07
2.41056 0.00287154 -0.00737417 3.17177 -3.45802e-07
2.4138 0.00284774 -0.00731681 3.1725 -3.38098e-07
2.41704 0.00282413 -0.00725991 3.17324 -3.30572e-07
2.42028 0.0028007 -0.00720349 3.17398 -3.2322e-07
2.42352 0.00277745 -0.00714754 3.17471 -3.16039e-07
2.42676 0.00275438 -0.00709206 3.17544 -3.09023e-07
2.43 0.00273149 -0.00703703 3.17617 -3.0217e-07
2.43324 0.00270878 -0.00698247 3.17691 -2.95475e-07
2.43648 0.00268624 -0.00692835 3.17763 -2.88935e-07
2.43972 0.00266388 -0.00687469 3.17836 -2.82546e-07
2.44296 0.0026417 -0.00682147 3.17909 -2.76304e-07
2.4462 0.00261968 -0.0067687 3.17982 -2.70207e-07
2.44944 0.00259783 -0.00671637 3.18054 -2.6425e-07
2.45268 0.00257616 -0.00666448 3.18126 -2.58431e-07
2.45592 0.00255465 -0.00661301 3.18199 -2.52746e-07
2.45916 0.0025333 -0.00656198 3.18271 -2.47193e-07
2.4624 0.00251213 -0.00651138 3.18343 -2.41767e-07
2.46564 0.00249111 -0.0064612 3.18415 -2.36467e-07
2.46888 0.00247026 -0.00641144 3.18486 -2.31289e-07
2.47212 0.00244956 -0.00636209 3.18558 -2.2623e-07
2.47536 0.00242903 -0.00631316 3.1863 -2.21287e-07
2.4786 0.00240865 -0.00626464 3.18701 -2.16459e-07
2.48184 0.00238843 -0.00621653 3.18772 -2.11742e-07
2.48508 0.00236837 -0.00616882 3.18844 -2.07133e-07
2.48832 0.00234846 -0.00612152 3.18915 -2.02631e-07
2.49156 0.0023287 -0.00607461 3.18986 -1.98232e-07
2.4948 0.0023091 -0.00602809 3.19056 -1.93934e-07
2.49804 0.00228964 -0.00598197 3.19127 -1.89736e-07
2.50128 0.00227033 -0.00593624 3.19198 -1.85633e-07
2.50452 0.00225117 -0.00589089 3.19268 -1.81626e-07
2.50776 0.00223216 -0.00584593 3.19339 -1.7771e-07
2.511 0.00221329 -0.00580134 3.19409 -1.73884e-07
2.51424 0.00219457 -0.00575714 3.19479 -1.70146e-07
2.51748 0.00217598 -0.0057133 3.19549 -1.66494e-07
2.52072 0.00215754 -0.00566984 3.19619 -1.62926e-07
2.52396 0.00213924 -0.00562675 3.19689 -1.5944e-07
2.5272 0.00212108 -0.00558403 3.19758 -1.56033e-07
2.53044 0.00210306 -0.00554166 3.19828 -1.52705e-07
2.53368 0.00208517 -0.00549966 3.19897 -1.49453e-07
2.53692 0.00206742 -0.00545801 3.19967 -1.46276e-07
2.54016 0.0020498 -0.00541672 3.20036 -1.43172e-07
2.5434 0.00203232 -0.00537579 3.20105 -1.40138e-07
2.54664 0.00201497 -0.0053352 3.20174 -1.37175e-07
2.54988 0.00199775 -0.00529496 3.20243 -1.34279e-07
2.55312 0.00198066 -0.00525506 3.20312 -1.31449e-07
2.55636 0.00196369 -0.0052155 3.20381 -1.28684e-07
2.5596 0.00194686 -0.00517629 3.20449 -1.25983e-07
2.56284 0.00193015 -0.00513741 3.20517 -1.23343e-07
2.56608 0.00191357 -0.00509886 3.20586 -1.20763e-07
2.56932 0.00189711 -0.00506065 3.20654 -1.18243e-07
2.57256 0.00188077 -0.00502276 3.20722 -1.1578e-07
2.5758 0.00186456 -0.0049852 3.2079 -1.13373e-07
2.57904 0.00184847 -0.00494797 3.20858 -1.11022e-07
2.58228 0.0018325 -0.00491105 3.20926 -1.08724e-07
2.58552 0.00181665 -0.00487446 3.20993 -1.06478e-07
2.58876 0.00180091 -0.00483818 3.21061 -1.04284e-07
2.592 0.00178529 -0.00480222 3.21128 -1.0214e-07
2.59524 0.00176979 -0.00476657 3.21196 -1.00045e-07
2.59848 0.00175441 -0.00473123 3.21263 -9.79973e-08
2.60172 0.00173913 -0.0046962 3.2133 -9.59965e-08
2.60496 0.00172398 -0.00466147 3.21397 -9.40413e-08
2.6082 0.00170893 -0.00462704 3.21464 -9.21307e-08
2.61144 0.00169399 -0.00459292 3.2153 -9.02635e-08
2.61468 0.00167917 -0.00455909 3.21597 -8.84389e-08
2.61792 0.00166445 -0.00452557 3.21664 -8.66559e-08
2.62116 0.00164984 -0.00449233 3.2173 -8.49134e-08
2.6244 0.00163534 -0.00445939 3.21796 -8.32106e-08
2.62764 0.00162094 -0.00442674 3.21862 -8.15465e-08
2.63088 0.00160665 -0.00439437 3.21929 -7.99203e-08
2.63412 0.00159247 -0.00436229 3.21994 -7.8331e-08
2.63736 0.00157838 -0.00433049 3.2206 -7.67779e-08
2.6406 0.0015644 -0.00429898 3.22126 -7.52601e-08
2.64384 0.00155053 -0.00426775 3.22192 -7.37768e-08
2.64708 0.00153675 -0.00423679 3.22257 -7.23272e-08
2.65032 0.00152307 -0.00420611 3.22323 -7.09105e-08
2.65356 0.00150949 -0.0041757 3.22388 -6.9526e-08
2.6568 0.00149601 -0.00414556 3.22453 -6.8173e-08
2.66004 0.00148263 -0.00411569 3.22518 -6.68507e-08
2.66328 0.00146934 -0.00408609 3.22583 -6.55584e-08
2.66652 0.00145615 -0.00405676 3.22648 -6.42954e-08
2.66976 0.00144305 -0.00402769 3.22713 -6.30611e-08
2.673 0.00143005 -0.00399888 3.22777 -6.18549e-08
2.67624 0.00141714 -0.00397033 3.22842 -6.0676e-08
2.67948 0.00140432 -0.00394204 3.22906 -5.95239e-08
2.68272 0.0013916 -0.003914 3.2297 -5.83979e-08
2.68596 0.00137896 -0.00388622 3.23035 -5.72975e-08
2.6892 0.00136641 -0.00385869 3.23099 -5.62221e-08
2.69244 0.00135396 -0.00383142 3.23163 -5.5171e-08
2.69568 0.00134159 -0.00380439 3.23227 -5.41439e-08
2.69892 0.0013293 -0.00377761 3.2329 -5.31401e-08
2.70216 0.00131711 -0.00375107 3.23354 -5.2159e-08
2.7054 0.001305 -0.00372478 3.23417 -5.12003e-08
2.70864 0.00129297 -0.00369873 3.23481 -5.02633e-08
2.71188 0.00128103 -0.00367292 3.23544 -4.93476e-08
2.71512 0.00126917 -0.00364735 3.23607 -4.84528e-08
2.71836 0.00125739 -0.00362202 3.2367 -4.75782e-08
2.7216 0.0012457 -0.00359692 3.23733 -4.67236e-08
2.72484 0.00123409 -0.00357205 3.23796 -4.58884e-08
2.72808 0.00122255 -0.00354742 3.23859 -4.50722e-08
2.73132 0.0012111 -0.00352302 3.23922 -4.42747e-08
2.73456 0.00119972 -0.00349885 3.23984 -4.34952e-08
2.7378 0.00118842 -0.0034749 3.24047 -4.27336e-08
2.74104 0.0011772 -0.00345118 3.24109 -4.19893e-08
2.74428 0.00116606 -0.00342769 3.24171 -4.1262e-08
2.74752 0.00115499 -0.00340441 3.24233 -4.05514e-08
2.75076 0.001144 -0.00338136 3.24295 -3.9857e-08
2.754 0.00113308 -0.00335853 3.24357 -3.91784e-08
2.75724 0.00112224 -0.00333592 3.24419 -3.85154e-08
2.76048 0.00111146 -0.00331352 3.24481 -3.78677e-08
2.76372 0.00110076 -0.00329134 3.24542 -3.72348e-08
2.76696 0.00109014 -0.00326937 3.24604 -3.66164e-08
2.7702 0.00107958 -0.00324762 3.24665 -3.60123e-08
2.77344 0.00106909 -0.00322607 3.24726 -3.54221e-08
2.77668 0.00105867 -0.00320474 3.24788 -3.48455e-08
2.77992 0.00104832 -0.00318361 3.24849 -3.42823e-08
2.78316 0.00103804 -0.00316269 3.2491 -3.37322e-08
2.7864 0.00102783 -0.00314198 3.2497 -3.31948e-08
2.78964 0.00101768 -0.00312147 3.25031 -3.267e-08
2.79288 0.0010076 -0.00310116 3.25092 -3.21575e-08
2.79612 0.000997588 -0.00308105 3.25152 -3.16569e-08
2.79936 0.000987637 -0.00306115 3.25213 -3.11681e-08
2.8026 0.000977751 -0.00304144 3.25273 -3.06907e-08
2.80584 0.000967929 -0.00302193 3.25333 -3.02246e-08
2.80908 0.000958169 -0.00300262 3.25393 -2.97695e-08
2.81232 0.000948472 -0.0029835 3.25454 -2.93252e-08
2.81556 0.000938836 -0.00296458 3.25513 -2.88914e-08
2.8188 0.000929261 -0.00294585 3.25573 -2.8468e-08
2.82204 0.000919746 -0.00292731 3.25633 -2.80547e-08
2.82528 0.000910292 -0.00290896 3.25693 -2.76514e-08
2.82852 0.000900896 -0.0028908 3.25752 -2.72578e-08
2.83176 0.000891559 -0.00287282 3.25812 -2.68737e-08
2.835 0.00088228 -0.00285504 3.25871 -2.6499e-08
2.83824 0.000873058 -0.00283743 3.2593 -2.61335e-08
2.84148 0.000863893 -0.00282002 3.2599 -2.5777e-08
2.84472 0.000854784 -0.00280278 3.26049 -2.54293e-08
2.84796 0.000845731 -0.00278573 3.26108 -2.50903e-08
2.8512 0.000836733 -0.00276886 3.26167 -2.47597e-08
2.85444 0.000827789 -0.00275217 3.26226 -2.44375e-08
2.85768 0.000818898 -0.00273566 3.26284 -2.41235e-08
2.86092 0.000810061 -0.00271932 3.26343 -2.38175e-08
2.86416 0.000801277 -0.00270317 3.26402 -2.35194e-08
2.8674 0.000792545 -0.00268718 3.2646 -2.32291e-08
2.87064 0.000783864 -0.00267137 3.26519 -2.29463e-08
2.87388 0.000775234 -0.00265574 3.26577 -2.26711e-08
2.87712 0.000766654 -0.00264028 3.26635 -2.24032e-08
2.88036 0.000758125 -0.00262499 3.26693 -2.21425e-08
2.8836 0.000749644 -0.00260987 3.26752 -2.1889e-08
2.88684 0.000741213 -0.00259492 3.2681 -2.16425e-08
2.89008 0.000732829 -0.00258013 3.26868 -2.14028e-08
2.89332 0.000724493 -0.00256552 3.26925 -2.117e-08
2.89656 0.000716204 -0.00255107 3.26983 -2.09438e-08
2.8998 0.000707962 -0.00253679 3.27041 -2.07242e-08
2.90304 0.000699766 -0.00252267 3.27099 -2.05112e-08
2.90628 0.000691615 -0.00250871 3.27157 -2.03045e-08
2.90952 0.000683509 -0.00249492 3.27214 -2.01042e-08
2.91276 0.000675448 -0.00248129 3.27272 -1.99101e-08
2.916 0.00066743 -0.00246782 3.27329 -1.97221e-08
2.91924 0.000659456 -0.00245452 3.27387 -1.95403e-08
2.92248 0.000651525 -0.00244137 3.27444 -1.93645e-08
2.92572 0.000643636 -0.00242838 3.27502 -1.91946e-08
2.92896 0.000635789 -0.00241554 3.27559 -1.90306e-08
2.9322 0.000627983 -0.00240287 3.27616 -1.88725e-08
2.93544 0.000620218 -0.00239035 3.27674 -1.87202e-08
2.93868 0.000612493 -0.00237798 3.27731 -1.85736e-08
2.94192 0.000604809 -0.00236577 3.27788 -1.84327e-08
2.94516 0.000597163 -0.00235371 3.27845 -1.82974e-08
2.9484 0.000589556 -0.00234181 3.27902 -1.81678e-08
2.95164 0.000581988 -0.00233005 3.2796 -1.80437e-08
2.95488 0.000574457 -0.00231845 3.28017 -1.79253e-08
2.95812 0.000566964 -0.002307 3.28074 -1.78123e-08
2.96136 0.000559508 -0.0022957 3.28131 -1.77049e-08
2.9646 0.000552088 -0.00228454 3.28188 -1.76031e-08
2.96784 0.000544704 -0.00227354 3.28245 -1.75067e-08
2.97108 0.000537355 -0.00226268 3.28303 -1.74158e-08
2.97432 0.000530042 -0.00225197 3.2836 -1.73305e-08
2.97756 0.000522762 -0.00224141 3.28417 -1.72506e-08
2.9808 0.000515517 -0.00223099 3.28475 -1.71763e-08
2.98404 0.000508305 -0.00222071 3.28532 -1.71076e-08
2.98728 0.000501127 -0.00221058 3.28589 -1.70444e-08
2.99052 0.000493981 -0.00220059 3.28647 -1.69869e-08
2.99376 0.000486867 -0.00219075 3.28704 -1.6935e-08
2.997 0.000479784 -0.00218105 3.28762 -1.68889e-08
3.00024 0.000472733 -0.00217148 3.2882 -1.68485e-08
3.00348 0.000465713 -0.00216206 3.28877 -1.68139e-08
3.00672 0.000458723 -0.00215278 3.28935 -1.67853e-08
3.00996 0.000451763 -0.00214364 3.28993 -1.67626e-08
3.0132 0.000444832 -0.00213464 3.29051 -1.6746e-08
3.01644 0.00043793 -0.00212578 3.2911 -1.67356e-08
3.01968 0.000431057 -0.00211705 3.29168 -1.67314e-08
3.02292 0.000424212 -0.00210846 3.29226 -1.67337e-08
3.02616 0.000417394 -0.00210001 3.29285 -1.67424e-08
3.0294 0.000410603 -0.00209169 3.29344 -1.67579e-08
3.03264 0.00040384 -0.00208351 3.29403 -1.67802e-08
3.03588 0.000397102 -0.00207546 3.29462 -1.68095e-08
3.03912 0.00039039 -0.00206755 3.29522 -1.6846e-08
3.04236 0.000383704 -0.00205977 3.29582 -1.68899e-08
3.0456 0.000377043 -0.00205213 3.29642 -1.69415e-08
3.04884 0.000370406 -0.00204461 3.29702 -1.70009e-08
3.05208 0.000363794 -0.00203723 3.29762 -1.70684e-08
3.05532 0.000357205 -0.00202999 3.29823 -1.71443e-08
3.05856 0.000350639 -0.00202287 3.29884 -1.72289e-08
3.0618 0.000344097 -0.00201588 3.29946 -1.73226e-08
3.06504 0.000337576 -0.00200903 3.30008 -1.74257e-08
3.06828 0.000331078 -0.0020023 3.3007 -1.75385e-08
3.07152 0.000324601 -0.00199571 3.30133 -1.76616e-08
3.07476 0.000318146 -0.00198924 3.30196 -1.77954e-08
3.078 0.000311711 -0.0019829 3.3026 -1.79403e-08
3.08124 0.000305296 -0.00197669 3.30324 -1.8097e-08
3.08448 0.000298902 -0.00197061 3.30389 -1.8266e-08
3.08772 0.000292527 -0.00196465 3.30454 -1.84479e-08
3.09096 0.000286171 -0.00195882 3.3052 -1.86436e-08
3.0942 0.000279833 -0.00195312 3.30587 -1.88536e-08
3.09744 0.000273514 -0.00194755 3.30654 -1.9079e-08
3.10068 0.000267213 -0.0019421 3.30722 -1.93205e-08
3.10392 0.000260929 -0.00193677 3.30791 -1.95792e-08
3.10716 0.000254663 -0.00193157 3.30861 -1.98563e-08
3.1104 0.000248413 -0.0019265 3.30931 -2.01529e-08
3.11364 0.000242179 -0.00192155 3.31003 -2.04704e-08
3.11688 0.000235961 -0.00191672 3.31075 -2.08103e-08
3.12012 0.000229758 -0.00191202 3.31149 -2.11742e-08
3.12336 0.000223571 -0.00190744 3.31223 -2.1564e-08
3.1266 0.000217398 -0.00190298 3.313 -2.19816e-08
3.12984 0.000211239 -0.00189865 3.31377 -2.24295e-08
3.13308 0.000205095 -0.00189443 3.31456 -2.291e-08
3.13632 0.000198963 -0.00189034 3.31536 -2.34262e-08
3.13956 0.000192845 -0.00188638 3.31618 -2.39811e-08
3.1428 0.00018674 -0.00188253 3.31702 -2.45784e-08
3.14604 0.000180646 -0.0018788 3.31787 -2.52223e-08
3.14928 0.000174565 -0.0018752 3.31875 -2.59173e-08
3.15252 0.000168495 -0.00187172 3.31964 -2.66689e-08
3.15576 0.000162436 -0.00186835 3.32057 -2.74832e-08
3.159 0.000156388 -0.00186511 3.32151 -2.83673e-08
3.16224 0.00015035 -0.00186199 3.32249 -2.93294e-08
3.16548 0.000144322 -0.00185899 3.3235 -3.03791e-08
3.16872 0.000138304 -0.0018561 3.32454 -3.15275e-08
3.17196 0.000132294 -0.00185334 3.32561 -3.2788e-08
3.1752 0.000126294 -0.00185069 3.32673 -3.41764e-08
3.17844 0.000120302 -0.00184817 3.32789 -3.57114e-08
3.18168 0.000114317 -0.00184576 3.3291 -3.7416e-08
3.18492 0.000108341 -0.00184347 3.33036 -3.93179e-08
3.18816 0.000102372 -0.0018413 3.33169 -4.14515e-08
3.1914 9.64092e-05 -0.00183925 3.33308 -4.38595e-08
3.19464 9.04532e-05 -0.00183732 3.33455 -4.6596e-08
3.19788 8.45032e-05 -0.0018355 3.33611 -4.97301e-08
3.20112 7.8559e-05 -0.00183381 3.33777 -5.33519e-08
3.20436 7.262e-05 -0.00183223 3.33954 -5.7581e-08
3.2076 6.6686e-05 -0.00183077 3.34146 -6.25795e-08
3.21084 6.07565e-05 -0.00182942 3.34353 -6.85729e-08
3.21408 5.48312e-05 -0.0018282 3.3458 -7.5884e-08
3.21732 4.89097e-05 -0.00182709 3.34832 -8.49923e-08
3.22056 4.29915e-05 -0.00182611 3.35113 -9.66418e-08
3.2238 3.70764e-05 -0.00182524 3.35434 -1.12052e-07
3.22704 3.11639e-05 -0.00182449 3.35807 -1.33371e-07
3.23028 2.52536e-05 -0.00182386 3.36254 -1.64762e-07
3.23352 1.93451e-05 -0.00182336 3.36815 -2.15491e-07
3.23676 1.3438e-05 -0.00182299 3.3757 -3.11184e-07
3.24 7.53199e-06 -0.00182275 3.38748 -5.58227e-07
