-22.4 -4.34447 0.0734367 -5.10381
-22.3776 -4.34282 0.0734732 -5.10267
-22.3552 -4.34118 0.0735098 -5.10153
-22.3328 -4.33953 0.0735464 -5.10039
-22.3104 -4.33788 0.0735831 -5.09925
-22.288 -4.33623 0.0736199 -5.09811
-22.2656 -4.33458 0.0736567 -5.09697
-22.2432 -4.33293 0.0736936 -5.09583
-22.2208 -4.33128 0.0737305 -5.09468
-22.1984 -4.32963 0.0737675 -5.09354
-22.176 -4.32798 0.0738046 -5.09239
-22.1536 -4.32632 0.0738418 -5.09125
-22.1312 -4.32467 0.073879 -5.0901
-22.1088 -4.32301 0.0739162 -5.08895
-22.0864 -4.32136 0.0739536 -5.0878
-22.064 -4.3197 0.073991 -5.08665
-22.0416 -4.31804 0.0740284 -5.0855
-22.0192 -4.31638 0.074066 -5.08435
-21.9968 -4.31472 0.0741035 -5.08319
-21.9744 -4.31306 0.0741412 -5.08204
-21.952 -4.3114 0.0741789 -5.08088
-21.9296 -4.30974 0.0742167 -5.07972
-21.9072 -4.30808 0.0742546 -5.07857
-21.8848 -4.30641 0.0742925 -5.07741
-21.8624 -4.30475 0.0743305 -5.07625
-21.84 -4.30308 0.0743685 -5.07509
-21.8176 -4.30142 0.0744066 -5.07392
-21.7952 -4.29975 0.0744448 -5.07276
-21.7728 -4.29808 0.074483 -5.0716
-21.7504 -4.29641 0.0745214 -5.07043
-21.728 -4.29474 0.0745597 -5.06926
-21.7056 -4.29307 0.0745982 -5.0681
-21.6832 -4.2914 0.0746367 -5.06693
-21.6608 -4.28973 0.0746753 -5.06576
-21.6384 -4.28806 0.0747139 -5.06459
-21.616 -4.28638 0.0747526 -5.06342
-21.5936 -4.28471 0.0747914 -5.06224
-21.5712 -4.28303 0.0748303 -5.06107
-21.5488 -4.28136 0.0748692 -5.0599
-21.5264 -4.27968 0.0749082 -5.05872
-21.504 -4.278 0.0749473 -5.05754
-21.4816 -4.27632 0.0749864 -5.05636
-21.4592 -4.27464 0.0750256 -5.05518
-21.4368 -4.27296 0.0750649 -5.054
-21.4144 -4.27128 0.0751042 -5.05282
-21.392 -4.26959 0.0751436 -5.05164
-21.3696 -4.26791 0.0751831 -5.05046
-21.3472 -4.26623 0.0752226 -5.04927
-21.3248 -4.26454 0.0752622 -5.04809
-21.3024 -4.26285 0.0753019 -5.0469
-21.28 -4.26117 0.0753417 -5.04571
-21.2576 -4.25948 0.0753815 -5.04452
-21.2352 -4.25779 0.0754214 -5.04333
-21.2128 -4.2561 0.0754614 -5.04214
-21.1904 -4.25441 0.0755014 -5.04095
-21.168 -4.25272 0.0755415 -5.03976
-21.1456 -4.25103 0.0755817 -5.03856
-21.1232 -4.24933 0.075622 -5.03737
-21.1008 -4.24764 0.0756623 -5.03617
-21.0784 -4.24594 0.0757027 -5.03497
-21.056 -4.24425 0.0757432 -5.03377
-21.0336 -4.24255 0.0757837 -5.03257
-21.0112 -4.24085 0.0758244 -5.03137
-20.9888 -4.23915 0.0758651 -5.03017
-20.9664 -4.23745 0.0759058 -5.02897
-20.944 -4.23575 0.0759467 -5.02776
-20.9216 -4.23405 0.0759876 -5.02656
-20.8992 -4.23235 0.0760286 -5.02535
-20.8768 -4.23064 0.0760696 -5.02414
-20.8544 -4.22894 0.0761108 -5.02293
-20.832 -4.22723 0.076152 -5.02172
-20.8096 -4.22553 0.0761933 -5.02051
-20.7872 -4.22382 0.0762346 -5.0193
-20.7648 -4.22211 0.0762761 -5.01808
-20.7424 -4.2204 0.0763176 -5.01687
-20.72 -4.21869 0.0763592 -5.01565
-20.6976 -4.21698 0.0764009 -5.01443
-20.6752 -4.21527 0.0764426 -5.01322
-20.6528 -4.21356 0.0764844 -5.012
-20.6304 -4.21184 0.0765263 -5.01078
-20.608 -4.21013 0.0765683 -5.00955
-20.5856 -4.20841 0.0766103 -5.00833
-20.5632 -4.2067 0.0766525 -5.00711
-20.5408 -4.20498 0.0766947 -5.00588
-20.5184 -4.20326 0.076737 -5.00466
-20.496 -4.20154 0.0767793 -5.00343
-20.4736 -4.19982 0.0768218 -5.0022
-20.4512 -4.1981 0.0768643 -5.00097
-20.4288 -4.19638 0.0769069 -4.99974
-20.4064 -4.19465 0.0769496 -4.9985
-20.384 -4.19293 0.0769923 -4.99727
-20.3616 -4.19121 0.0770352 -4.99604
-20.3392 -4.18948 0.0770781 -4.9948
-20.3168 -4.18775 0.0771211 -4.99356
-20.2944 -4.18602 0.0771642 -4.99232
-20.272 -4.1843 0.0772073 -4.99108
-20.2496 -4.18257 0.0772505 -4.98984
-20.2272 -4.18083 0.0772939 -4.9886
-20.2048 -4.1791 0.0773373 -4.98736
-20.1824 -4.17737 0.0773807 -4.98611
-20.16 -4.17564 0.0774243 -4.98487
-20.1376 -4.1739 0.077468 -4.98362
-20.1152 -4.17217 0.0775117 -4.98237
-20.0928 -4.17043 0.0775555 -4.98112
-20.0704 -4.16869 0.0775994 -4.97987
-20.048 -4.16695 0.0776434 -4.97862
-20.0256 -4.16521 0.0776874 -4.97737
-20.0032 -4.16347 0.0777316 -4.97611
-19.9808 -4.16173 0.0777758 -4.97486
-19.9584 -4.15999 0.0778201 -4.9736
-19.936 -4.15824 0.0778645 -4.97234
-19.9136 -4.1565 0.077909 -4.97108
-19.8912 -4.15475 0.0779535 -4.96982
-19.8688 -4.15301 0.0779982 -4.96856
-19.8464 -4.15126 0.0780429 -4.9673
-19.824 -4.14951 0.0780877 -4.96603
-19.8016 -4.14776 0.0781326 -4.96477
-19.7792 -4.14601 0.0781776 -4.9635
-19.7568 -4.14426 0.0782227 -4.96223
-19.7344 -4.14251 0.0782679 -4.96096
-19.712 -4.14075 0.0783131 -4.95969
-19.6896 -4.139 0.0783584 -4.95842
-19.6672 -4.13724 0.0784039 -4.95715
-19.6448 -4.13548 0.0784494 -4.95587
-19.6224 -4.13373 0.078495 -4.9546
-19.6 -4.13197 0.0785407 -4.95332
-19.5776 -4.13021 0.0785864 -4.95204
-19.5552 -4.12845 0.0786323 -4.95076
-19.5328 -4.12669 0.0786783 -4.94948
-19.5104 -4.12492 0.0787243 -4.9482
-19.488 -4.12316 0.0787704 -4.94692
-19.4656 -4.12139 0.0788166 -4.94563
-19.4432 -4.11963 0.078863 -4.94435
-19.4208 -4.11786 0.0789094 -4.94306
-19.3984 -4.11609 0.0789559 -4.94177
-19.376 -4.11432 0.0790024 -4.94048
-19.3536 -4.11255 0.0790491 -4.93919
-19.3312 -4.11078 0.0790959 -4.9379
-19.3088 -4.10901 0.0791427 -4.9366
-19.2864 -4.10724 0.0791897 -4.93531
-19.264 -4.10546 0.0792367 -4.93401
-19.2416 -4.10369 0.0792838 -4.93271
-19.2192 -4.10191 0.0793311 -4.93141
-19.1968 -4.10013 0.0793784 -4.93011
-19.1744 -4.09835 0.0794258 -4.92881
-19.152 -4.09657 0.0794733 -4.92751
-19.1296 -4.09479 0.0795209 -4.9262
-19.1072 -4.09301 0.0795686 -4.9249
-19.0848 -4.09123 0.0796164 -4.92359
-19.0624 -4.08945 0.0796643 -4.92228
-19.04 -4.08766 0.0797123 -4.92097
-19.0176 -4.08587 0.0797603 -4.91966
-18.9952 -4.08409 0.0798085 -4.91835
-18.9728 -4.0823 0.0798568 -4.91703
-18.9504 -4.08051 0.0799051 -4.91572
-18.928 -4.07872 0.0799536 -4.9144
-18.9056 -4.07693 0.0800021 -4.91308
-18.8832 -4.07513 0.0800508 -4.91176
-18.8608 -4.07334 0.0800995 -4.91044
-18.8384 -4.07155 0.0801484 -4.90912
-18.816 -4.06975 0.0801973 -4.90779
-18.7936 -4.06795 0.0802464 -4.90647
-18.7712 -4.06616 0.0802955 -4.90514
-18.7488 -4.06436 0.0803448 -4.90381
-18.7264 -4.06256 0.0803941 -4.90248
-18.704 -4.06075 0.0804435 -4.90115
-18.6816 -4.05895 0.0804931 -4.89982
-18.6592 -4.05715 0.0805427 -4.89849
-18.6368 -4.05534 0.0805925 -4.89715
-18.6144 -4.05354 0.0806423 -4.89581
-18.592 -4.05173 0.0806923 -4.89448
-18.5696 -4.04992 0.0807423 -4.89314
-18.5472 -4.04811 0.0807925 -4.8918
-18.5248 -4.0463 0.0808427 -4.89045
-18.5024 -4.04449 0.0808931 -4.88911
-18.48 -4.04268 0.0809435 -4.88777
-18.4576 -4.04087 0.0809941 -4.88642
-18.4352 -4.03905 0.0810447 -4.88507
-18.4128 -4.03723 0.0810955 -4.88372
-18.3904 -4.03542 0.0811464 -4.88237
-18.368 -4.0336 0.0811974 -4.88102
-18.3456 -4.03178 0.0812484 -4.87966
-18.3232 -4.02996 0.0812996 -4.87831
-18.3008 -4.02814 0.0813509 -4.87695
-18.2784 -4.02632 0.0814023 -4.87559
-18.256 -4.02449 0.0814538 -4.87423
-18.2336 -4.02267 0.0815054 -4.87287
-18.2112 -4.02084 0.0815572 -4.87151
-18.1888 -4.01901 0.081609 -4.87015
-18.1664 -4.01718 0.0816609 -4.86878
-18.144 -4.01535 0.081713 -4.86741
-18.1216 -4.01352 0.0817651 -4.86604
-18.0992 -4.01169 0.0818174 -4.86467
-18.0768 -4.00986 0.0818697 -4.8633
-18.0544 -4.00802 0.0819222 -4.86193
-18.032 -4.00619 0.0819748 -4.86055
-18.0096 -4.00435 0.0820275 -4.85918
-17.9872 -4.00251 0.0820803 -4.8578
-17.9648 -4.00067 0.0821332 -4.85642
-17.9424 -3.99883 0.0821863 -4.85504
-17.92 -3.99699 0.0822394 -4.85366
-17.8976 -3.99515 0.0822927 -4.85227
-17.8752 -3.9933 0.082346 -4.85089
-17.8528 -3.99146 0.0823995 -4.8495
-17.8304 -3.98961 0.0824531 -4.84811
-17.808 -3.98777 0.0825068 -4.84672
-17.7856 -3.98592 0.0825606 -4.84533
-17.7632 -3.98407 0.0826146 -4.84394
-17.7408 -3.98222 0.0826686 -4.84254
-17.7184 -3.98036 0.0827228 -4.84115
-17.696 -3.97851 0.0827771 -4.83975
-17.6736 -3.97665 0.0828315 -4.83835
-17.6512 -3.9748 0.082886 -4.83695
-17.6288 -3.97294 0.0829406 -4.83555
-17.6064 -3.97108 0.0829954 -4.83414
-17.584 -3.96922 0.0830502 -4.83274
-17.5616 -3.96736 0.0831052 -4.83133
-17.5392 -3.9655 0.0831603 -4.82992
-17.5168 -3.96364 0.0832155 -4.82851
-17.4944 -3.96177 0.0832709 -4.8271
-17.472 -3.95991 0.0833263 -4.82569
-17.4496 -3.95804 0.0833819 -4.82427
-17.4272 -3.95617 0.0834376 -4.82285
-17.4048 -3.9543 0.0834934 -4.82143
-17.3824 -3.95243 0.0835494 -4.82001
-17.36 -3.95056 0.0836054 -4.81859
-17.3376 -3.94868 0.0836616 -4.81717
-17.3152 -3.94681 0.0837179 -4.81574
-17.2928 -3.94493 0.0837744 -4.81432
-17.2704 -3.94306 0.0838309 -4.81289
-17.248 -3.94118 0.0838876 -4.81146
-17.2256 -3.9393 0.0839444 -4.81003
-17.2032 -3.93742 0.0840013 -4.80859
-17.1808 -3.93554 0.0840584 -4.80716
-17.1584 -3.93365 0.0841156 -4.80572
-17.136 -3.93177 0.0841729 -4.80428
-17.1136 -3.92988 0.0842303 -4.80285
-17.0912 -3.92799 0.0842879 -4.8014
-17.0688 -3.92611 0.0843455 -4.79996
-17.0464 -3.92422 0.0844033 -4.79852
-17.024 -3.92232 0.0844613 -4.79707
-17.0016 -3.92043 0.0845194 -4.79562
-16.9792 -3.91854 0.0845775 -4.79417
-16.9568 -3.91664 0.0846359 -4.79272
-16.9344 -3.91475 0.0846943 -4.79126
-16.912 -3.91285 0.0847529 -4.78981
-16.8896 -3.91095 0.0848116 -4.78835
-16.8672 -3.90905 0.0848705 -4.78689
-16.8448 -3.90715 0.0849295 -4.78543
-16.8224 -3.90524 0.0849886 -4.78397
-16.8 -3.90334 0.0850478 -4.78251
-16.7776 -3.90143 0.0851072 -4.78104
-16.7552 -3.89953 0.0851667 -4.77958
-16.7328 -3.89762 0.0852264 -4.77811
-16.7104 -3.89571 0.0852861 -4.77664
-16.688 -3.8938 0.085346 -4.77516
-16.6656 -3.89188 0.0854061 -4.77369
-16.6432 -3.88997 0.0854663 -4.77221
-16.6208 -3.88806 0.0855266 -4.77073
-16.5984 -3.88614 0.0855871 -4.76926
-16.576 -3.88422 0.0856477 -4.76777
-16.5536 -3.8823 0.0857084 -4.76629
-16.5312 -3.88038 0.0857693 -4.76481
-16.5088 -3.87846 0.0858303 -4.76332
-16.4864 -3.87654 0.0858914 -4.76183
-16.464 -3.87461 0.0859527 -4.76034
-16.4416 -3.87269 0.0860142 -4.75885
-16.4192 -3.87076 0.0860757 -4.75735
-16.3968 -3.86883 0.0861375 -4.75586
-16.3744 -3.8669 0.0861993 -4.75436
-16.352 -3.86497 0.0862613 -4.75286
-16.3296 -3.86303 0.0863235 -4.75136
-16.3072 -3.8611 0.0863857 -4.74986
-16.2848 -3.85916 0.0864482 -4.74835
-16.2624 -3.85723 0.0865107 -4.74685
-16.24 -3.85529 0.0865735 -4.74534
-16.2176 -3.85335 0.0866363 -4.74383
-16.1952 -3.85141 0.0866993 -4.74231
-16.1728 -3.84947 0.0867625 -4.7408
-16.1504 -3.84752 0.0868258 -4.73928
-16.128 -3.84558 0.0868893 -4.73777
-16.1056 -3.84363 0.0869529 -4.73625
-16.0832 -3.84168 0.0870166 -4.73472
-16.0608 -3.83973 0.0870805 -4.7332
-16.0384 -3.83778 0.0871446 -4.73168
-16.016 -3.83583 0.0872088 -4.73015
-15.9936 -3.83387 0.0872731 -4.72862
-15.9712 -3.83192 0.0873376 -4.72709
-15.9488 -3.82996 0.0874023 -4.72555
-15.9264 -3.828 0.0874671 -4.72402
-15.904 -3.82604 0.0875321 -4.72248
-15.8816 -3.82408 0.0875972 -4.72094
-15.8592 -3.82212 0.0876624 -4.7194
-15.8368 -3.82015 0.0877279 -4.71786
-15.8144 -3.81819 0.0877935 -4.71632
-15.792 -3.81622 0.0878592 -4.71477
-15.7696 -3.81425 0.0879251 -4.71322
-15.7472 -3.81228 0.0879911 -4.71167
-15.7248 -3.81031 0.0880574 -4.71012
-15.7024 -3.80833 0.0881237 -4.70856
-15.68 -3.80636 0.0881903 -4.70701
-15.6576 -3.80438 0.0882569 -4.70545
-15.6352 -3.80241 0.0883238 -4.70389
-15.6128 -3.80043 0.0883908 -4.70232
-15.5904 -3.79845 0.088458 -4.70076
-15.568 -3.79646 0.0885253 -4.69919
-15.5456 -3.79448 0.0885928 -4.69762
-15.5232 -3.79249 0.0886605 -4.69605
-15.5008 -3.79051 0.0887283 -4.69448
-15.4784 -3.78852 0.0887963 -4.69291
-15.456 -3.78653 0.0888644 -4.69133
-15.4336 -3.78454 0.0889328 -4.68975
-15.4112 -3.78255 0.0890012 -4.68817
-15.3888 -3.78055 0.0890699 -4.68659
-15.3664 -3.77856 0.0891387 -4.685
-15.344 -3.77656 0.0892077 -4.68342
-15.3216 -3.77456 0.0892769 -4.68183
-15.2992 -3.77256 0.0893462 -4.68024
-15.2768 -3.77056 0.0894157 -4.67864
-15.2544 -3.76855 0.0894854 -4.67705
-15.232 -3.76655 0.0895552 -4.67545
-15.2096 -3.76454 0.0896252 -4.67385
-15.1872 -3.76253 0.0896954 -4.67225
-15.1648 -3.76052 0.0897658 -4.67065
-15.1424 -3.75851 0.0898363 -4.66904
-15.12 -3.7565 0.0899071 -4.66743
-15.0976 -3.75448 0.089978 -4.66582
-15.0752 -3.75247 0.090049 -4.66421
-15.0528 -3.75045 0.0901203 -4.6626
-15.0304 -3.74843 0.0901917 -4.66098
-15.008 -3.74641 0.0902633 -4.65936
-14.9856 -3.74439 0.0903351 -4.65774
-14.9632 -3.74236 0.090407 -4.65612
-14.9408 -3.74033 0.0904792 -4.65449
-14.9184 -3.73831 0.0905515 -4.65287
-14.896 -3.73628 0.090624 -4.65124
-14.8736 -3.73425 0.0906967 -4.6496
-14.8512 -3.73222 0.0907696 -4.64797
-14.8288 -3.73018 0.0908426 -4.64633
-14.8064 -3.72815 0.0909159 -4.6447
-14.784 -3.72611 0.0909893 -4.64306
-14.7616 -3.72407 0.0910629 -4.64141
-14.7392 -3.72203 0.0911367 -4.63977
-14.7168 -3.71999 0.0912107 -4.63812
-14.6944 -3.71794 0.0912849 -4.63647
-14.672 -3.7159 0.0913593 -4.63482
-14.6496 -3.71385 0.0914338 -4.63317
-14.6272 -3.7118 0.0915086 -4.63151
-14.6048 -3.70975 0.0915835 -4.62985
-14.5824 -3.7077 0.0916587 -4.62819
-14.56 -3.70564 0.091734 -4.62653
-14.5376 -3.70359 0.0918095 -4.62486
-14.5152 -3.70153 0.0918853 -4.62319
-14.4928 -3.69947 0.0919612 -4.62152
-14.4704 -3.69741 0.0920373 -4.61985
-14.448 -3.69535 0.0921136 -4.61818
-14.4256 -3.69328 0.0921901 -4.6165
-14.4032 -3.69122 0.0922668 -4.61482
-14.3808 -3.68915 0.0923438 -4.61314
-14.3584 -3.68708 0.0924209 -4.61146
-14.336 -3.68501 0.0924982 -4.60977
-14.3136 -3.68294 0.0925757 -4.60808
-14.2912 -3.68086 0.0926534 -4.60639
-14.2688 -3.67879 0.0927313 -4.6047
-14.2464 -3.67671 0.0928095 -4.603
-14.224 -3.67463 0.0928878 -4.6013
-14.2016 -3.67255 0.0929664 -4.5996
-14.1792 -3.67046 0.0930451 -4.5979
-14.1568 -3.66838 0.0931241 -4.59619
-14.1344 -3.66629 0.0932032 -4.59449
-14.112 -3.6642 0.0932826 -4.59278
-14.0896 -3.66211 0.0933622 -4.59106
-14.0672 -3.66002 0.093442 -4.58935
-14.0448 -3.65793 0.093522 -4.58763
-14.0224 -3.65583 0.0936023 -4.58591
-14 -3.65373 0.0936827 -4.58419
-13.9776 -3.65163 0.0937634 -4.58246
-13.9552 -3.64953 0.0938442 -4.58074
-13.9328 -3.64743 0.0939253 -4.57901
-13.9104 -3.64532 0.0940066 -4.57727
-13.888 -3.64322 0.0940882 -4.57554
-13.8656 -3.64111 0.0941699 -4.5738
-13.8432 -3.639 0.0942519 -4.57206
-13.8208 -3.63689 0.0943341 -4.57032
-13.7984 -3.63477 0.0944165 -4.56857
-13.776 -3.63266 0.0944992 -4.56683
-13.7536 -3.63054 0.094582 -4.56508
-13.7312 -3.62842 0.0946651 -4.56332
-13.7088 -3.6263 0.0947485 -4.56157
-13.6864 -3.62417 0.094832 -4.55981
-13.664 -3.62205 0.0949158 -4.55805
-13.6416 -3.61992 0.0949998 -4.55629
-13.6192 -3.61779 0.095084 -4.55452
-13.5968 -3.61566 0.0951685 -4.55275
-13.5744 -3.61353 0.0952532 -4.55098
-13.552 -3.6114 0.0953382 -4.54921
-13.5296 -3.60926 0.0954233 -4.54743
-13.5072 -3.60712 0.0955087 -4.54565
-13.4848 -3.60498 0.0955944 -4.54387
-13.4624 -3.60284 0.0956803 -4.54209
-13.44 -3.60069 0.0957664 -4.5403
-13.4176 -3.59855 0.0958528 -4.53851
-13.3952 -3.5964 0.0959394 -4.53672
-13.3728 -3.59425 0.0960262 -4.53493
-13.3504 -3.5921 0.0961133 -4.53313
-13.328 -3.58994 0.0962007 -4.53133
-13.3056 -3.58779 0.0962882 -4.52952
-13.2832 -3.58563 0.0963761 -4.52772
-13.2608 -3.58347 0.0964641 -4.52591
-13.2384 -3.58131 0.0965525 -4.5241
-13.216 -3.57914 0.096641 -4.52229
-13.1936 -3.57698 0.0967299 -4.52047
-13.1712 -3.57481 0.096819 -4.51865
-13.1488 -3.57264 0.0969083 -4.51683
-13.1264 -3.57047 0.0969979 -4.515
-13.104 -3.5683 0.0970877 -4.51317
-13.0816 -3.56612 0.0971778 -4.51134
-13.0592 -3.56394 0.0972682 -4.50951
-13.0368 -3.56176 0.0973588 -4.50767
-13.0144 -3.55958 0.0974497 -4.50583
-12.992 -3.5574 0.0975408 -4.50399
-12.9696 -3.55521 0.0976322 -4.50215
-12.9472 -3.55302 0.0977239 -4.5003
-12.9248 -3.55083 0.0978158 -4.49845
-12.9024 -3.54864 0.097908 -4.4966
-12.88 -3.54645 0.0980005 -4.49474
-12.8576 -3.54425 0.0980932 -4.49288
-12.8352 -3.54205 0.0981862 -4.49102
-12.8128 -3.53985 0.0982795 -4.48915
-12.7904 -3.53765 0.098373 -4.48729
-12.768 -3.53544 0.0984669 -4.48541
-12.7456 -3.53324 0.098561 -4.48354
-12.7232 -3.53103 0.0986553 -4.48166
-12.7008 -3.52882 0.09875 -4.47978
-12.6784 -3.5266 0.0988449 -4.4779
-12.656 -3.52439 0.0989401 -4.47602
-12.6336 -3.52217 0.0990356 -4.47413
-12.6112 -3.51995 0.0991314 -4.47223
-12.5888 -3.51773 0.0992275 -4.47034
-12.5664 -3.51551 0.0993238 -4.46844
-12.544 -3.51328 0.0994204 -4.46654
-12.5216 -3.51105 0.0995174 -4.46464
-12.4992 -3.50882 0.0996146 -4.46273
-12.4768 -3.50659 0.0997121 -4.46082
-12.4544 -3.50436 0.0998099 -4.45891
-12.432 -3.50212 0.0999079 -4.45699
-12.4096 -3.49988 0.100006 -4.45507
-12.3872 -3.49764 0.100105 -4.45315
-12.3648 -3.4954 0.100204 -4.45122
-12.3424 -3.49315 0.100303 -4.44929
-12.32 -3.4909 0.100403 -4.44736
-12.2976 -3.48865 0.100503 -4.44542
-12.2752 -3.4864 0.100603 -4.44349
-12.2528 -3.48414 0.100703 -4.44154
-12.2304 -3.48189 0.100804 -4.4396
-12.208 -3.47963 0.100905 -4.43765
-12.1856 -3.47737 0.101007 -4.4357
-12.1632 -3.4751 0.101108 -4.43375
-12.1408 -3.47284 0.10121 -4.43179
-12.1184 -3.47057 0.101313 -4.42983
-12.096 -3.4683 0.101415 -4.42786
-12.0736 -3.46603 0.101518 -4.4259
-12.0512 -3.46375 0.101622 -4.42392
-12.0288 -3.46147 0.101725 -4.42195
-12.0064 -3.45919 0.101829 -4.41997
-11.984 -3.45691 0.101934 -4.41799
-11.9616 -3.45463 0.102038 -4.41601
-11.9392 -3.45234 0.102143 -4.41402
-11.9168 -3.45005 0.102248 -4.41203
-11.8944 -3.44776 0.102354 -4.41004
-11.872 -3.44547 0.10246 -4.40804
-11.8496 -3.44317 0.102566 -4.40604
-11.8272 -3.44087 0.102673 -4.40403
-11.8048 -3.43857 0.102779 -4.40202
-11.7824 -3.43627 0.102887 -4.40001
-11.76 -3.43396 0.102994 -4.398
-11.7376 -3.43165 0.103102 -4.39598
-11.7152 -3.42934 0.103211 -4.39396
-11.6928 -3.42703 0.103319 -4.39193
-11.6704 -3.42471 0.103428 -4.3899
-11.648 -3.42239 0.103537 -4.38787
-11.6256 -3.42007 0.103647 -4.38584
-11.6032 -3.41775 0.103757 -4.3838
-11.5808 -3.41543 0.103867 -4.38175
-11.5584 -3.4131 0.103978 -4.37971
-11.536 -3.41077 0.104089 -4.37766
-11.5136 -3.40843 0.104201 -4.3756
-11.4912 -3.4061 0.104312 -4.37355
-11.4688 -3.40376 0.104425 -4.37149
-11.4464 -3.40142 0.104537 -4.36942
-11.424 -3.39908 0.10465 -4.36735
-11.4016 -3.39673 0.104763 -4.36528
-11.3792 -3.39438 0.104877 -4.36321
-11.3568 -3.39203 0.104991 -4.36113
-11.3344 -3.38968 0.105105 -4.35904
-11.312 -3.38733 0.10522 -4.35696
-11.2896 -3.38497 0.105335 -4.35487
-11.2672 -3.38261 0.105451 -4.35277
-11.2448 -3.38024 0.105567 -4.35067
-11.2224 -3.37788 0.105683 -4.34857
-11.2 -3.37551 0.1058 -4.34647
-11.1776 -3.37314 0.105917 -4.34436
-11.1552 -3.37076 0.106034 -4.34224
-11.1328 -3.36839 0.106152 -4.34013
-11.1104 -3.36601 0.10627 -4.33801
-11.088 -3.36363 0.106389 -4.33588
-11.0656 -3.36124 0.106508 -4.33375
-11.0432 -3.35885 0.106627 -4.33162
-11.0208 -3.35646 0.106747 -4.32948
-10.9984 -3.35407 0.106867 -4.32734
-10.976 -3.35168 0.106988 -4.3252
-10.9536 -3.34928 0.107109 -4.32305
-10.9312 -3.34688 0.10723 -4.3209
-10.9088 -3.34447 0.107352 -4.31874
-10.8864 -3.34207 0.107475 -4.31658
-10.864 -3.33966 0.107597 -4.31442
-10.8416 -3.33725 0.10772 -4.31225
-10.8192 -3.33483 0.107844 -4.31008
-10.7968 -3.33242 0.107968 -4.3079
-10.7744 -3.33 0.108092 -4.30572
-10.752 -3.32757 0.108217 -4.30354
-10.7296 -3.32515 0.108342 -4.30135
-10.7072 -3.32272 0.108468 -4.29915
-10.6848 -3.32029 0.108594 -4.29696
-10.6624 -3.31786 0.108721 -4.29476
-10.64 -3.31542 0.108848 -4.29255
-10.6176 -3.31298 0.108975 -4.29034
-10.5952 -3.31054 0.109103 -4.28813
-10.5728 -3.30809 0.109231 -4.28591
-10.5504 -3.30564 0.10936 -4.28369
-10.528 -3.30319 0.109489 -4.28146
-10.5056 -3.30074 0.109619 -4.27923
-10.4832 -3.29828 0.109749 -4.27699
-10.4608 -3.29582 0.10988 -4.27475
-10.4384 -3.29336 0.110011 -4.27251
-10.416 -3.29089 0.110143 -4.27026
-10.3936 -3.28842 0.110275 -4.26801
-10.3712 -3.28595 0.110407 -4.26575
-10.3488 -3.28348 0.11054 -4.26349
-10.3264 -3.281 0.110674 -4.26123
-10.304 -3.27852 0.110808 -4.25896
-10.2816 -3.27604 0.110942 -4.25668
-10.2592 -3.27355 0.111077 -4.2544
-10.2368 -3.27106 0.111212 -4.25212
-10.2144 -3.26857 0.111348 -4.24983
-10.192 -3.26607 0.111484 -4.24754
-10.1696 -3.26357 0.111621 -4.24524
-10.1472 -3.26107 0.111759 -4.24294
-10.1248 -3.25857 0.111897 -4.24063
-10.1024 -3.25606 0.112035 -4.23832
-10.08 -3.25355 0.112174 -4.236
-10.0576 -3.25103 0.112313 -4.23368
-10.0352 -3.24852 0.112453 -4.23136
-10.0128 -3.24599 0.112594 -4.22903
-9.9904 -3.24347 0.112735 -4.22669
-9.968 -3.24094 0.112876 -4.22435
-9.9456 -3.23841 0.113018 -4.22201
-9.9232 -3.23588 0.11316 -4.21966
-9.9008 -3.23334 0.113304 -4.2173
-9.8784 -3.2308 0.113447 -4.21495
-9.856 -3.22826 0.113591 -4.21258
-9.8336 -3.22572 0.113736 -4.21021
-9.8112 -3.22317 0.113881 -4.20784
-9.7888 -3.22061 0.114027 -4.20546
-9.7664 -3.21806 0.114173 -4.20308
-9.744 -3.2155 0.11432 -4.20069
-9.7216 -3.21294 0.114468 -4.1983
-9.6992 -3.21037 0.114616 -4.1959
-9.6768 -3.2078 0.114764 -4.1935
-9.6544 -3.20523 0.114913 -4.19109
-9.632 -3.20265 0.115063 -4.18867
-9.6096 -3.20007 0.115213 -4.18626
-9.5872 -3.19749 0.115364 -4.18383
-9.5648 -3.19491 0.115515 -4.1814
-9.5424 -3.19232 0.115667 -4.17897
-9.52 -3.18972 0.11582 -4.17653
-9.4976 -3.18713 0.115973 -4.17409
-9.4752 -3.18453 0.116127 -4.17164
-9.4528 -3.18193 0.116281 -4.16918
-9.4304 -3.17932 0.116436 -4.16672
-9.408 -3.17671 0.116592 -4.16426
-9.3856 -3.1741 0.116748 -4.16179
-9.3632 -3.17148 0.116905 -4.15931
-9.3408 -3.16886 0.117063 -4.15683
-9.3184 -3.16623 0.117221 -4.15434
-9.296 -3.16361 0.117379 -4.15185
-9.2736 -3.16098 0.117539 -4.14935
-9.2512 -3.15834 0.117699 -4.14685
-9.2288 -3.1557 0.117859 -4.14434
-9.2064 -3.15306 0.118021 -4.14182
-9.184 -3.15042 0.118182 -4.1393
-9.1616 -3.14777 0.118345 -4.13678
-9.1392 -3.14511 0.118508 -4.13425
-9.1168 -3.14246 0.118672 -4.13171
-9.0944 -3.1398 0.118837 -4.12917
-9.072 -3.13713 0.119002 -4.12662
-9.0496 -3.13447 0.119168 -4.12407
-9.0272 -3.1318 0.119334 -4.12151
-9.0048 -3.12912 0.119501 -4.11894
-8.9824 -3.12644 0.119669 -4.11637
-8.96 -3.12376 0.119838 -4.11379
-8.9376 -3.12107 0.120007 -4.11121
-8.9152 -3.11838 0.120177 -4.10862
-8.8928 -3.11569 0.120348 -4.10603
-8.8704 -3.11299 0.120519 -4.10343
-8.848 -3.11029 0.120691 -4.10082
-8.8256 -3.10758 0.120864 -4.09821
-8.8032 -3.10487 0.121038 -4.09559
-8.7808 -3.10216 0.121212 -4.09297
-8.7584 -3.09944 0.121387 -4.09033
-8.736 -3.09672 0.121563 -4.0877
-8.7136 -3.094 0.121739 -4.08505
-8.6912 -3.09127 0.121917 -4.08241
-8.6688 -3.08854 0.122095 -4.07975
-8.6464 -3.0858 0.122273 -4.07709
-8.624 -3.08306 0.122453 -4.07442
-8.6016 -3.08031 0.122633 -4.07175
-8.5792 -3.07756 0.122814 -4.06907
-8.5568 -3.07481 0.122996 -4.06638
-8.5344 -3.07205 0.123179 -4.06369
-8.512 -3.06929 0.123362 -4.06099
-8.4896 -3.06653 0.123546 -4.05828
-8.4672 -3.06376 0.123731 -4.05557
-8.4448 -3.06098 0.123917 -4.05285
-8.4224 -3.05821 0.124104 -4.05012
-8.4 -3.05542 0.124291 -4.04739
-8.3776 -3.05264 0.124479 -4.04465
-8.3552 -3.04985 0.124668 -4.0419
-8.3328 -3.04705 0.124858 -4.03915
-8.3104 -3.04425 0.125049 -4.03639
-8.288 -3.04145 0.12524 -4.03363
-8.2656 -3.03864 0.125433 -4.03085
-8.2432 -3.03583 0.125626 -4.02807
-8.2208 -3.03302 0.12582 -4.02529
-8.1984 -3.0302 0.126015 -4.02249
-8.176 -3.02737 0.126211 -4.01969
-8.1536 -3.02454 0.126408 -4.01689
-8.1312 -3.02171 0.126606 -4.01407
-8.1088 -3.01887 0.126804 -4.01125
-8.0864 -3.01603 0.127004 -4.00842
-8.064 -3.01318 0.127204 -4.00559
-8.0416 -3.01033 0.127405 -4.00274
-8.0192 -3.00747 0.127607 -3.99989
-7.9968 -3.00461 0.12781 -3.99704
-7.9744 -3.00175 0.128015 -3.99417
-7.952 -2.99888 0.128219 -3.9913
-7.9296 -2.996 0.128425 -3.98842
-7.9072 -2.99312 0.128632 -3.98553
-7.8848 -2.99024 0.12884 -3.98264
-7.8624 -2.98735 0.129049 -3.97974
-7.84 -2.98446 0.129259 -3.97683
-7.8176 -2.98156 0.129469 -3.97391
-7.7952 -2.97866 0.129681 -3.97099
-7.7728 -2.97575 0.129894 -3.96806
-7.7504 -2.97284 0.130108 -3.96512
-7.728 -2.96992 0.130322 -3.96217
-7.7056 -2.967 0.130538 -3.95921
-7.6832 -2.96407 0.130755 -3.95625
-7.6608 -2.96114 0.130973 -3.95328
-7.6384 -2.95821 0.131192 -3.9503
-7.616 -2.95526 0.131412 -3.94731
-7.5936 -2.95232 0.131633 -3.94432
-7.5712 -2.94937 0.131855 -3.94131
-7.5488 -2.94641 0.132078 -3.9383
-7.5264 -2.94345 0.132302 -3.93528
-7.504 -2.94048 0.132527 -3.93226
-7.4816 -2.93751 0.132753 -3.92922
-7.4592 -2.93454 0.132981 -3.92618
-7.4368 -2.93155 0.13321 -3.92313
-7.4144 -2.92857 0.133439 -3.92007
-7.392 -2.92558 0.13367 -3.917
-7.3696 -2.92258 0.133902 -3.91392
-7.3472 -2.91958 0.134135 -3.91083
-7.3248 -2.91657 0.13437 -3.90774
-7.3024 -2.91356 0.134605 -3.90463
-7.28 -2.91054 0.134842 -3.90152
-7.2576 -2.90752 0.13508 -3.8984
-7.2352 -2.90449 0.135319 -3.89527
-7.2128 -2.90146 0.135559 -3.89213
-7.1904 -2.89842 0.1358 -3.88899
-7.168 -2.89537 0.136043 -3.88583
-7.1456 -2.89232 0.136287 -3.88267
-7.1232 -2.88927 0.136532 -3.87949
-7.1008 -2.8862 0.136779 -3.87631
-7.0784 -2.88314 0.137026 -3.87312
-7.056 -2.88007 0.137275 -3.86992
-7.0336 -2.87699 0.137525 -3.8667
-7.0112 -2.8739 0.137777 -3.86348
-6.9888 -2.87082 0.13803 -3.86025
-6.9664 -2.86772 0.138284 -3.85702
-6.944 -2.86462 0.138539 -3.85377
-6.9216 -2.86151 0.138796 -3.85051
-6.8992 -2.8584 0.139055 -3.84724
-6.8768 -2.85528 0.139314 -3.84396
-6.8544 -2.85216 0.139575 -3.84068
-6.832 -2.84903 0.139837 -3.83738
-6.8096 -2.8459 0.140101 -3.83407
-6.7872 -2.84276 0.140366 -3.83076
-6.7648 -2.83961 0.140633 -3.82743
-6.7424 -2.83645 0.140901 -3.82409
-6.72 -2.8333 0.14117 -3.82075
-6.6976 -2.83013 0.141441 -3.81739
-6.6752 -2.82696 0.141713 -3.81402
-6.6528 -2.82378 0.141987 -3.81065
-6.6304 -2.8206 0.142262 -3.80726
-6.608 -2.81741 0.142539 -3.80386
-6.5856 -2.81421 0.142818 -3.80045
-6.5632 -2.81101 0.143098 -3.79703
-6.5408 -2.8078 0.143379 -3.7936
-6.5184 -2.80459 0.143662 -3.79016
-6.496 -2.80137 0.143947 -3.78671
-6.4736 -2.79814 0.144233 -3.78325
-6.4512 -2.7949 0.144521 -3.77977
-6.4288 -2.79166 0.14481 -3.77629
-6.4064 -2.78842 0.145101 -3.77279
-6.384 -2.78516 0.145394 -3.76929
-6.3616 -2.7819 0.145688 -3.76577
-6.3392 -2.77864 0.145984 -3.76224
-6.3168 -2.77536 0.146282 -3.7587
-6.2944 -2.77208 0.146581 -3.75515
-6.272 -2.7688 0.146882 -3.75159
-6.2496 -2.7655 0.147185 -3.74801
-6.2272 -2.7622 0.14749 -3.74442
-6.2048 -2.75889 0.147796 -3.74083
-6.1824 -2.75558 0.148104 -3.73722
-6.16 -2.75226 0.148414 -3.73359
-6.1376 -2.74893 0.148726 -3.72996
-6.1152 -2.7456 0.14904 -3.72631
-6.0928 -2.74225 0.149355 -3.72266
-6.0704 -2.73891 0.149673 -3.71899
-6.048 -2.73555 0.149992 -3.7153
-6.0256 -2.73219 0.150313 -3.71161
-6.0032 -2.72881 0.150636 -3.7079
-5.9808 -2.72544 0.150961 -3.70418
-5.9584 -2.72205 0.151288 -3.70045
-5.936 -2.71866 0.151617 -3.6967
-5.9136 -2.71526 0.151948 -3.69294
-5.8912 -2.71185 0.152281 -3.68917
-5.8688 -2.70844 0.152616 -3.68538
-5.8464 -2.70501 0.152953 -3.68159
-5.824 -2.70158 0.153293 -3.67777
-5.8016 -2.69815 0.153634 -3.67395
-5.7792 -2.6947 0.153977 -3.67011
-5.7568 -2.69125 0.154323 -3.66626
-5.7344 -2.68779 0.154671 -3.6624
-5.712 -2.68432 0.15502 -3.65852
-5.6896 -2.68084 0.155373 -3.65462
-5.6672 -2.67736 0.155727 -3.65072
-5.6448 -2.67387 0.156083 -3.6468
-5.6224 -2.67037 0.156442 -3.64286
-5.6 -2.66686 0.156803 -3.63891
-5.5776 -2.66334 0.157167 -3.63495
-5.5552 -2.65982 0.157533 -3.63097
-5.5328 -2.65628 0.157901 -3.62698
-5.5104 -2.65274 0.158272 -3.62297
-5.488 -2.64919 0.158645 -3.61895
-5.4656 -2.64564 0.15902 -3.61491
-5.4432 -2.64207 0.159398 -3.61086
-5.4208 -2.63849 0.159778 -3.60679
-5.3984 -2.63491 0.160161 -3.60271
-5.376 -2.63132 0.160547 -3.59861
-5.3536 -2.62772 0.160935 -3.59449
-5.3312 -2.62411 0.161325 -3.59037
-5.3088 -2.62049 0.161719 -3.58622
-5.2864 -2.61686 0.162115 -3.58206
-5.264 -2.61323 0.162513 -3.57788
-5.2416 -2.60958 0.162914 -3.57369
-5.2192 -2.60593 0.163318 -3.56948
-5.1968 -2.60227 0.163725 -3.56525
-5.1744 -2.5986 0.164135 -3.56101
-5.152 -2.59491 0.164547 -3.55675
-5.1296 -2.59122 0.164963 -3.55248
-5.1072 -2.58752 0.165381 -3.54818
-5.0848 -2.58381 0.165802 -3.54387
-5.0624 -2.5801 0.166226 -3.53954
-5.04 -2.57637 0.166653 -3.5352
-5.0176 -2.57263 0.167084 -3.53084
-4.9952 -2.56888 0.167517 -3.52646
-4.9728 -2.56512 0.167953 -3.52206
-4.9504 -2.56136 0.168392 -3.51764
-4.928 -2.55758 0.168835 -3.51321
-4.9056 -2.55379 0.169281 -3.50876
-4.8832 -2.55 0.16973 -3.50429
-4.8608 -2.54619 0.170182 -3.4998
-4.8384 -2.54237 0.170638 -3.49529
-4.816 -2.53855 0.171097 -3.49076
-4.7936 -2.53471 0.171559 -3.48621
-4.7712 -2.53086 0.172025 -3.48165
-4.7488 -2.527 0.172494 -3.47706
-4.7264 -2.52313 0.172967 -3.47246
-4.704 -2.51925 0.173443 -3.46784
-4.6816 -2.51536 0.173923 -3.46319
-4.6592 -2.51146 0.174407 -3.45853
-4.6368 -2.50755 0.174894 -3.45384
-4.6144 -2.50363 0.175385 -3.44914
-4.592 -2.49969 0.17588 -3.44441
-4.5696 -2.49575 0.176379 -3.43966
-4.5472 -2.49179 0.176881 -3.43489
-4.5248 -2.48782 0.177388 -3.43011
-4.5024 -2.48384 0.177898 -3.42529
-4.48 -2.47985 0.178413 -3.42046
-4.4576 -2.47585 0.178931 -3.41561
-4.4352 -2.47184 0.179454 -3.41073
-4.4128 -2.46781 0.179981 -3.40583
-4.3904 -2.46377 0.180512 -3.40091
-4.368 -2.45972 0.181047 -3.39597
-4.3456 -2.45566 0.181586 -3.391
-4.3232 -2.45159 0.18213 -3.38601
-4.3008 -2.4475 0.182679 -3.381
-4.2784 -2.4434 0.183232 -3.37596
-4.256 -2.43929 0.183789 -3.3709
-4.2336 -2.43517 0.184352 -3.36581
-4.2112 -2.43103 0.184918 -3.3607
-4.1888 -2.42689 0.18549 -3.35557
-4.1664 -2.42272 0.186066 -3.35041
-4.144 -2.41855 0.186648 -3.34523
-4.1216 -2.41436 0.187234 -3.34002
-4.0992 -2.41016 0.187825 -3.33478
-4.0768 -2.40595 0.188421 -3.32952
-4.0544 -2.40172 0.189023 -3.32424
-4.032 -2.39748 0.189629 -3.31892
-4.0096 -2.39322 0.190241 -3.31358
-3.9872 -2.38896 0.190859 -3.30822
-3.9648 -2.38467 0.191481 -3.30282
-3.9424 -2.38038 0.19211 -3.2974
-3.92 -2.37607 0.192743 -3.29195
-3.8976 -2.37174 0.193383 -3.28648
-3.8752 -2.3674 0.194028 -3.28097
-3.8528 -2.36305 0.194679 -3.27544
-3.8304 -2.35868 0.195336 -3.26987
-3.808 -2.3543 0.195999 -3.26428
-3.7856 -2.3499 0.196669 -3.25866
-3.7632 -2.34549 0.197344 -3.25301
-3.7408 -2.34106 0.198025 -3.24733
-3.7184 -2.33662 0.198713 -3.24161
-3.696 -2.33216 0.199408 -3.23587
-3.6736 -2.32768 0.200109 -3.23009
-3.6512 -2.32319 0.200816 -3.22429
-3.6288 -2.31869 0.201531 -3.21845
-3.6064 -2.31416 0.202252 -3.21258
-3.584 -2.30963 0.20298 -3.20667
-3.5616 -2.30507 0.203715 -3.20074
-3.5392 -2.3005 0.204458 -3.19477
-3.5168 -2.29591 0.205208 -3.18876
-3.4944 -2.29131 0.205965 -3.18272
-3.472 -2.28668 0.206729 -3.17665
-3.4496 -2.28204 0.207502 -3.17054
-3.4272 -2.27739 0.208282 -3.1644
-3.4048 -2.27271 0.20907 -3.15822
-3.3824 -2.26802 0.209866 -3.152
-3.36 -2.26331 0.21067 -3.14575
-3.3376 -2.25858 0.211482 -3.13946
-3.3152 -2.25384 0.212303 -3.13313
-3.2928 -2.24907 0.213133 -3.12677
-3.2704 -2.24429 0.213971 -3.12036
-3.248 -2.23949 0.214818 -3.11392
-3.2256 -2.23466 0.215674 -3.10743
-3.2032 -2.22982 0.216539 -3.10091
-3.1808 -2.22496 0.217413 -3.09434
-3.1584 -2.22008 0.218297 -3.08774
-3.136 -2.21518 0.21919 -3.08109
-3.1136 -2.21026 0.220094 -3.0744
-3.0912 -2.20532 0.221007 -3.06767
-3.0688 -2.20036 0.22193 -3.06089
-3.0464 -2.19538 0.222864 -3.05407
-3.024 -2.19038 0.223808 -3.04721
-3.0016 -2.18535 0.224763 -3.0403
-2.9792 -2.18031 0.225729 -3.03334
-2.9568 -2.17524 0.226706 -3.02634
-2.9344 -2.17015 0.227694 -3.01929
-2.912 -2.16504 0.228694 -3.01219
-2.8896 -2.15991 0.229705 -3.00505
-2.8672 -2.15475 0.230729 -2.99785
-2.8448 -2.14957 0.231764 -2.99061
-2.8224 -2.14437 0.232812 -2.98332
-2.8 -2.13914 0.233873 -2.97597
-2.7776 -2.13389 0.234946 -2.96857
-2.7552 -2.12861 0.236033 -2.96112
-2.7328 -2.12331 0.237133 -2.95362
-2.7104 -2.11799 0.238246 -2.94606
-2.688 -2.11264 0.239374 -2.93845
-2.6656 -2.10727 0.240516 -2.93078
-2.6432 -2.10187 0.241672 -2.92305
-2.6208 -2.09644 0.242843 -2.91527
-2.5984 -2.09099 0.244029 -2.90743
-2.576 -2.08551 0.24523 -2.89952
-2.5536 -2.08 0.246447 -2.89156
-2.5312 -2.07447 0.247681 -2.88354
-2.5088 -2.0689 0.24893 -2.87545
-2.4864 -2.06331 0.250197 -2.86731
-2.464 -2.05769 0.25148 -2.85909
-2.4416 -2.05205 0.252781 -2.85081
-2.4192 -2.04637 0.254099 -2.84247
-2.3968 -2.04066 0.255436 -2.83406
-2.3744 -2.03493 0.256792 -2.82558
-2.352 -2.02916 0.258166 -2.81703
-2.3296 -2.02336 0.259561 -2.80841
-2.3072 -2.01753 0.260975 -2.79971
-2.2848 -2.01167 0.262409 -2.79094
-2.2624 -2.00577 0.263864 -2.7821
-2.24 -1.99985 0.265341 -2.77319
-2.2176 -1.99389 0.266839 -2.76419
-2.1952 -1.98789 0.26836 -2.75512
-2.1728 -1.98186 0.269903 -2.74596
-2.1504 -1.9758 0.27147 -2.73673
-2.128 -1.9697 0.273061 -2.72741
-2.1056 -1.96357 0.274677 -2.71801
-2.0832 -1.9574 0.276318 -2.70852
-2.0608 -1.95119 0.277985 -2.69894
-2.0384 -1.94494 0.279678 -2.68927
-2.016 -1.93866 0.281398 -2.67952
-1.9936 -1.93234 0.283147 -2.66966
-1.9712 -1.92597 0.284923 -2.65972
-1.9488 -1.91957 0.28673 -2.64968
-1.9264 -1.91313 0.288566 -2.63954
-1.904 -1.90664 0.290433 -2.62929
-1.8816 -1.90012 0.292332 -2.61895
-1.8592 -1.89355 0.294264 -2.6085
-1.8368 -1.88693 0.296229 -2.59794
-1.8144 -1.88028 0.298229 -2.58728
-1.792 -1.87357 0.300264 -2.5765
-1.7696 -1.86682 0.302336 -2.56561
-1.7472 -1.86003 0.304445 -2.5546
-1.7248 -1.85318 0.306593 -2.54348
-1.7024 -1.84629 0.30878 -2.53223
-1.68 -1.83935 0.311009 -2.52086
-1.6576 -1.83236 0.313279 -2.50936
-1.6352 -1.82531 0.315593 -2.49773
-1.6128 -1.81822 0.317952 -2.48596
-1.5904 -1.81107 0.320357 -2.47406
-1.568 -1.80387 0.32281 -2.46202
-1.5456 -1.79661 0.325311 -2.44984
-1.5232 -1.78929 0.327864 -2.43751
-1.5008 -1.78192 0.330468 -2.42503
-1.4784 -1.77449 0.333127 -2.4124
-1.456 -1.76699 0.335842 -2.39961
-1.4336 -1.75944 0.338615 -2.38666
-1.4112 -1.75182 0.341447 -2.37354
-1.3888 -1.74414 0.344342 -2.36025
-1.3664 -1.7364 0.3473 -2.34679
-1.344 -1.72858 0.350325 -2.33315
-1.3216 -1.7207 0.353418 -2.31932
-1.2992 -1.71275 0.356583 -2.3053
-1.2768 -1.70473 0.359821 -2.29109
-1.2544 -1.69663 0.363137 -2.27667
-1.232 -1.68846 0.366532 -2.26205
-1.2096 -1.68021 0.370009 -2.24722
-1.1872 -1.67188 0.373573 -2.23217
-1.1648 -1.66347 0.377225 -2.21689
-1.1424 -1.65498 0.380971 -2.20138
-1.12 -1.6464 0.384814 -2.18563
-1.0976 -1.63774 0.388757 -2.16964
-1.0752 -1.62899 0.392806 -2.15338
-1.0528 -1.62014 0.396964 -2.13687
-1.0304 -1.6112 0.401236 -2.12008
-1.008 -1.60216 0.405628 -2.103
-0.9856 -1.59303 0.410145 -2.08564
-0.9632 -1.58379 0.414792 -2.06797
-0.9408 -1.57444 0.419576 -2.04999
-0.9184 -1.56499 0.424503 -2.03169
-0.896 -1.55543 0.429581 -2.01305
-0.8736 -1.54575 0.434816 -1.99406
-0.8512 -1.53594 0.440216 -1.97471
-0.8288 -1.52602 0.44579 -1.95498
-0.8064 -1.51597 0.451547 -1.93486
-0.784 -1.50579 0.457496 -1.91433
-0.7616 -1.49547 0.463649 -1.89337
-0.7392 -1.48502 0.470015 -1.87197
-0.7168 -1.47442 0.476608 -1.85011
-0.6944 -1.46366 0.48344 -1.82776
-0.672 -1.45276 0.490525 -1.80491
-0.6496 -1.44169 0.497878 -1.78152
-0.6272 -1.43045 0.505516 -1.75759
-0.6048 -1.41904 0.513457 -1.73307
-0.5824 -1.40744 0.52172 -1.70793
-0.56 -1.39566 0.530325 -1.68216
-0.5376 -1.38368 0.539297 -1.6557
-0.5152 -1.3715 0.548659 -1.62853
-0.4928 -1.3591 0.55844 -1.60061
-0.4704 -1.34648 0.56867 -1.57189
-0.448 -1.33362 0.579381 -1.54232
-0.4256 -1.32052 0.590611 -1.51186
-0.4032 -1.30716 0.6024 -1.48044
-0.3808 -1.29352 0.614792 -1.44801
-0.3584 -1.27961 0.627836 -1.41449
-0.336 -1.26539 0.641589 -1.37981
-0.3136 -1.25086 0.65611 -1.34389
-0.2912 -1.23599 0.67147 -1.30663
-0.2688 -1.22077 0.687743 -1.26793
-0.2464 -1.20517 0.705018 -1.22768
-0.224 -1.18918 0.723391 -1.18574
-0.2016 -1.17276 0.74297 -1.14197
-0.1792 -1.15588 0.76388 -1.0962
-0.1568 -1.13852 0.786261 -1.04824
-0.1344 -1.12065 0.810268 -0.997867
-0.112 -1.10221 0.836081 -0.944841
-0.0896 -1.08318 0.863899 -0.888867
-0.0672 -1.06349 0.893946 -0.829608
-0.0448 -1.04311 0.926466 -0.766672
-0.0224 -1.02197 0.961726 -0.699594
0 -1 1 -0.627832
0.0034 -0.99659 1.00609 -0.616491
0.0068 -0.993159 1.01226 -0.605026
0.0102 -0.989706 1.0185 -0.593433
0.0136 -0.986233 1.02482 -0.581709
0.017 -0.982737 1.03122 -0.569854
0.0204 -0.97922 1.0377 -0.557862
0.0238 -0.975681 1.04426 -0.545733
0.0272 -0.972119 1.0509 -0.533463
0.0306 -0.968535 1.05763 -0.521049
0.034 -0.964927 1.06443 -0.508487
0.0374 -0.961296 1.07132 -0.495777
0.0408 -0.957642 1.07829 -0.482913
0.0442 -0.953964 1.08534 -0.469893
0.0476 -0.950262 1.09248 -0.456713
0.051 -0.946535 1.0997 -0.443372
0.0544 -0.942784 1.107 -0.429864
0.0578 -0.939007 1.11438 -0.416186
0.0612 -0.935206 1.12185 -0.402336
0.0646 -0.931379 1.12939 -0.388309
0.068 -0.927526 1.13702 -0.374102
0.0714 -0.923647 1.14472 -0.359712
0.0748 -0.919742 1.15251 -0.345134
0.0782 -0.91581 1.16037 -0.330365
0.0816 -0.911851 1.1683 -0.315401
0.085 -0.907865 1.17631 -0.300239
0.0884 -0.903852 1.18438 -0.284874
0.0918 -0.899811 1.19253 -0.269303
0.0952 -0.895743 1.20073 -0.253521
0.0986 -0.891646 1.209 -0.237526
0.102 -0.887522 1.21732 -0.221313
0.1054 -0.883368 1.22569 -0.204878
0.1088 -0.879187 1.2341 -0.188218
0.1122 -0.874977 1.24256 -0.171329
0.1156 -0.870737 1.25105 -0.154207
0.119 -0.866469 1.25957 -0.13685
0.1224 -0.862172 1.2681 -0.119253
0.1258 -0.857846 1.27664 -0.101413
0.1292 -0.853491 1.28519 -0.0833285
0.1326 -0.849107 1.29373 -0.0649954
0.136 -0.844694 1.30224 -0.0464113
0.1394 -0.840252 1.31073 -0.027574
0.1428 -0.835781 1.31918 -0.00848156
0.1462 -0.831281 1.32757 0.0108678
0.1496 -0.826754 1.33589 0.0304754
0.153 -0.822197 1.34412 0.0503422
0.1564 -0.817614 1.35226 0.0704687
0.1598 -0.813002 1.36028 0.0908549
0.1632 -0.808364 1.36818 0.1115
0.1666 -0.803699 1.37592 0.132404
0.17 -0.799008 1.38349 0.153565
0.1734 -0.794291 1.39088 0.174981
0.1768 -0.78955 1.39807 0.196649
0.1802 -0.784785 1.40503 0.218566
0.1836 -0.779996 1.41176 0.240729
0.187 -0.775185 1.41822 0.263132
0.1904 -0.770352 1.4244 0.285772
0.1938 -0.765499 1.43029 0.308641
0.1972 -0.760627 1.43585 0.331735
0.2006 -0.755736 1.44109 0.355046
0.204 -0.750828 1.44597 0.378568
0.2074 -0.745904 1.45049 0.402292
0.2108 -0.740965 1.45463 0.42621
0.2142 -0.736013 1.45837 0.450315
0.2176 -0.731049 1.46171 0.474597
0.221 -0.726074 1.46464 0.499047
0.2244 -0.721089 1.46714 0.523656
0.2278 -0.716098 1.46921 0.548415
0.2312 -0.711099 1.47084 0.573314
0.2346 -0.706096 1.47204 0.598344
0.238 -0.70109 1.47279 0.623496
0.2414 -0.696082 1.4731 0.64876
0.2448 -0.691073 1.47298 0.674128
0.2482 -0.686066 1.47241 0.699589
0.2516 -0.681061 1.47142 0.725137
0.255 -0.676061 1.47 0.750762
0.2584 -0.671066 1.46816 0.776458
0.2618 -0.666078 1.46591 0.802215
0.2652 -0.661098 1.46327 0.828027
0.2686 -0.656128 1.46023 0.853888
0.272 -0.651169 1.45683 0.87979
0.2754 -0.646222 1.45305 0.905728
0.2788 -0.641289 1.44893 0.931696
0.2822 -0.63637 1.44447 0.95769
0.2856 -0.631467 1.43968 0.983704
0.289 -0.62658 1.43459 1.00973
0.2924 -0.621712 1.4292 1.03578
0.2958 -0.616862 1.42353 1.06183
0.2992 -0.612032 1.41759 1.08788
0.3026 -0.607223 1.4114 1.11394
0.306 -0.602435 1.40497 1.14
0.3094 -0.597669 1.39831 1.16605
0.3128 -0.592927 1.39145 1.1921
0.3162 -0.588208 1.38439 1.21814
0.3196 -0.583513 1.37714 1.24417
0.323 -0.578843 1.36972 1.2702
0.3264 -0.574199 1.36214 1.29621
0.3298 -0.569581 1.35441 1.32221
0.3332 -0.564989 1.34654 1.34819
0.3366 -0.560425 1.33855 1.37417
0.34 -0.555887 1.33044 1.40013
0.3434 -0.551378 1.32222 1.42607
0.3468 -0.546896 1.31391 1.452
0.3502 -0.542443 1.30551 1.47791
0.3536 -0.538019 1.29703 1.50381
0.357 -0.533624 1.28849 1.52969
0.3604 -0.529257 1.27988 1.55555
0.3638 -0.52492 1.27121 1.5814
0.3672 -0.520613 1.2625 1.60724
0.3706 -0.516335 1.25375 1.63306
0.374 -0.512088 1.24497 1.65886
0.3774 -0.50787 1.23616 1.68465
0.3808 -0.503682 1.22732 1.71042
0.3842 -0.499524 1.21847 1.73618
0.3876 -0.495396 1.20961 1.76192
0.391 -0.491299 1.20074 1.78765
0.3944 -0.487231 1.19187 1.81337
0.3978 -0.483194 1.183 1.83908
0.4012 -0.479187 1.17414 1.86477
0.4046 -0.47521 1.16529 1.89044
0.408 -0.471263 1.15645 1.91611
0.4114 -0.467346 1.14763 1.94176
0.4148 -0.463459 1.13883 1.9674
0.4182 -0.459602 1.13005 1.99303
0.4216 -0.455774 1.1213 2.01865
0.425 -0.451977 1.11257 2.04426
0.4284 -0.448209 1.10388 2.06986
0.4318 -0.44447 1.09522 2.09545
0.4352 -0.440761 1.0866 2.12103
0.4386 -0.437082 1.07801 2.1466
0.442 -0.433431 1.06946 2.17216
0.4454 -0.429809 1.06095 2.19772
0.4488 -0.426216 1.05248 2.22326
0.4522 -0.422652 1.04406 2.2488
0.4556 -0.419117 1.03568 2.27433
0.459 -0.41561 1.02734 2.29985
0.4624 -0.412131 1.01905 2.32536
0.4658 -0.40868 1.01081 2.35087
0.4692 -0.405257 1.00262 2.37637
0.4726 -0.401862 0.994481 2.40187
0.476 -0.398495 0.986389 2.42736
0.4794 -0.395155 0.978348 2.45284
0.4828 -0.391842 0.970359 2.47832
0.4862 -0.388556 0.962421 2.50379
0.4896 -0.385297 0.954536 2.52925
0.493 -0.382065 0.946704 2.55471
0.4964 -0.37886 0.938925 2.58017
0.4998 -0.37568 0.9312 2.60562
0.5032 -0.372527 0.923529 2.63107
0.5066 -0.3694 0.915911 2.65651
0.51 -0.366299 0.908348 2.68195
0.5134 -0.363224 0.900839 2.70739
0.5168 -0.360173 0.893385 2.73282
0.5202 -0.357148 0.885985 2.75825
0.5236 -0.354149 0.87864 2.78367
0.527 -0.351174 0.87135 2.80909
0.5304 -0.348223 0.864114 2.83451
0.5338 -0.345298 0.856933 2.85992
0.5372 -0.342396 0.849806 2.88534
0.5406 -0.339519 0.842733 2.91074
0.544 -0.336666 0.835715 2.93615
0.5474 -0.333836 0.828751 2.96155
0.5508 -0.33103 0.821841 2.98695
0.5542 -0.328247 0.814985 3.01235
0.5576 -0.325488 0.808183 3.03775
0.561 -0.322752 0.801434 3.06314
0.5644 -0.320038 0.794738 3.08853
0.5678 -0.317347 0.788095 3.11392
0.5712 -0.314679 0.781505 3.13931
0.5746 -0.312033 0.774968 3.1647
0.578 -0.309409 0.768483 3.19008
0.5814 -0.306807 0.76205 3.21546
0.5848 -0.304227 0.755669 3.24084
0.5882 -0.301669 0.749339 3.26622
0.5916 -0.299132 0.74306 3.2916
0.595 -0.296616 0.736832 3.31698
0.5984 -0.294121 0.730655 3.34235
0.6018 -0.291647 0.724528 3.36773
0.6052 -0.289194 0.718451 3.3931
0.6086 -0.286762 0.712424 3.41847
0.612 -0.28435 0.706446 3.44384
0.6154 -0.281958 0.700517 3.46921
0.6188 -0.279586 0.694637 3.49457
0.6222 -0.277234 0.688805 3.51994
0.6256 -0.274902 0.683021 3.54531
0.629 -0.27259 0.677285 3.57067
0.6324 -0.270297 0.671596 3.59603
0.6358 -0.268023 0.665955 3.6214
0.6392 -0.265768 0.660359 3.64676
0.6426 -0.263532 0.654811 3.67212
0.646 -0.261315 0.649308 3.69748
0.6494 -0.259117 0.643851 3.72284
0.6528 -0.256937 0.638439 3.7482
0.6562 -0.254776 0.633073 3.77356
0.6596 -0.252632 0.627751 3.79891
0.663 -0.250507 0.622473 3.82427
0.6664 -0.248399 0.617239 3.84963
0.6698 -0.24631 0.612049 3.87498
0.6732 -0.244237 0.606902 3.90034
0.6766 -0.242183 0.601799 3.92569
0.68 -0.240145 0.596737 3.95104
0.6834 -0.238125 0.591718 3.9764
0.6868 -0.236121 0.586742 4.00175
0.6902 -0.234135 0.581806 4.0271
0.6936 -0.232165 0.576912 4.05246
0.697 -0.230212 0.572059 4.07781
0.7004 -0.228275 0.567247 4.10316
0.7038 -0.226354 0.562475 4.12851
0.7072 -0.22445 0.557743 4.15386
0.7106 -0.222562 0.553051 4.17921
0.714 -0.220689 0.548398 4.20456
0.7174 -0.218833 0.543784 4.22991
0.7208 -0.216992 0.539208 4.25526
0.7242 -0.215166 0.534672 4.28061
0.7276 -0.213356 0.530173 4.30596
0.731 -0.211561 0.525712 4.33131
0.7344 -0.209781 0.521288 4.35665
0.7378 -0.208016 0.516902 4.382
0.7412 -0.206266 0.512552 4.40735
0.7446 -0.204531 0.50824 4.4327
0.748 -0.20281 0.503963 4.45804
0.7514 -0.201104 0.499722 4.48339
0.7548 -0.199412 0.495517 4.50874
0.7582 -0.197734 0.491347 4.53408
0.7616 -0.19607 0.487213 4.55943
0.765 -0.194421 0.483113 4.58478
0.7684 -0.192785 0.479047 4.61012
0.7718 -0.191163 0.475016 4.63547
0.7752 -0.189555 0.471019 4.66081
0.7786 -0.18796 0.467055 4.68616
0.782 -0.186379 0.463125 4.71151
0.7854 -0.184811 0.459228 4.73685
0.7888 -0.183256 0.455363 4.7622
0.7922 -0.181715 0.451531 4.78754
0.7956 -0.180186 0.447731 4.81289
0.799 -0.17867 0.443964 4.83823
0.8024 -0.177167 0.440228 4.86358
0.8058 -0.175676 0.436523 4.88892
0.8092 -0.174198 0.43285 4.91427
0.8126 -0.172733 0.429207 4.93961
0.816 -0.17128 0.425596 4.96495
0.8194 -0.169839 0.422014 4.9903
0.8228 -0.16841 0.418463 5.01564
0.8262 -0.166993 0.414942 5.04099
0.8296 -0.165588 0.41145 5.06633
0.833 -0.164195 0.407988 5.09167
0.8364 -0.162814 0.404554 5.11702
0.8398 -0.161444 0.40115 5.14236
0.8432 -0.160086 0.397775 5.16771
0.8466 -0.158739 0.394427 5.19305
0.85 -0.157404 0.391108 5.21839
0.8534 -0.15608 0.387817 5.24374
0.8568 -0.154767 0.384554 5.26908
0.8602 -0.153465 0.381318 5.29442
0.8636 -0.152174 0.37811 5.31977
0.867 -0.150894 0.374928 5.34511
0.8704 -0.149624 0.371773 5.37045
0.8738 -0.148366 0.368645 5.3958
0.8772 -0.147118 0.365543 5.42114
0.8806 -0.14588 0.362467 5.44648
0.884 -0.144653 0.359417 5.47183
0.8874 -0.143436 0.356393 5.49717
0.8908 -0.142229 0.353394 5.52251
0.8942 -0.141033 0.350421 5.54786
0.8976 -0.139846 0.347472 5.5732
0.901 -0.13867 0.344549 5.59854
0.9044 -0.137503 0.341649 5.62389
0.9078 -0.136347 0.338775 5.64923
0.9112 -0.1352 0.335924 5.67457
0.9146 -0.134062 0.333098 5.69991
0.918 -0.132935 0.330295 5.72526
0.9214 -0.131816 0.327516 5.7506
0.9248 -0.130707 0.32476 5.77594
0.9282 -0.129608 0.322028 5.80129
0.9316 -0.128518 0.319319 5.82663
0.935 -0.127437 0.316632 5.85197
0.9384 -0.126365 0.313968 5.87731
0.9418 -0.125302 0.311326 5.90266
0.9452 -0.124247 0.308707 5.928
0.9486 -0.123202 0.306109 5.95334
0.952 -0.122166 0.303534 5.97868
0.9554 -0.121138 0.30098 6.00403
0.9588 -0.120119 0.298448 6.02937
0.9622 -0.119109 0.295937 6.05471
0.9656 -0.118107 0.293447 6.08005
0.969 -0.117113 0.290978 6.1054
0.9724 -0.116128 0.28853 6.13074
0.9758 -0.115151 0.286103 6.15608
0.9792 -0.114183 0.283695 6.18142
0.9826 -0.113222 0.281309 6.20677
0.986 -0.11227 0.278942 6.23211
0.9894 -0.111325 0.276595 6.25745
0.9928 -0.110389 0.274268 6.2828
0.9962 -0.10946 0.271961 6.30814
0.9996 -0.108539 0.269672 6.33348
1.003 -0.107626 0.267404 6.35882
1.0064 -0.106721 0.265154 6.38417
1.0098 -0.105823 0.262923 6.40951
1.0132 -0.104933 0.260711 6.43485
1.0166 -0.104051 0.258518 6.46019
1.02 -0.103175 0.256343 6.48554
1.0234 -0.102307 0.254186 6.51088
1.0268 -0.101447 0.252048 6.53622
1.0302 -0.100593 0.249927 6.56156
1.0336 -0.0997473 0.247825 6.58691
1.037 -0.0989082 0.24574 6.61225
1.0404 -0.0980762 0.243672 6.63759
1.0438 -0.0972512 0.241622 6.66293
1.0472 -0.0964332 0.23959 6.68828
1.0506 -0.095622 0.237574 6.71362
1.054 -0.0948176 0.235575 6.73896
1.0574 -0.0940201 0.233593 6.7643
1.0608 -0.0932292 0.231628 6.78964
1.0642 -0.092445 0.22968 6.81499
1.0676 -0.0916674 0.227747 6.84033
1.071 -0.0908963 0.225831 6.86567
1.0744 -0.0901317 0.223931 6.89101
1.0778 -0.0893735 0.222048 6.91636
1.0812 -0.0886217 0.22018 6.9417
1.0846 -0.0878763 0.218327 6.96704
1.088 -0.0871371 0.21649 6.99238
1.0914 -0.0864041 0.214669 7.01773
1.0948 -0.0856773 0.212863 7.04307
1.0982 -0.0849566 0.211073 7.06841
1.1016 -0.084242 0.209297 7.09375
1.105 -0.0835334 0.207536 7.1191
1.1084 -0.0828308 0.20579 7.14444
1.1118 -0.082134 0.204059 7.16978
1.1152 -0.0814431 0.202342 7.19512
1.1186 -0.0807581 0.20064 7.22047
1.122 -0.0800788 0.198952 7.24581
1.1254 -0.0794052 0.197278 7.27115
1.1288 -0.0787373 0.195619 7.29649
1.1322 -0.078075 0.193973 7.32184
1.1356 -0.0774182 0.192341 7.34718
1.139 -0.076767 0.190723 7.37252
1.1424 -0.0761213 0.189119 7.39786
1.1458 -0.075481 0.187528 7.42321
1.1492 -0.0748461 0.18595 7.44855
1.1526 -0.0742165 0.184386 7.47389
1.156 -0.0735923 0.182835 7.49923
1.1594 -0.0729732 0.181296 7.52458
1.1628 -0.0723594 0.179771 7.54992
1.1662 -0.0717508 0.178259 7.57526
1.1696 -0.0711473 0.176759 7.60061
1.173 -0.0705488 0.175272 7.62595
1.1764 -0.0699554 0.173798 7.65129
1.1798 -0.069367 0.172336 7.67663
1.1832 -0.0687835 0.170886 7.70198
1.1866 -0.0682049 0.169448 7.72732
1.19 -0.0676312 0.168023 7.75266
1.1934 -0.0670624 0.166609 7.778
1.1968 -0.0664983 0.165208 7.80335
1.2002 -0.0659389 0.163818 7.82869
1.2036 -0.0653843 0.16244 7.85403
1.207 -0.0648343 0.161073 7.87937
1.2104 -0.064289 0.159718 7.90472
1.2138 -0.0637482 0.158374 7.93006
1.2172 -0.063212 0.157042 7.9554
1.2206 -0.0626803 0.155721 7.98074
1.224 -0.0621531 0.154411 8.00609
1.2274 -0.0616303 0.153112 8.03143
1.2308 -0.0611119 0.151824 8.05677
1.2342 -0.0605979 0.150547 8.08212
1.2376 -0.0600882 0.14928 8.10746
1.241 -0.0595828 0.148024 8.1328
1.2444 -0.0590816 0.146779 8.15814
1.2478 -0.0585847 0.145544 8.18349
1.2512 -0.0580919 0.14432 8.20883
1.2546 -0.0576033 0.143106 8.23417
1.258 -0.0571188 0.141902 8.25951
1.2614 -0.0566384 0.140708 8.28486
1.2648 -0.056162 0.139524 8.3102
1.2682 -0.0556896 0.138351 8.33554
1.2716 -0.0552212 0.137187 8.36089
1.275 -0.0547567 0.136033 8.38623
1.2784 -0.0542961 0.134888 8.41157
1.2818 -0.0538394 0.133753 8.43691
1.2852 -0.0533866 0.132628 8.46226
1.2886 -0.0529376 0.131512 8.4876
1.292 -0.0524923 0.130406 8.51294
1.2954 -0.0520508 0.129309 8.53829
1.2988 -0.051613 0.128221 8.56363
1.3022 -0.0511789 0.127142 8.58897
1.3056 -0.0507484 0.126073 8.61432
1.309 -0.0503216 0.125012 8.63966
1.3124 -0.0498983 0.12396 8.665
1.3158 -0.0494786 0.122918 8.69034
1.3192 -0.0490625 0.121883 8.71569
1.3226 -0.0486498 0.120858 8.74103
1.326 -0.0482406 0.119841 8.76637
1.3294 -0.0478349 0.118833 8.79172
1.3328 -0.0474326 0.117833 8.81706
1.3362 -0.0470336 0.116842 8.8424
1.3396 -0.046638 0.115859 8.86775
1.343 -0.0462458 0.114884 8.89309
1.3464 -0.0458568 0.113918 8.91843
1.3498 -0.0454711 0.112959 8.94378
1.3532 -0.0450887 0.112009 8.96912
1.3566 -0.0447094 0.111067 8.99446
1.36 -0.0443334 0.110132 9.01981
1.3634 -0.0439605 0.109206 9.04515
1.3668 -0.0435908 0.108287 9.07049
1.3702 -0.0432242 0.107376 9.09584
1.3736 -0.0428606 0.106473 9.12118
1.377 -0.0425001 0.105577 9.14652
1.3804 -0.0421427 0.104689 9.17187
1.3838 -0.0417883 0.103808 9.19721
1.3872 -0.0414368 0.102935 9.22255
1.3906 -0.0410883 0.102069 9.2479
1.394 -0.0407427 0.10121 9.27324
1.3974 -0.0404001 0.100358 9.29858
1.4008 -0.0400603 0.099514 9.32393
1.4042 -0.0397233 0.0986768 9.34927
1.4076 -0.0393893 0.0978466 9.37461
1.411 -0.039058 0.0970233 9.39996
1.4144 -0.0387295 0.0962071 9.4253
1.4178 -0.0384038 0.0953976 9.45064
1.4212 -0.0380808 0.094595 9.47599
1.4246 -0.0377605 0.0937991 9.50133
1.428 -0.0374429 0.09301 9.52668
1.4314 -0.037128 0.0922274 9.55202
1.4348 -0.0368158 0.0914515 9.57736
1.4382 -0.0365062 0.090682 9.60271
1.4416 -0.0361991 0.0899191 9.62805
1.445 -0.0358947 0.0891625 9.65339
1.4484 -0.0355928 0.0884124 9.67874
1.4518 -0.0352935 0.0876685 9.70408
1.4552 -0.0349967 0.0869309 9.72943
1.4586 -0.0347024 0.0861995 9.75477
1.462 -0.0344105 0.0854742 9.78011
1.4654 -0.0341211 0.0847551 9.80546
1.4688 -0.0338342 0.0840419 9.8308
1.4722 -0.0335496 0.0833348 9.85615
1.4756 -0.0332675 0.0826337 9.88149
1.479 -0.0329877 0.0819384 9.90683
1.4824 -0.0327103 0.081249 9.93218
1.4858 -0.0324352 0.0805653 9.95752
1.4892 -0.0321624 0.0798875 9.98287
1.4926 -0.031892 0.0792153 10.0082
1.496 -0.0316238 0.0785488 10.0336
1.4994 -0.0313578 0.0778879 10.0589
1.5028 -0.0310941 0.0772325 10.0842
1.5062 -0.0308327 0.0765826 10.1096
1.5096 -0.0305734 0.0759383 10.1349
1.513 -0.0303163 0.0752993 10.1603
1.5164 -0.0300613 0.0746657 10.1856
1.5198 -0.0298085 0.0740374 10.211
1.5232 -0.0295579 0.0734145 10.2363
1.5266 -0.0293093 0.0727967 10.2617
1.53 -0.0290628 0.0721842 10.287
1.5334 -0.0288184 0.0715768 10.3123
1.5368 -0.0285761 0.0709745 10.3377
1.5402 -0.0283358 0.0703773 10.363
1.5436 -0.0280975 0.0697851 10.3884
1.547 -0.0278613 0.0691979 10.4137
1.5504 -0.027627 0.0686156 10.4391
1.5538 -0.0273947 0.0680382 10.4644
1.5572 -0.0271643 0.0674657 10.4898
1.5606 -0.0269359 0.0668979 10.5151
1.564 -0.0267094 0.066335 10.5405
1.5674 -0.0264848 0.0657768 10.5658
1.5708 -0.0262621 0.0652233 10.5911
1.5742 -0.0260413 0.0646744 10.6165
1.5776 -0.0258223 0.0641302 10.6418
1.581 -0.0256052 0.0635905 10.6672
1.5844 -0.0253899 0.0630554 10.6925
1.5878 -0.0251764 0.0625247 10.7179
1.5912 -0.0249647 0.0619986 10.7432
1.5946 -0.0247548 0.0614768 10.7686
1.598 -0.0245467 0.0609594 10.7939
1.6014 -0.0243403 0.0604464 10.8193
1.6048 -0.0241357 0.0599377 10.8446
1.6082 -0.0239327 0.0594333 10.8699
1.6116 -0.0237315 0.0589331 10.8953
1.615 -0.023532 0.0584372 10.9206
1.6184 -0.0233341 0.0579454 10.946
1.6218 -0.0231379 0.0574577 10.9713
1.6252 -0.0229434 0.0569741 10.9967
1.6286 -0.0227505 0.0564946 11.022
1.632 -0.0225592 0.0560192 11.0474
1.6354 -0.0223696 0.0555477 11.0727
1.6388 -0.0221815 0.0550802 11.0981
1.6422 -0.021995 0.0546166 11.1234
1.6456 -0.0218101 0.0541569 11.1488
1.649 -0.0216268 0.0537011 11.1741
1.6524 -0.0214449 0.0532491 11.1995
1.6558 -0.0212647 0.0528009 11.2248
1.6592 -0.0210859 0.0523565 11.2501
1.6626 -0.0209086 0.0519158 11.2755
1.666 -0.0207329 0.0514789 11.3008
1.6694 -0.0205586 0.0510456 11.3262
1.6728 -0.0203857 0.0506159 11.3515
1.6762 -0.0202144 0.0501898 11.3769
1.6796 -0.0200445 0.0497674 11.4022
1.683 -0.019876 0.0493485 11.4276
1.6864 -0.0197089 0.0489331 11.4529
1.6898 -0.0195432 0.0485212 11.4783
1.6932 -0.0193789 0.0481127 11.5036
1.6966 -0.019216 0.0477077 11.529
1.7 -0.0190545 0.0473061 11.5543
1.7034 -0.0188944 0.0469079 11.5797
1.7068 -0.0187355 0.046513 11.605
1.7102 -0.0185781 0.0461214 11.6304
1.7136 -0.0184219 0.0457332 11.6557
1.717 -0.0182671 0.0453482 11.6811
1.7204 -0.0181135 0.0449664 11.7064
1.7238 -0.0179613 0.0445878 11.7318
1.7272 -0.0178103 0.0442125 11.7571
1.7306 -0.0176606 0.0438402 11.7825
1.734 -0.0175122 0.0434711 11.8078
1.7374 -0.017365 0.0431051 11.8332
1.7408 -0.0172191 0.0427422 11.8585
1.7442 -0.0170744 0.0423824 11.8839
1.7476 -0.0169309 0.0420255 11.9092
1.751 -0.0167886 0.0416717 11.9346
1.7544 -0.0166475 0.0413208 11.9599
1.7578 -0.0165076 0.0409729 11.9853
1.7612 -0.0163689 0.0406279 12.0106
1.7646 -0.0162314 0.0402858 12.036
1.768 -0.016095 0.0399466 12.0613
1.7714 -0.0159597 0.0396102 12.0867
1.7748 -0.0158256 0.0392766 12.112
1.7782 -0.0156926 0.0389459 12.1374
1.7816 -0.0155608 0.0386179 12.1627
1.785 -0.01543 0.0382927 12.1881
1.7884 -0.0153004 0.0379702 12.2134
1.7918 -0.0151718 0.0376505 12.2388
1.7952 -0.0150444 0.0373334 12.2641
1.7986 -0.014918 0.037019 12.2895
1.802 -0.0147926 0.0367072 12.3148
1.8054 -0.0146683 0.036398 12.3402
1.8088 -0.0145451 0.0360915 12.3655
1.8122 -0.0144229 0.0357875 12.3909
1.8156 -0.0143018 0.0354861 12.4162
1.819 -0.0141816 0.0351872 12.4416
1.8224 -0.0140625 0.0348908 12.4669
1.8258 -0.0139443 0.0345969 12.4923
1.8292 -0.0138272 0.0343054 12.5177
1.8326 -0.0137111 0.0340165 12.543
1.836 -0.0135959 0.0337299 12.5684
1.8394 -0.0134817 0.0334458 12.5937
1.8428 -0.0133685 0.033164 12.6191
1.8462 -0.0132562 0.0328846 12.6444
1.8496 -0.0131448 0.0326076 12.6698
1.853 -0.0130345 0.0323328 12.6951
1.8564 -0.012925 0.0320604 12.7205
1.8598 -0.0128164 0.0317903 12.7459
1.8632 -0.0127088 0.0315225 12.7712
1.8666 -0.0126021 0.0312569 12.7966
1.87 -0.0124963 0.0309935 12.8219
1.8734 -0.0123913 0.0307323 12.8473
1.8768 -0.0122873 0.0304733 12.8726
1.8802 -0.0121841 0.0302165 12.898
1.8836 -0.0120818 0.0299619 12.9233
1.887 -0.0119804 0.0297094 12.9487
1.8904 -0.0118798 0.029459 12.9741
1.8938 -0.01178 0.0292107 12.9994
1.8972 -0.0116811 0.0289645 13.0248
1.9006 -0.0115831 0.0287204 13.0501
1.904 -0.0114858 0.0284783 13.0755
1.9074 -0.0113894 0.0282383 13.1009
1.9108 -0.0112938 0.0280002 13.1262
1.9142 -0.011199 0.0277642 13.1516
1.9176 -0.011105 0.0275302 13.1769
1.921 -0.0110118 0.0272981 13.2023
1.9244 -0.0109194 0.0270679 13.2277
1.9278 -0.0108277 0.0268397 13.253
1.9312 -0.0107369 0.0266134 13.2784
1.9346 -0.0106468 0.026389 13.3037
1.938 -0.0105574 0.0261665 13.3291
1.9414 -0.0104688 0.0259459 13.3545
1.9448 -0.010381 0.0257271 13.3798
1.9482 -0.0102939 0.0255101 13.4052
1.9516 -0.0102075 0.025295 13.4306
1.955 -0.0101219 0.0250817 13.4559
1.9584 -0.010037 0.0248701 13.4813
1.9618 -0.00995276 0.0246603 13.5067
1.9652 -0.00986927 0.0244523 13.532
1.9686 -0.00978649 0.0242461 13.5574
1.972 -0.0097044 0.0240415 13.5828
1.9754 -0.009623 0.0238387 13.6081
1.9788 -0.00954229 0.0236376 13.6335
1.9822 -0.00946226 0.0234382 13.6589
1.9856 -0.00938291 0.0232404 13.6842
1.989 -0.00930423 0.0230443 13.7096
1.9924 -0.00922621 0.0228499 13.735
1.9958 -0.00914885 0.022657 13.7603
1.9992 -0.00907214 0.0224658 13.7857
2.0026 -0.00899608 0.0222762 13.8111
2.006 -0.00892066 0.0220882 13.8364
2.0094 -0.00884587 0.0219018 13.8618
2.0128 -0.00877172 0.0217169 13.8872
2.0162 -0.0086982 0.0215336 13.9126
2.0196 -0.00862529 0.0213518 13.9379
2.023 -0.008553 0.0211715 13.9633
2.0264 -0.00848132 0.0209928 13.9887
2.0298 -0.00841025 0.0208155 14.0141
2.0332 -0.00833978 0.0206398 14.0394
2.0366 -0.0082699 0.0204655 14.0648
2.04 -0.00820061 0.0202926 14.0902
2.0434 -0.00813191 0.0201212 14.1156
2.0468 -0.00806378 0.0199513 14.1409
2.0502 -0.00799624 0.0197827 14.1663
2.0536 -0.00792926 0.0196156 14.1917
2.057 -0.00786285 0.0194499 14.2171
2.0604 -0.007797 0.0192856 14.2424
2.0638 -0.00773171 0.0191226 14.2678
2.0672 -0.00766696 0.018961 14.2932
2.0706 -0.00760277 0.0188008 14.3186
2.074 -0.00753912 0.0186419 14.344
2.0774 -0.007476 0.0184843 14.3694
2.0808 -0.00741342 0.0183281 14.3947
2.0842 -0.00735137 0.0181731 14.4201
2.0876 -0.00728984 0.0180195 14.4455
2.091 -0.00722884 0.0178672 14.4709
2.0944 -0.00716835 0.0177161 14.4963
2.0978 -0.00710837 0.0175663 14.5217
2.1012 -0.00704889 0.0174177 14.5471
2.1046 -0.00698992 0.0172704 14.5724
2.108 -0.00693145 0.0171243 14.5978
2.1114 -0.00687348 0.0169794 14.6232
2.1148 -0.00681599 0.0168358 14.6486
2.1182 -0.00675899 0.0166933 14.674
2.1216 -0.00670248 0.016552 14.6994
2.125 -0.00664644 0.016412 14.7248
2.1284 -0.00659087 0.0162731 14.7502
2.1318 -0.00653578 0.0161353 14.7756
2.1352 -0.00648115 0.0159987 14.801
2.1386 -0.00642699 0.0158633 14.8264
2.142 -0.00637328 0.0157289 14.8518
2.1454 -0.00632003 0.0155957 14.8772
2.1488 -0.00626723 0.0154636 14.9026
2.1522 -0.00621488 0.0153327 14.928
2.1556 -0.00616297 0.0152028 14.9534
2.159 -0.0061115 0.015074 14.9788
2.1624 -0.00606046 0.0149462 15.0042
2.1658 -0.00600986 0.0148196 15.0296
2.1692 -0.00595969 0.014694 15.055
2.1726 -0.00590994 0.0145694 15.0804
2.176 -0.00586061 0.0144459 15.1058
2.1794 -0.00581171 0.0143234 15.1312
2.1828 -0.00576321 0.0142019 15.1566
2.1862 -0.00571513 0.0140815 15.1821
2.1896 -0.00566746 0.013962 15.2075
2.193 -0.00562019 0.0138436 15.2329
2.1964 -0.00557332 0.0137261 15.2583
2.1998 -0.00552685 0.0136097 15.2837
2.2032 -0.00548077 0.0134941 15.3091
2.2066 -0.00543509 0.0133796 15.3346
2.21 -0.00538979 0.013266 15.36
2.2134 -0.00534488 0.0131534 15.3854
2.2168 -0.00530035 0.0130416 15.4108
2.2202 -0.00525619 0.0129309 15.4363
2.2236 -0.00521242 0.012821 15.4617
2.227 -0.00516901 0.0127121 15.4871
2.2304 -0.00512597 0.012604 15.5125
2.2338 -0.0050833 0.0124969 15.538
2.2372 -0.00504099 0.0123907 15.5634
2.2406 -0.00499904 0.0122853 15.5888
2.244 -0.00495745 0.0121808 15.6143
2.2474 -0.00491621 0.0120772 15.6397
2.2508 -0.00487533 0.0119745 15.6652
2.2542 -0.00483479 0.0118726 15.6906
2.2576 -0.00479459 0.0117715 15.716
2.261 -0.00475474 0.0116713 15.7415
2.2644 -0.00471523 0.0115719 15.7669
2.2678 -0.00467605 0.0114734 15.7924
2.2712 -0.00463721 0.0113757 15.8178
2.2746 -0.00459869 0.0112787 15.8433
2.278 -0.00456051 0.0111826 15.8687
2.2814 -0.00452265 0.0110873 15.8942
2.2848 -0.00448512 0.0109928 15.9197
2.2882 -0.0044479 0.010899 15.9451
2.2916 -0.004411 0.0108061 15.9706
2.295 -0.00437442 0.0107139 15.996
2.2984 -0.00433815 0.0106225 16.0215
2.3018 -0.00430218 0.0105318 16.047
2.3052 -0.00426653 0.0104419 16.0725
2.3086 -0.00423118 0.0103527 16.0979
2.312 -0.00419613 0.0102643 16.1234
2.3154 -0.00416138 0.0101766 16.1489
2.3188 -0.00412693 0.0100896 16.1744
2.3222 -0.00409277 0.0100033 16.1998
2.3256 -0.0040589 0.00991778 16.2253
2.329 -0.00402533 0.00983295 16.2508
2.3324 -0.00399204 0.00974882 16.2763
2.3358 -0.00395904 0.00966538 16.3018
2.3392 -0.00392631 0.00958263 16.3273
2.3426 -0.00389387 0.00950057 16.3528
2.346 -0.00386171 0.00941918 16.3783
2.3494 -0.00382982 0.00933847 16.4038
2.3528 -0.00379821 0.00925842 16.4293
2.3562 -0.00376686 0.00917904 16.4548
2.3596 -0.00373579 0.00910031 16.4803
2.363 -0.00370498 0.00902222 16.5058
2.3664 -0.00367444 0.00894479 16.5314
2.3698 -0.00364416 0.00886799 16.5569
2.3732 -0.00361413 0.00879182 16.5824
2.3766 -0.00358437 0.00871628 16.6079
2.38 -0.00355486 0.00864136 16.6335
2.3834 -0.00352561 0.00856706 16.659
2.3868 -0.00349661 0.00849337 16.6845
2.3902 -0.00346785 0.00842029 16.7101
2.3936 -0.00343935 0.00834781 16.7356
2.397 -0.00341109 0.00827592 16.7612
2.4004 -0.00338307 0.00820462 16.7867
2.4038 -0.0033553 0.00813391 16.8123
2.4072 -0.00332776 0.00806378 16.8378
2.4106 -0.00330046 0.00799423 16.8634
2.414 -0.0032734 0.00792524 16.889
2.4174 -0.00324657 0.00785682 16.9145
2.4208 -0.00321997 0.00778897 16.9401
2.4242 -0.0031936 0.00772166 16.9657
2.4276 -0.00316746 0.00765491 16.9913
2.431 -0.00314155 0.00758871 17.0169
2.4344 -0.00311586 0.00752304 17.0425
2.4378 -0.00309039 0.00745792 17.0681
2.4412 -0.00306514 0.00739332 17.0937
2.4446 -0.00304012 0.00732925 17.1193
2.448 -0.00301531 0.00726571 17.1449
2.4514 -0.00299071 0.00720268 17.1705
2.4548 -0.00296633 0.00714017 17.1961
2.4582 -0.00294216 0.00707817 17.2217
2.4616 -0.00291819 0.00701667 17.2474
2.465 -0.00289444 0.00695568 17.273
2.4684 -0.0028709 0.00689518 17.2986
2.4718 -0.00284755 0.00683517 17.3243
2.4752 -0.00282442 0.00677565 17.3499
2.4786 -0.00280148 0.00671661 17.3756
2.482 -0.00277874 0.00665805 17.4012
2.4854 -0.0027562 0.00659997 17.4269
2.4888 -0.00273386 0.00654236 17.4526
2.4922 -0.00271172 0.00648522 17.4783
2.4956 -0.00268976 0.00642853 17.504
2.499 -0.002668 0.00637231 17.5296
2.5024 -0.00264643 0.00631654 17.5553
2.5058 -0.00262505 0.00626122 17.5811
2.5092 -0.00260385 0.00620635 17.6068
2.5126 -0.00258284 0.00615193 17.6325
2.516 -0.00256202 0.00609794 17.6582
2.5194 -0.00254138 0.00604438 17.6839
2.5228 -0.00252092 0.00599126 17.7097
2.5262 -0.00250064 0.00593857 17.7354
2.5296 -0.00248053 0.00588629 17.7612
2.533 -0.00246061 0.00583444 17.7869
2.5364 -0.00244086 0.00578301 17.8127
2.5398 -0.00242128 0.00573199 17.8385
2.5432 -0.00240188 0.00568137 17.8643
2.5466 -0.00238265 0.00563116 17.8901
2.55 -0.00236359 0.00558136 17.9159
2.5534 -0.0023447 0.00553195 17.9417
2.5568 -0.00232597 0.00548294 17.9675
2.5602 -0.00230741 0.00543432 17.9933
2.5636 -0.00228902 0.00538608 18.0191
2.567 -0.00227079 0.00533823 18.045
2.5704 -0.00225272 0.00529076 18.0708
2.5738 -0.00223481 0.00524367 18.0967
2.5772 -0.00221706 0.00519696 18.1226
2.5806 -0.00219947 0.00515061 18.1485
2.584 -0.00218204 0.00510463 18.1743
2.5874 -0.00216476 0.00505902 18.2002
2.5908 -0.00214763 0.00501376 18.2262
2.5942 -0.00213066 0.00496887 18.2521
2.5976 -0.00211384 0.00492433 18.278
2.601 -0.00209718 0.00488014 18.304
2.6044 -0.00208066 0.0048363 18.3299
2.6078 -0.00206429 0.0047928 18.3559
2.6112 -0.00204807 0.00474965 18.3819
2.6146 -0.00203199 0.00470683 18.4079
2.618 -0.00201606 0.00466435 18.4339
2.6214 -0.00200027 0.00462221 18.4599
2.6248 -0.00198463 0.00458039 18.4859
2.6282 -0.00196913 0.0045389 18.5119
2.6316 -0.00195376 0.00449773 18.538
2.635 -0.00193854 0.00445689 18.5641
2.6384 -0.00192346 0.00441636 18.5901
2.6418 -0.00190851 0.00437615 18.6162
2.6452 -0.0018937 0.00433625 18.6423
2.6486 -0.00187902 0.00429666 18.6685
2.652 -0.00186448 0.00425738 18.6946
2.6554 -0.00185007 0.0042184 18.7208
2.6588 -0.0018358 0.00417972 18.7469
2.6622 -0.00182165 0.00414134 18.7731
2.6656 -0.00180763 0.00410325 18.7993
2.669 -0.00179375 0.00406546 18.8255
2.6724 -0.00177999 0.00402796 18.8518
2.6758 -0.00176636 0.00399075 18.878
2.6792 -0.00175285 0.00395382 18.9043
2.6826 -0.00173947 0.00391717 18.9306
2.686 -0.00172622 0.0038808 18.9569
2.6894 -0.00171308 0.00384471 18.9832
2.6928 -0.00170007 0.00380889 19.0096
2.6962 -0.00168718 0.00377335 19.0359
2.6996 -0.00167441 0.00373807 19.0623
2.703 -0.00166176 0.00370306 19.0887
2.7064 -0.00164923 0.00366832 19.1151
2.7098 -0.00163682 0.00363383 19.1416
2.7132 -0.00162452 0.00359961 19.168
2.7166 -0.00161234 0.00356564 19.1945
2.72 -0.00160027 0.00353193 19.221
2.7234 -0.00158832 0.00349847 19.2476
2.7268 -0.00157648 0.00346526 19.2741
2.7302 -0.00156476 0.0034323 19.3007
2.7336 -0.00155314 0.00339958 19.3273
2.737 -0.00154164 0.0033671 19.3539
2.7404 -0.00153025 0.00333487 19.3806
2.7438 -0.00151896 0.00330287 19.4073
2.7472 -0.00150779 0.00327111 19.434
2.7506 -0.00149672 0.00323958 19.4607
2.754 -0.00148576 0.00320828 19.4875
2.7574 -0.0014749 0.00317721 19.5143
2.7608 -0.00146415 0.00314637 19.5411
2.7642 -0.00145351 0.00311575 19.568
2.7676 -0.00144297 0.00308536 19.5949
2.771 -0.00143253 0.00305518 19.6218
2.7744 -0.00142219 0.00302523 19.6487
2.7778 -0.00141195 0.00299549 19.6757
2.7812 -0.00140182 0.00296596 19.7027
2.7846 -0.00139179 0.00293664 19.7298
2.788 -0.00138185 0.00290754 19.7569
2.7914 -0.00137201 0.00287864 19.784
2.7948 -0.00136228 0.00284995 19.8111
2.7982 -0.00135263 0.00282146 19.8383
2.8016 -0.00134309 0.00279317 19.8656
2.805 -0.00133364 0.00276508 19.8929
2.8084 -0.00132429 0.00273719 19.9202
2.8118 -0.00131503 0.00270949 19.9475
2.8152 -0.00130586 0.00268199 19.9749
2.8186 -0.00129679 0.00265468 20.0024
2.822 -0.00128781 0.00262755 20.0299
2.8254 -0.00127892 0.00260062 20.0574
2.8288 -0.00127013 0.00257387 20.085
2.8322 -0.00126142 0.00254731 20.1126
2.8356 -0.0012528 0.00252092 20.1403
2.839 -0.00124428 0.00249472 20.168
2.8424 -0.00123584 0.00246869 20.1958
2.8458 -0.00122749 0.00244284 20.2236
2.8492 -0.00121923 0.00241717 20.2515
2.8526 -0.00121105 0.00239166 20.2794
2.856 -0.00120296 0.00236633 20.3074
2.8594 -0.00119496 0.00234117 20.3355
2.8628 -0.00118704 0.00231617 20.3636
2.8662 -0.00117921 0.00229134 20.3918
2.8696 -0.00117146 0.00226667 20.42
2.873 -0.0011638 0.00224217 20.4483
2.8764 -0.00115622 0.00221782 20.4767
2.8798 -0.00114872 0.00219364 20.5051
2.8832 -0.0011413 0.0021696 20.5336
2.8866 -0.00113396 0.00214573 20.5622
2.89 -0.00112671 0.00212201 20.5909
2.8934 -0.00111953 0.00209843 20.6196
2.8968 -0.00111244 0.00207501 20.6484
2.9002 -0.00110542 0.00205174 20.6773
2.9036 -0.00109849 0.00202861 20.7063
2.907 -0.00109163 0.00200563 20.7353
2.9104 -0.00108485 0.00198279 20.7645
2.9138 -0.00107815 0.00196009 20.7937
2.9172 -0.00107152 0.00193753 20.823
2.9206 -0.00106497 0.00191511 20.8524
2.924 -0.0010585 0.00189283 20.8819
2.9274 -0.0010521 0.00187068 20.9115
2.9308 -0.00104578 0.00184867 20.9412
2.9342 -0.00103953 0.00182679 20.971
2.9376 -0.00103335 0.00180503 21.0009
2.941 -0.00102725 0.00178341 21.031
2.9444 -0.00102123 0.00176191 21.0611
2.9478 -0.00101527 0.00174054 21.0914
2.9512 -0.00100939 0.0017193 21.1217
2.9546 -0.00100358 0.00169817 21.1522
2.958 -0.000997843 0.00167717 21.1828
2.9614 -0.000992176 0.00165629 21.2136
2.9648 -0.00098658 0.00163552 21.2445
2.9682 -0.000981054 0.00161487 21.2755
2.9716 -0.000975598 0.00159434 21.3067
2.975 -0.000970212 0.00157392 21.338
2.9784 -0.000964896 0.00155362 21.3695
2.9818 -0.000959648 0.00153342 21.4011
2.9852 -0.000954468 0.00151333 21.4329
2.9886 -0.000949357 0.00149336 21.4648
2.992 -0.000944313 0.00147348 21.4969
2.9954 -0.000939337 0.00145372 21.5292
2.9988 -0.000934428 0.00143406 21.5617
3.0022 -0.000929585 0.00141449 21.5944
3.0056 -0.000924809 0.00139504 21.6272
3.009 -0.000920099 0.00137568 21.6603
3.0124 -0.000915454 0.00135641 21.6935
3.0158 -0.000910875 0.00133725 21.727
3.0192 -0.000906361 0.00131818 21.7607
3.0226 -0.000901912 0.0012992 21.7946
3.026 -0.000897526 0.00128032 21.8288
3.0294 -0.000893205 0.00126153 21.8632
3.0328 -0.000888948 0.00124283 21.8978
3.0362 -0.000884754 0.00122421 21.9327
3.0396 -0.000880623 0.00120569 21.9679
3.043 -0.000876555 0.00118725 22.0034
3.0464 -0.00087255 0.00116889 22.0391
3.0498 -0.000868607 0.00115062 22.0752
3.0532 -0.000864725 0.00113243 22.1115
3.0566 -0.000860906 0.00111433 22.1482
3.06 -0.000857148 0.0010963 22.1852
3.0634 -0.000853451 0.00107835 22.2225
3.0668 -0.000849815 0.00106047 22.2602
3.0702 -0.00084624 0.00104267 22.2983
3.0736 -0.000842725 0.00102495 22.3367
3.077 -0.00083927 0.0010073 22.3756
3.0804 -0.000835875 0.000989722 22.4148
3.0838 -0.00083254 0.000972214 22.4545
3.0872 -0.000829264 0.000954776 22.4947
3.0906 -0.000826047 0.000937405 22.5353
3.094 -0.000822889 0.000920102 22.5764
3.0974 -0.00081979 0.000902864 22.618
3.1008 -0.00081675 0.00088569 22.6601
3.1042 -0.000813768 0.00086858 22.7028
3.1076 -0.000810844 0.000851532 22.746
3.111 -0.000807977 0.000834544 22.7899
3.1144 -0.000805169 0.000817616 22.8343
3.1178 -0.000802417 0.000800747 22.8794
3.1212 -0.000799723 0.000783934 22.9253
3.1246 -0.000797087 0.000767178 22.9718
3.128 -0.000794507 0.000750476 23.019
3.1314 -0.000791983 0.000733827 23.0671
3.1348 -0.000789516 0.000717232 23.1159
3.1382 -0.000787106 0.000700687 23.1657
3.1416 -0.000784752 0.000684192 23.2163
3.145 -0.000782453 0.000667746 23.2679
3.1484 -0.000780211 0.000651348 23.3205
3.1518 -0.000778024 0.000634996 23.3742
3.1552 -0.000775893 0.00061869 23.4289
3.1586 -0.000773817 0.000602428 23.4849
3.162 -0.000771796 0.000586208 23.5421
3.1654 -0.000769831 0.000570031 23.6006
3.1688 -0.00076792 0.000553894 23.6605
3.1722 -0.000766064 0.000537797 23.7219
3.1756 -0.000764263 0.000521738 23.7849
3.179 -0.000762516 0.000505716 23.8496
3.1824 -0.000760824 0.000489731 23.9161
3.1858 -0.000759186 0.00047378 23.9844
3.1892 -0.000757602 0.000457863 24.0549
3.1926 -0.000756073 0.000441979 24.1275
3.196 -0.000754597 0.000426126 24.2025
3.1994 -0.000753175 0.000410304 24.2801
3.2028 -0.000751807 0.000394511 24.3604
3.2062 -0.000750492 0.000378746 24.4437
3.2096 -0.000749231 0.000363009 24.5303
3.213 -0.000748024 0.000347297 24.6204
3.2164 -0.00074687 0.00033161 24.7144
3.2198 -0.000745769 0.000315946 24.8126
3.2232 -0.000744721 0.000300306 24.9156
3.2266 -0.000743727 0.000284686 25.0237
3.23 -0.000742785 0.000269087 25.1377
3.2334 -0.000741897 0.000253507 25.2582
3.2368 -0.000741061 0.000237945 25.386
3.2402 -0.000740279 0.0002224 25.5222
3.2436 -0.000739549 0.000206872 25.6679
3.247 -0.000738872 0.000191357 25.8248
3.2504 -0.000738248 0.000175857 25.9945
3.2538 -0.000737676 0.000160369 26.1797
3.2572 -0.000737157 0.000144892 26.3834
3.2606 -0.000736691 0.000129426 26.6098
3.264 -0.000736277 0.000113969 26.8647
3.2674 -0.000735916 9.85202e-05 27.1565
3.2708 -0.000735607 8.30783e-05 27.4979
3.2742 -0.000735351 6.76424e-05 27.9093
3.2776 -0.000735147 5.22114e-05 28.4275
3.281 -0.000734996 3.6784e-05 29.1282
3.2844 -0.000734897 2.13593e-05 30.2155
3.2878 -0.000734851 5.93613e-06 32.7764
3.2912 nan nan -nan
3.2946 nan nan -nan
3.298 -nan -nan nan
3.3014 -nan -nan nan
3.3048 -nan -nan nan
3.3082 -nan -nan nan
3.3116 nan nan -nan
3.315 nan nan -nan
3.3184 nan nan -nan
3.3218 nan nan -nan
3.3252 nan nan -nan
3.3286 nan nan -nan
3.332 nan nan -nan
3.3354 nan nan -nan
3.3388 nan nan -nan
3.3422 nan nan -nan
3.3456 nan nan -nan
3.349 nan nan -nan
3.3524 nan nan -nan
3.3558 nan nan -nan
3.3592 nan nan -nan
3.3626 nan nan -nan
3.366 nan nan -nan
3.3694 nan nan -nan
3.3728 -nan -nan nan
3.3762 -nan -nan nan
3.3796 -nan -nan nan
3.383 -nan -nan nan
3.3864 -nan -nan nan
3.3898 -nan -nan nan
3.3932 -nan -nan nan
3.3966 -nan -nan nan
3.4 nan nan -nan
