-3.5 -nan -nan -nan -nan
-3.4965 -nan -nan -nan -nan
-3.493 -nan -nan -nan -nan
-3.4895 -nan -nan -nan -nan
-3.486 -nan -nan -nan -nan
-3.4825 -nan -nan -nan -nan
-3.479 -nan -nan -nan -nan
-3.4755 -nan -nan -nan -nan
-3.472 -nan -nan -nan -nan
-3.4685 -nan -nan -nan -nan
-3.465 -nan -nan -nan -nan
-3.4615 -nan -nan -nan -nan
-3.458 -nan -nan -nan -nan
-3.4545 -nan -nan -nan -nan
-3.451 -nan -nan -nan -nan
-3.4475 -nan -nan -nan -nan
-3.444 -nan -nan -nan -nan
-3.4405 -nan -nan -nan -nan
-3.437 -nan -nan -nan -nan
-3.4335 -nan -nan -nan -nan
-3.43 -nan -nan -nan -nan
-3.4265 -nan -nan -nan -nan
-3.423 -nan -nan -nan -nan
-3.4195 0.000734854 7.77205e-06 32.288 1.0692e-20
-3.416 0.000734909 2.36457e-05 30.0623 9.16504e-19
-3.4125 0.000735019 3.95136e-05 29.0348 7.15248e-18
-3.409 0.000735185 5.53741e-05 28.359 2.7614e-17
-3.4055 0.000735407 7.12258e-05 27.8545 7.5676e-17
-3.402 0.000735684 8.70681e-05 27.4516 1.69201e-16
-3.3985 0.000736016 0.0001029 27.1161 3.30553e-16
-3.395 0.000736404 0.000118723 26.8285 5.86604e-16
-3.3915 0.000736847 0.000134535 26.5768 9.68752e-16
-3.388 0.000737346 0.000150337 26.3529 1.51293e-15
-3.3845 0.0007379 0.00016613 26.1512 2.25965e-15
-3.381 0.000738509 0.000181913 25.9676 3.25395e-15
-3.3775 0.000739173 0.000197688 25.7991 4.54551e-15
-3.374 0.000739892 0.000213456 25.6434 6.18859e-15
-3.3705 0.000740667 0.000229216 25.4985 8.24209e-15
-3.367 0.000741497 0.00024497 25.3631 1.07696e-14
-3.3635 0.000742382 0.000260719 25.2359 1.38393e-14
-3.36 0.000743322 0.000276463 25.116 1.75241e-14
-3.3565 0.000744317 0.000292204 25.0025 2.19018e-14
-3.353 0.000745367 0.000307942 24.8947 2.70547e-14
-3.3495 0.000746473 0.00032368 24.7921 3.30701e-14
-3.346 0.000747633 0.000339417 24.6942 4.004e-14
-3.3425 0.000748849 0.000355155 24.6004 4.80612e-14
-3.339 0.000750119 0.000370895 24.5105 5.72355e-14
-3.3355 0.000751445 0.000386638 24.4242 6.76697e-14
-3.332 0.000752826 0.000402387 24.341 7.94752e-14
-3.3285 0.000754262 0.000418141 24.2608 9.27688e-14
-3.325 0.000755753 0.000433902 24.1834 1.07672e-13
-3.3215 0.000757299 0.000449671 24.1084 1.24312e-13
-3.318 0.0007589 0.000465451 24.0359 1.4282e-13
-3.3145 0.000760557 0.000481241 23.9655 1.63333e-13
-3.311 0.000762269 0.000497044 23.8972 1.85994e-13
-3.3075 0.000764036 0.00051286 23.8307 2.10951e-13
-3.304 0.000765859 0.000528691 23.7661 2.38355e-13
-3.3005 0.000767737 0.000544539 23.7031 2.68366e-13
-3.297 0.000769671 0.000560404 23.6417 3.01146e-13
-3.2935 0.00077166 0.000576288 23.5818 3.36866e-13
-3.29 0.000773705 0.000592193 23.5233 3.757e-13
-3.2865 0.000775806 0.00060812 23.4661 4.17828e-13
-3.283 0.000777962 0.00062407 23.4101 4.63437e-13
-3.2795 0.000780174 0.000640044 23.3553 5.12718e-13
-3.276 0.000782442 0.000656044 23.3017 5.6587e-13
-3.2725 0.000784766 0.000672072 23.249 6.23096e-13
-3.269 0.000787147 0.000688129 23.1974 6.84607e-13
-3.2655 0.000789583 0.000704215 23.1468 7.50617e-13
-3.262 0.000792076 0.000720333 23.097 8.21349e-13
-3.2585 0.000794626 0.000736484 23.0481 8.97033e-13
-3.255 0.000797232 0.000752669 23 9.77901e-13
-3.2515 0.000799894 0.00076889 22.9528 1.0642e-12
-3.248 0.000802614 0.000785148 22.9062 1.15617e-12
-3.2445 0.000805391 0.000801444 22.8604 1.25407e-12
-3.241 0.000808224 0.00081778 22.8153 1.35816e-12
-3.2375 0.000811115 0.000834158 22.7708 1.46872e-12
-3.234 0.000814063 0.000850578 22.7269 1.58601e-12
-3.2305 0.000817069 0.000867042 22.6837 1.71032e-12
-3.227 0.000820133 0.000883552 22.641 1.84194e-12
-3.2235 0.000823254 0.000900108 22.5989 1.98116e-12
-3.22 0.000826433 0.000916713 22.5573 2.1283e-12
-3.2165 0.000829671 0.000933367 22.5162 2.28367e-12
-3.213 0.000832967 0.000950072 22.4755 2.44759e-12
-3.2095 0.000836322 0.00096683 22.4354 2.62038e-12
-3.206 0.000839735 0.000983642 22.3957 2.80239e-12
-3.2025 0.000843207 0.00100051 22.3565 2.99396e-12
-3.199 0.000846739 0.00101743 22.3176 3.19545e-12
-3.1955 0.000850329 0.00103441 22.2792 3.40722e-12
-3.192 0.00085398 0.00105145 22.2412 3.62965e-12
-3.1885 0.00085769 0.00106856 22.2035 3.86311e-12
-3.185 0.00086146 0.00108572 22.1662 4.108e-12
-3.1815 0.00086529 0.00110295 22.1292 4.36472e-12
-3.178 0.00086918 0.00112024 22.0926 4.63368e-12
-3.1745 0.000873131 0.0011376 22.0563 4.9153e-12
-3.171 0.000877143 0.00115502 22.0203 5.21001e-12
-3.1675 0.000881217 0.00117252 21.9846 5.51826e-12
-3.164 0.000885351 0.00119008 21.9492 5.8405e-12
-3.1605 0.000889547 0.00120772 21.9141 6.17719e-12
-3.157 0.000893805 0.00122543 21.8792 6.5288e-12
-3.1535 0.000898125 0.00124322 21.8447 6.89584e-12
-3.15 0.000902508 0.00126108 21.8103 7.27878e-12
-3.1465 0.000906953 0.00127902 21.7763 7.67815e-12
-3.143 0.000911461 0.00129704 21.7424 8.09446e-12
-3.1395 0.000916032 0.00131514 21.7088 8.52826e-12
-3.136 0.000920667 0.00133332 21.6754 8.98009e-12
-3.1325 0.000925366 0.00135158 21.6423 9.45052e-12
-3.129 0.000930128 0.00136993 21.6093 9.94011e-12
-3.1255 0.000934955 0.00138837 21.5766 1.04495e-11
-3.122 0.000939847 0.00140689 21.544 1.09792e-11
-3.1185 0.000944804 0.0014255 21.5117 1.15299e-11
-3.115 0.000949826 0.0014442 21.4795 1.21022e-11
-3.1115 0.000954913 0.00146299 21.4475 1.26968e-11
-3.108 0.000960067 0.00148188 21.4157 1.33144e-11
-3.1045 0.000965287 0.00150086 21.384 1.39555e-11
-3.101 0.000970573 0.00151994 21.3525 1.4621e-11
-3.0975 0.000975926 0.00153911 21.3212 1.53115e-11
-3.094 0.000981347 0.00155839 21.29 1.60277e-11
-3.0905 0.000986835 0.00157776 21.259 1.67705e-11
-3.087 0.000992391 0.00159723 21.2282 1.75405e-11
-3.0835 0.000998016 0.00161681 21.1974 1.83387e-11
-3.08 0.00100371 0.0016365 21.1668 1.91657e-11
-3.0765 0.00100947 0.00165629 21.1364 2.00224e-11
-3.073 0.0010153 0.00167618 21.1061 2.09097e-11
-3.0695 0.0010212 0.00169619 21.0759 2.18283e-11
-3.066 0.00102718 0.00171631 21.0458 2.27794e-11
-3.0625 0.00103322 0.00173654 21.0159 2.37636e-11
-3.059 0.00103933 0.00175688 20.986 2.4782e-11
-3.0555 0.00104552 0.00177734 20.9563 2.58355e-11
-3.052 0.00105177 0.00179791 20.9267 2.69251e-11
-3.0485 0.0010581 0.0018186 20.8972 2.80518e-11
-3.045 0.0010645 0.00183941 20.8678 2.92167e-11
-3.0415 0.00107098 0.00186035 20.8385 3.04207e-11
-3.038 0.00107753 0.0018814 20.8093 3.1665e-11
-3.0345 0.00108415 0.00190258 20.7803 3.29507e-11
-3.031 0.00109085 0.00192389 20.7513 3.42789e-11
-3.0275 0.00109762 0.00194532 20.7224 3.56508e-11
-3.024 0.00110446 0.00196688 20.6935 3.70675e-11
-3.0205 0.00111138 0.00198857 20.6648 3.85304e-11
-3.017 0.00111838 0.0020104 20.6362 4.00406e-11
-3.0135 0.00112546 0.00203235 20.6076 4.15994e-11
-3.01 0.00113261 0.00205445 20.5792 4.32082e-11
-3.0065 0.00113984 0.00207668 20.5508 4.48683e-11
-3.003 0.00114715 0.00209904 20.5224 4.65811e-11
-2.9995 0.00115453 0.00212155 20.4942 4.83479e-11
-2.996 0.001162 0.0021442 20.466 5.01703e-11
-2.9925 0.00116954 0.00216699 20.4379 5.20498e-11
-2.989 0.00117717 0.00218993 20.4099 5.39878e-11
-2.9855 0.00118487 0.00221301 20.382 5.59859e-11
-2.982 0.00119266 0.00223624 20.3541 5.80458e-11
-2.9785 0.00120053 0.00225962 20.3262 6.0169e-11
-2.975 0.00120848 0.00228315 20.2985 6.23573e-11
-2.9715 0.00121651 0.00230683 20.2708 6.46124e-11
-2.968 0.00122462 0.00233067 20.2431 6.6936e-11
-2.9645 0.00123282 0.00235467 20.2156 6.933e-11
-2.961 0.00124111 0.00237882 20.188 7.17962e-11
-2.9575 0.00124947 0.00240313 20.1606 7.43366e-11
-2.954 0.00125793 0.00242761 20.1332 7.6953e-11
-2.9505 0.00126647 0.00245224 20.1058 7.96476e-11
-2.947 0.00127509 0.00247704 20.0785 8.24222e-11
-2.9435 0.00128381 0.00250201 20.0512 8.52791e-11
-2.94 0.00129261 0.00252715 20.024 8.82204e-11
-2.9365 0.0013015 0.00255246 19.9969 9.12484e-11
-2.933 0.00131048 0.00257793 19.9698 9.43652e-11
-2.9295 0.00131954 0.00260359 19.9427 9.75732e-11
-2.926 0.0013287 0.00262941 19.9157 1.00875e-10
-2.9225 0.00133795 0.00265542 19.8887 1.04272e-10
-2.919 0.00134729 0.0026816 19.8618 1.07769e-10
-2.9155 0.00135672 0.00270797 19.8349 1.11366e-10
-2.912 0.00136625 0.00273451 19.8081 1.15067e-10
-2.9085 0.00137586 0.00276125 19.7813 1.18874e-10
-2.905 0.00138557 0.00278817 19.7545 1.22791e-10
-2.9015 0.00139538 0.00281527 19.7278 1.26819e-10
-2.898 0.00140528 0.00284257 19.7011 1.30963e-10
-2.8945 0.00141528 0.00287006 19.6745 1.35224e-10
-2.891 0.00142537 0.00289774 19.6479 1.39607e-10
-2.8875 0.00143556 0.00292562 19.6213 1.44113e-10
-2.884 0.00144585 0.0029537 19.5948 1.48747e-10
-2.8805 0.00145624 0.00298197 19.5683 1.53511e-10
-2.877 0.00146673 0.00301045 19.5418 1.5841e-10
-2.8735 0.00147731 0.00303913 19.5154 1.63445e-10
-2.87 0.001488 0.00306802 19.489 1.68622e-10
-2.8665 0.00149879 0.00309712 19.4626 1.73943e-10
-2.863 0.00150968 0.00312642 19.4363 1.79413e-10
-2.8595 0.00152067 0.00315594 19.41 1.85035e-10
-2.856 0.00153177 0.00318567 19.3837 1.90813e-10
-2.8525 0.00154297 0.00321561 19.3574 1.96751e-10
-2.849 0.00155428 0.00324578 19.3312 2.02853e-10
-2.8455 0.00156569 0.00327616 19.305 2.09123e-10
-2.842 0.00157721 0.00330677 19.2788 2.15566e-10
-2.8385 0.00158884 0.0033376 19.2527 2.22187e-10
-2.835 0.00160058 0.00336866 19.2266 2.28989e-10
-2.8315 0.00161242 0.00339994 19.2005 2.35977e-10
-2.828 0.00162438 0.00343146 19.1744 2.43157e-10
-2.8245 0.00163644 0.00346321 19.1484 2.50533e-10
-2.821 0.00164862 0.00349519 19.1224 2.58109e-10
-2.8175 0.00166091 0.00352741 19.0964 2.65892e-10
-2.814 0.00167331 0.00355987 19.0704 2.73887e-10
-2.8105 0.00168583 0.00359257 19.0444 2.82098e-10
-2.807 0.00169846 0.00362552 19.0185 2.90532e-10
-2.8035 0.00171121 0.00365871 18.9926 2.99194e-10
-2.8 0.00172407 0.00369215 18.9667 3.0809e-10
-2.7965 0.00173705 0.00372584 18.9409 3.17226e-10
-2.793 0.00175015 0.00375978 18.915 3.26608e-10
-2.7895 0.00176337 0.00379398 18.8892 3.36242e-10
-2.786 0.00177671 0.00382844 18.8634 3.46136e-10
-2.7825 0.00179017 0.00386316 18.8376 3.56294e-10
-2.779 0.00180375 0.00389813 18.8118 3.66725e-10
-2.7755 0.00181746 0.00393338 18.7861 3.77435e-10
-2.772 0.00183129 0.00396889 18.7604 3.88431e-10
-2.7685 0.00184524 0.00400467 18.7347 3.9972e-10
-2.765 0.00185932 0.00404072 18.709 4.11311e-10
-2.7615 0.00187353 0.00407705 18.6833 4.2321e-10
-2.758 0.00188786 0.00411366 18.6576 4.35426e-10
-2.7545 0.00190232 0.00415054 18.632 4.47966e-10
-2.751 0.00191691 0.00418771 18.6064 4.60839e-10
-2.7475 0.00193164 0.00422516 18.5807 4.74054e-10
-2.744 0.00194649 0.0042629 18.5552 4.87618e-10
-2.7405 0.00196148 0.00430093 18.5296 5.01541e-10
-2.737 0.0019766 0.00433925 18.504 5.15832e-10
-2.7335 0.00199185 0.00437786 18.4785 5.30501e-10
-2.73 0.00200724 0.00441678 18.4529 5.45557e-10
-2.7265 0.00202277 0.00445599 18.4274 5.61009e-10
-2.723 0.00203844 0.00449551 18.4019 5.76868e-10
-2.7195 0.00205424 0.00453533 18.3764 5.93144e-10
-2.716 0.00207018 0.00457546 18.3509 6.09848e-10
-2.7125 0.00208627 0.00461591 18.3254 6.26991e-10
-2.709 0.00210249 0.00465666 18.3 6.44583e-10
-2.7055 0.00211886 0.00469774 18.2745 6.62637e-10
-2.702 0.00213538 0.00473913 18.2491 6.81163e-10
-2.6985 0.00215204 0.00478084 18.2237 7.00174e-10
-2.695 0.00216885 0.00482288 18.1983 7.19683e-10
-2.6915 0.0021858 0.00486525 18.1729 7.39701e-10
-2.688 0.0022029 0.00490795 18.1475 7.60241e-10
-2.6845 0.00222016 0.00495099 18.1221 7.81318e-10
-2.681 0.00223756 0.00499436 18.0967 8.02944e-10
-2.6775 0.00225512 0.00503807 18.0714 8.25134e-10
-2.674 0.00227283 0.00508212 18.046 8.47901e-10
-2.6705 0.00229069 0.00512652 18.0207 8.7126e-10
-2.667 0.00230871 0.00517127 17.9954 8.95227e-10
-2.6635 0.00232689 0.00521637 17.9701 9.19816e-10
-2.66 0.00234523 0.00526183 17.9448 9.45044e-10
-2.6565 0.00236372 0.00530764 17.9195 9.70926e-10
-2.653 0.00238238 0.00535382 17.8942 9.97479e-10
-2.6495 0.0024012 0.00540035 17.8689 1.02472e-09
-2.646 0.00242018 0.00544726 17.8437 1.05267e-09
-2.6425 0.00243933 0.00549454 17.8184 1.08134e-09
-2.639 0.00245865 0.00554219 17.7931 1.11075e-09
-2.6355 0.00247813 0.00559022 17.7679 1.14092e-09
-2.632 0.00249778 0.00563863 17.7427 1.17187e-09
-2.6285 0.0025176 0.00568742 17.7175 1.20362e-09
-2.625 0.00253759 0.0057366 17.6922 1.2362e-09
-2.6215 0.00255776 0.00578618 17.667 1.26961e-09
-2.618 0.0025781 0.00583614 17.6418 1.30388e-09
-2.6145 0.00259861 0.0058865 17.6166 1.33903e-09
-2.611 0.0026193 0.00593727 17.5915 1.3751e-09
-2.6075 0.00264017 0.00598844 17.5663 1.41208e-09
-2.604 0.00266122 0.00604001 17.5411 1.45003e-09
-2.6005 0.00268245 0.006092 17.516 1.48894e-09
-2.597 0.00270387 0.0061444 17.4908 1.52886e-09
-2.5935 0.00272546 0.00619722 17.4656 1.5698e-09
-2.59 0.00274725 0.00625046 17.4405 1.6118e-09
-2.5865 0.00276922 0.00630413 17.4154 1.65487e-09
-2.583 0.00279138 0.00635823 17.3902 1.69905e-09
-2.5795 0.00281372 0.00641276 17.3651 1.74436e-09
-2.576 0.00283627 0.00646773 17.34 1.79084e-09
-2.5725 0.002859 0.00652314 17.3149 1.8385e-09
-2.569 0.00288193 0.00657899 17.2898 1.88739e-09
-2.5655 0.00290505 0.00663529 17.2647 1.93752e-09
-2.562 0.00292838 0.00669204 17.2396 1.98895e-09
-2.5585 0.0029519 0.00674925 17.2145 2.04168e-09
-2.555 0.00297562 0.00680692 17.1894 2.09577e-09
-2.5515 0.00299955 0.00686505 17.1644 2.15124e-09
-2.548 0.00302368 0.00692365 17.1393 2.20813e-09
-2.5445 0.00304801 0.00698272 17.1142 2.26647e-09
-2.541 0.00307256 0.00704227 17.0892 2.3263e-09
-2.5375 0.00309731 0.00710229 17.0641 2.38766e-09
-2.534 0.00312227 0.0071628 17.0391 2.45059e-09
-2.5305 0.00314745 0.0072238 17.014 2.51512e-09
-2.527 0.00317284 0.00728529 16.989 2.5813e-09
-2.5235 0.00319845 0.00734728 16.964 2.64917e-09
-2.52 0.00322427 0.00740977 16.9389 2.71876e-09
-2.5165 0.00325032 0.00747276 16.9139 2.79013e-09
-2.513 0.00327658 0.00753626 16.8889 2.86332e-09
-2.5095 0.00330307 0.00760027 16.8639 2.93838e-09
-2.506 0.00332978 0.00766481 16.8389 3.01534e-09
-2.5025 0.00335672 0.00772986 16.8139 3.09427e-09
-2.499 0.00338389 0.00779544 16.7889 3.1752e-09
-2.4955 0.00341129 0.00786156 16.7639 3.2582e-09
-2.492 0.00343893 0.0079282 16.7389 3.3433e-09
-2.4885 0.00346679 0.00799539 16.7139 3.43057e-09
-2.485 0.00349489 0.00806313 16.6889 3.52006e-09
-2.4815 0.00352323 0.00813141 16.6639 3.61183e-09
-2.478 0.00355181 0.00820025 16.6389 3.70592e-09
-2.4745 0.00358064 0.00826964 16.614 3.80241e-09
-2.471 0.0036097 0.0083396 16.589 3.90134e-09
-2.4675 0.00363901 0.00841013 16.564 4.00279e-09
-2.464 0.00366857 0.00848123 16.5391 4.10682e-09
-2.4605 0.00369838 0.00855291 16.5141 4.21349e-09
-2.457 0.00372844 0.00862517 16.4891 4.32286e-09
-2.4535 0.00375876 0.00869802 16.4642 4.43501e-09
-2.45 0.00378933 0.00877146 16.4392 4.55e-09
-2.4465 0.00382016 0.0088455 16.4143 4.66791e-09
-2.443 0.00385125 0.00892015 16.3893 4.78881e-09
-2.4395 0.0038826 0.0089954 16.3644 4.91278e-09
-2.436 0.00391422 0.00907126 16.3395 5.03989e-09
-2.4325 0.0039461 0.00914774 16.3145 5.17022e-09
-2.429 0.00397825 0.00922485 16.2896 5.30385e-09
-2.4255 0.00401068 0.00930259 16.2647 5.44086e-09
-2.422 0.00404337 0.00938095 16.2397 5.58135e-09
-2.4185 0.00407634 0.00945996 16.2148 5.7254e-09
-2.415 0.00410959 0.00953962 16.1899 5.87309e-09
-2.4115 0.00414312 0.00961992 16.165 6.02452e-09
-2.408 0.00417693 0.00970088 16.1401 6.17978e-09
-2.4045 0.00421103 0.0097825 16.1152 6.33898e-09
-2.401 0.00424541 0.00986479 16.0903 6.5022e-09
-2.3975 0.00428008 0.00994775 16.0653 6.66955e-09
-2.394 0.00431505 0.0100314 16.0404 6.84113e-09
-2.3905 0.0043503 0.0101157 16.0155 7.01705e-09
-2.387 0.00438586 0.0102007 15.9906 7.19742e-09
-2.3835 0.00442171 0.0102864 15.9657 7.38236e-09
-2.38 0.00445786 0.0103728 15.9409 7.57196e-09
-2.3765 0.00449432 0.0104599 15.916 7.76636e-09
-2.373 0.00453108 0.0105478 15.8911 7.96567e-09
-2.3695 0.00456816 0.0106363 15.8662 8.17002e-09
-2.366 0.00460554 0.0107256 15.8413 8.37953e-09
-2.3625 0.00464324 0.0108156 15.8164 8.59433e-09
-2.359 0.00468125 0.0109063 15.7915 8.81456e-09
-2.3555 0.00471958 0.0109978 15.7667 9.04035e-09
-2.352 0.00475824 0.0110901 15.7418 9.27185e-09
-2.3485 0.00479721 0.0111831 15.7169 9.50918e-09
-2.345 0.00483652 0.0112768 15.692 9.75251e-09
-2.3415 0.00487615 0.0113713 15.6672 1.0002e-08
-2.338 0.00491612 0.0114666 15.6423 1.02578e-08
-2.3345 0.00495642 0.0115627 15.6174 1.052e-08
-2.331 0.00499706 0.0116596 15.5926 1.07888e-08
-2.3275 0.00503804 0.0117572 15.5677 1.10644e-08
-2.324 0.00507936 0.0118557 15.5428 1.1347e-08
-2.3205 0.00512103 0.011955 15.518 1.16367e-08
-2.317 0.00516305 0.0120551 15.4931 1.19337e-08
-2.3135 0.00520541 0.012156 15.4683 1.22382e-08
-2.31 0.00524814 0.0122577 15.4434 1.25504e-08
-2.3065 0.00529122 0.0123603 15.4185 1.28705e-08
-2.303 0.00533466 0.0124637 15.3937 1.31986e-08
-2.2995 0.00537847 0.012568 15.3688 1.3535e-08
-2.296 0.00542264 0.0126731 15.344 1.38798e-08
-2.2925 0.00546718 0.0127791 15.3191 1.42334e-08
-2.289 0.00551209 0.012886 15.2943 1.45959e-08
-2.2855 0.00555738 0.0129937 15.2695 1.49675e-08
-2.282 0.00560305 0.0131023 15.2446 1.53484e-08
-2.2785 0.0056491 0.0132119 15.2198 1.5739e-08
-2.275 0.00569553 0.0133223 15.1949 1.61394e-08
-2.2715 0.00574236 0.0134336 15.1701 1.65499e-08
-2.268 0.00578957 0.0135459 15.1452 1.69708e-08
-2.2645 0.00583718 0.013659 15.1204 1.74022e-08
-2.261 0.00588518 0.0137731 15.0956 1.78445e-08
-2.2575 0.00593359 0.0138882 15.0707 1.82979e-08
-2.254 0.0059824 0.0140042 15.0459 1.87628e-08
-2.2505 0.00603162 0.0141211 15.0211 1.92394e-08
-2.247 0.00608125 0.014239 14.9962 1.97279e-08
-2.2435 0.0061313 0.0143579 14.9714 2.02288e-08
-2.24 0.00618176 0.0144778 14.9466 2.07423e-08
-2.2365 0.00623264 0.0145986 14.9218 2.12687e-08
-2.233 0.00628395 0.0147205 14.8969 2.18083e-08
-2.2295 0.00633569 0.0148433 14.8721 2.23615e-08
-2.226 0.00638785 0.0149672 14.8473 2.29287e-08
-2.2225 0.00644046 0.0150921 14.8225 2.35101e-08
-2.219 0.0064935 0.015218 14.7976 2.41062e-08
-2.2155 0.00654699 0.0153449 14.7728 2.47172e-08
-2.212 0.00660092 0.0154729 14.748 2.53436e-08
-2.2085 0.0066553 0.015602 14.7232 2.59858e-08
-2.205 0.00671013 0.0157321 14.6984 2.66442e-08
-2.2015 0.00676542 0.0158633 14.6736 2.73191e-08
-2.198 0.00682118 0.0159956 14.6487 2.80109e-08
-2.1945 0.00687739 0.0161289 14.6239 2.87202e-08
-2.191 0.00693408 0.0162634 14.5991 2.94473e-08
-2.1875 0.00699124 0.016399 14.5743 3.01928e-08
-2.184 0.00704887 0.0165357 14.5495 3.09569e-08
-2.1805 0.00710699 0.0166735 14.5247 3.17403e-08
-2.177 0.00716559 0.0168125 14.4999 3.25433e-08
-2.1735 0.00722468 0.0169526 14.475 3.33666e-08
-2.17 0.00728426 0.0170939 14.4502 3.42106e-08
-2.1665 0.00734434 0.0172363 14.4254 3.50757e-08
-2.163 0.00740491 0.0173799 14.4006 3.59627e-08
-2.1595 0.007466 0.0175247 14.3758 3.68719e-08
-2.156 0.00752759 0.0176707 14.351 3.7804e-08
-2.1525 0.00758969 0.0178179 14.3262 3.87595e-08
-2.149 0.00765232 0.0179663 14.3014 3.9739e-08
-2.1455 0.00771546 0.018116 14.2766 4.07432e-08
-2.142 0.00777913 0.0182668 14.2518 4.17726e-08
-2.1385 0.00784333 0.018419 14.227 4.28278e-08
-2.135 0.00790806 0.0185724 14.2022 4.39096e-08
-2.1315 0.00797334 0.018727 14.1774 4.50186e-08
-2.128 0.00803915 0.0188829 14.1526 4.61554e-08
-2.1245 0.00810552 0.0190402 14.1278 4.73208e-08
-2.121 0.00817244 0.0191987 14.103 4.85155e-08
-2.1175 0.00823991 0.0193585 14.0782 4.97402e-08
-2.114 0.00830795 0.0195197 14.0534 5.09957e-08
-2.1105 0.00837655 0.0196822 14.0286 5.22827e-08
-2.107 0.00844572 0.019846 14.0038 5.36021e-08
-2.1035 0.00851547 0.0200112 13.979 5.49546e-08
-2.1 0.0085858 0.0201777 13.9542 5.6341e-08
-2.0965 0.00865672 0.0203457 13.9294 5.77624e-08
-2.093 0.00872823 0.020515 13.9046 5.92194e-08
-2.0895 0.00880033 0.0206857 13.8798 6.0713e-08
-2.086 0.00887303 0.0208579 13.855 6.22441e-08
-2.0825 0.00894633 0.0210314 13.8302 6.38137e-08
-2.079 0.00902025 0.0212064 13.8054 6.54227e-08
-2.0755 0.00909478 0.0213829 13.7806 6.70722e-08
-2.072 0.00916993 0.0215608 13.7559 6.8763e-08
-2.0685 0.00924571 0.0217401 13.7311 7.04963e-08
-2.065 0.00932211 0.021921 13.7063 7.22732e-08
-2.0615 0.00939916 0.0221034 13.6815 7.40947e-08
-2.058 0.00947684 0.0222872 13.6567 7.59619e-08
-2.0545 0.00955517 0.0224726 13.6319 7.7876e-08
-2.051 0.00963415 0.0226596 13.6071 7.98382e-08
-2.0475 0.00971379 0.0228481 13.5823 8.18496e-08
-2.044 0.00979409 0.0230381 13.5575 8.39115e-08
-2.0405 0.00987506 0.0232297 13.5327 8.60253e-08
-2.037 0.0099567 0.0234229 13.508 8.81921e-08
-2.0335 0.010039 0.0236177 13.4832 9.04133e-08
-2.03 0.010122 0.0238141 13.4584 9.26903e-08
-2.0265 0.0102057 0.0240122 13.4336 9.50244e-08
-2.023 0.0102901 0.0242119 13.4088 9.74171e-08
-2.0195 0.0103752 0.0244132 13.384 9.987e-08
-2.016 0.010461 0.0246162 13.3592 1.02384e-07
-2.0125 0.0105475 0.0248209 13.3344 1.04962e-07
-2.009 0.0106348 0.0250273 13.3097 1.07604e-07
-2.0055 0.0107227 0.0252354 13.2849 1.10313e-07
-2.002 0.0108114 0.0254452 13.2601 1.13089e-07
-1.9985 0.0109008 0.0256568 13.2353 1.15935e-07
-1.995 0.010991 0.0258701 13.2105 1.18853e-07
-1.9915 0.0110819 0.0260852 13.1857 1.21844e-07
-1.988 0.0111736 0.026302 13.161 1.2491e-07
-1.9845 0.011266 0.0265207 13.1362 1.28053e-07
-1.981 0.0113592 0.0267412 13.1114 1.31275e-07
-1.9775 0.0114532 0.0269635 13.0866 1.34578e-07
-1.974 0.011548 0.0271876 13.0618 1.37963e-07
-1.9705 0.0116435 0.0274137 13.037 1.41434e-07
-1.967 0.0117399 0.0276415 13.0123 1.44992e-07
-1.9635 0.011837 0.0278713 12.9875 1.48639e-07
-1.96 0.011935 0.028103 12.9627 1.52377e-07
-1.9565 0.0120338 0.0283366 12.9379 1.5621e-07
-1.953 0.0121334 0.0285722 12.9131 1.60138e-07
-1.9495 0.0122338 0.0288097 12.8883 1.64165e-07
-1.946 0.012335 0.0290491 12.8636 1.68294e-07
-1.9425 0.0124371 0.0292906 12.8388 1.72525e-07
-1.939 0.0125401 0.029534 12.814 1.76863e-07
-1.9355 0.0126439 0.0297795 12.7892 1.8131e-07
-1.932 0.0127485 0.030027 12.7644 1.85869e-07
-1.9285 0.012854 0.0302766 12.7397 1.90542e-07
-1.925 0.0129605 0.0305282 12.7149 1.95332e-07
-1.9215 0.0130677 0.030782 12.6901 2.00242e-07
-1.918 0.0131759 0.0310378 12.6653 2.05276e-07
-1.9145 0.013285 0.0312958 12.6405 2.10436e-07
-1.911 0.013395 0.0315559 12.6158 2.15725e-07
-1.9075 0.0135059 0.0318181 12.591 2.21147e-07
-1.904 0.0136177 0.0320826 12.5662 2.26705e-07
-1.9005 0.0137305 0.0323492 12.5414 2.32403e-07
-1.897 0.0138442 0.0326181 12.5166 2.38243e-07
-1.8935 0.0139588 0.0328891 12.4919 2.44231e-07
-1.89 0.0140744 0.0331625 12.4671 2.50368e-07
-1.8865 0.014191 0.0334381 12.4423 2.56659e-07
-1.883 0.0143085 0.033716 12.4175 2.63109e-07
-1.8795 0.014427 0.0339962 12.3927 2.6972e-07
-1.876 0.0145465 0.0342787 12.368 2.76497e-07
-1.8725 0.0146669 0.0345636 12.3432 2.83444e-07
-1.869 0.0147884 0.0348508 12.3184 2.90565e-07
-1.8655 0.0149109 0.0351405 12.2936 2.97865e-07
-1.862 0.0150344 0.0354325 12.2688 3.05348e-07
-1.8585 0.0151589 0.0357269 12.2441 3.13019e-07
-1.855 0.0152845 0.0360239 12.2193 3.20882e-07
-1.8515 0.0154111 0.0363232 12.1945 3.28943e-07
-1.848 0.0155387 0.0366251 12.1697 3.37205e-07
-1.8445 0.0156675 0.0369295 12.145 3.45676e-07
-1.841 0.0157973 0.0372364 12.1202 3.54358e-07
-1.8375 0.0159281 0.0375458 12.0954 3.63259e-07
-1.834 0.0160601 0.0378578 12.0706 3.72383e-07
-1.8305 0.0161931 0.0381725 12.0458 3.81735e-07
-1.827 0.0163273 0.0384897 12.0211 3.91323e-07
-1.8235 0.0164626 0.0388096 11.9963 4.01151e-07
-1.82 0.016599 0.0391321 11.9715 4.11225e-07
-1.8165 0.0167365 0.0394573 11.9467 4.21552e-07
-1.813 0.0168752 0.0397852 11.9219 4.32139e-07
-1.8095 0.017015 0.0401159 11.8972 4.42991e-07
-1.806 0.017156 0.0404493 11.8724 4.54115e-07
-1.8025 0.0172981 0.0407854 11.8476 4.65518e-07
-1.799 0.0174415 0.0411244 11.8228 4.77208e-07
-1.7955 0.017586 0.0414662 11.798 4.8919e-07
-1.792 0.0177317 0.0418108 11.7733 5.01473e-07
-1.7885 0.0178787 0.0421583 11.7485 5.14065e-07
-1.785 0.0180269 0.0425086 11.7237 5.26972e-07
-1.7815 0.0181763 0.0428619 11.6989 5.40203e-07
-1.778 0.0183269 0.0432182 11.6742 5.53766e-07
-1.7745 0.0184788 0.0435774 11.6494 5.6767e-07
-1.771 0.0186319 0.0439395 11.6246 5.81922e-07
-1.7675 0.0187864 0.0443047 11.5998 5.96531e-07
-1.764 0.0189421 0.044673 11.575 6.11507e-07
-1.7605 0.0190991 0.0450443 11.5503 6.26859e-07
-1.757 0.0192574 0.0454187 11.5255 6.42596e-07
-1.7535 0.019417 0.0457962 11.5007 6.58728e-07
-1.75 0.019578 0.0461768 11.4759 6.75265e-07
-1.7465 0.0197403 0.0465606 11.4511 6.92216e-07
-1.743 0.0199039 0.0469477 11.4264 7.09593e-07
-1.7395 0.0200689 0.0473379 11.4016 7.27405e-07
-1.736 0.0202353 0.0477314 11.3768 7.45665e-07
-1.7325 0.020403 0.0481281 11.352 7.64382e-07
-1.729 0.0205722 0.0485282 11.3272 7.83569e-07
-1.7255 0.0207427 0.0489316 11.3025 8.03238e-07
-1.722 0.0209147 0.0493383 11.2777 8.234e-07
-1.7185 0.0210881 0.0497485 11.2529 8.44068e-07
-1.715 0.0212629 0.050162 11.2281 8.65254e-07
-1.7115 0.0214392 0.050579 11.2033 8.86971e-07
-1.708 0.021617 0.0509995 11.1786 9.09234e-07
-1.7045 0.0217962 0.0514235 11.1538 9.32055e-07
-1.701 0.021977 0.051851 11.129 9.55449e-07
-1.6975 0.0221592 0.052282 11.1042 9.79429e-07
-1.694 0.0223429 0.0527167 11.0794 1.00401e-06
-1.6905 0.0225282 0.053155 11.0547 1.02921e-06
-1.687 0.022715 0.0535969 11.0299 1.05504e-06
-1.6835 0.0229034 0.0540425 11.0051 1.08152e-06
-1.68 0.0230933 0.0544918 10.9803 1.10866e-06
-1.6765 0.0232848 0.0549449 10.9555 1.13649e-06
-1.673 0.0234779 0.0554017 10.9307 1.16501e-06
-1.6695 0.0236727 0.0558624 10.906 1.19425e-06
-1.666 0.023869 0.0563269 10.8812 1.22422e-06
-1.6625 0.0240669 0.0567952 10.8564 1.25494e-06
-1.659 0.0242666 0.0572675 10.8316 1.28644e-06
-1.6555 0.0244678 0.0577437 10.8068 1.31872e-06
-1.652 0.0246708 0.0582239 10.7821 1.35182e-06
-1.6485 0.0248754 0.058708 10.7573 1.38574e-06
-1.645 0.0250817 0.0591963 10.7325 1.42052e-06
-1.6415 0.0252898 0.0596885 10.7077 1.45616e-06
-1.638 0.0254996 0.0601849 10.6829 1.49271e-06
-1.6345 0.0257111 0.0606855 10.6581 1.53016e-06
-1.631 0.0259244 0.0611902 10.6333 1.56856e-06
-1.6275 0.0261394 0.0616991 10.6086 1.60793e-06
-1.624 0.0263563 0.0622122 10.5838 1.64828e-06
-1.6205 0.0265749 0.0627297 10.559 1.68964e-06
-1.617 0.0267954 0.0632514 10.5342 1.73204e-06
-1.6135 0.0270177 0.0637775 10.5094 1.7755e-06
-1.61 0.0272418 0.064308 10.4846 1.82006e-06
-1.6065 0.0274678 0.0648429 10.4599 1.86573e-06
-1.603 0.0276957 0.0653823 10.4351 1.91255e-06
-1.5995 0.0279255 0.0659262 10.4103 1.96054e-06
-1.596 0.0281572 0.0664746 10.3855 2.00974e-06
-1.5925 0.0283908 0.0670277 10.3607 2.06017e-06
-1.589 0.0286264 0.0675853 10.3359 2.11187e-06
-1.5855 0.0288639 0.0681475 10.3111 2.16486e-06
-1.582 0.0291034 0.0687145 10.2863 2.21918e-06
-1.5785 0.0293449 0.0692862 10.2616 2.27487e-06
-1.575 0.0295885 0.0698627 10.2368 2.33195e-06
-1.5715 0.029834 0.070444 10.212 2.39047e-06
-1.568 0.0300816 0.0710301 10.1872 2.45045e-06
-1.5645 0.0303312 0.0716212 10.1624 2.51194e-06
-1.561 0.0305829 0.0722171 10.1376 2.57498e-06
-1.5575 0.0308367 0.0728181 10.1128 2.63959e-06
-1.554 0.0310927 0.0734241 10.088 2.70582e-06
-1.5505 0.0313507 0.0740351 10.0633 2.77372e-06
-1.547 0.0316109 0.0746512 10.0385 2.84332e-06
-1.5435 0.0318733 0.0752725 10.0137 2.91467e-06
-1.54 0.0321378 0.075899 9.98888 2.98781e-06
-1.5365 0.0324046 0.0765307 9.96409 3.06278e-06
-1.533 0.0326735 0.0771677 9.9393 3.13963e-06
-1.5295 0.0329448 0.07781 9.91451 3.21842e-06
-1.526 0.0332182 0.0784577 9.88972 3.29918e-06
-1.5225 0.033494 0.0791108 9.86493 3.38196e-06
-1.519 0.033772 0.0797694 9.84014 3.46683e-06
-1.5155 0.0340524 0.0804334 9.81534 3.55382e-06
-1.512 0.034335 0.081103 9.79055 3.64299e-06
-1.5085 0.0346201 0.0817783 9.76576 3.73441e-06
-1.505 0.0349075 0.0824591 9.74096 3.82812e-06
-1.5015 0.0351973 0.0831457 9.71617 3.92418e-06
-1.498 0.0354895 0.083838 9.69138 4.02265e-06
-1.4945 0.0357842 0.0845361 9.66658 4.12359e-06
-1.491 0.0360813 0.08524 9.64179 4.22706e-06
-1.4875 0.0363809 0.0859498 9.61699 4.33313e-06
-1.484 0.0366829 0.0866656 9.5922 4.44187e-06
-1.4805 0.0369875 0.0873873 9.5674 4.55333e-06
-1.477 0.0372947 0.0881151 9.54261 4.66759e-06
-1.4735 0.0376043 0.088849 9.51781 4.78472e-06
-1.47 0.0379166 0.089589 9.49301 4.90478e-06
-1.4665 0.0382315 0.0903352 9.46822 5.02786e-06
-1.463 0.038549 0.0910877 9.44342 5.15403e-06
-1.4595 0.0388691 0.0918464 9.41862 5.28337e-06
-1.456 0.0391919 0.0926115 9.39382 5.41595e-06
-1.4525 0.0395174 0.0933831 9.36903 5.55186e-06
-1.449 0.0398456 0.094161 9.34423 5.69118e-06
-1.4455 0.0401765 0.0949455 9.31943 5.834e-06
-1.442 0.0405102 0.0957366 9.29463 5.9804e-06
-1.4385 0.0408467 0.0965343 9.26983 6.13048e-06
-1.435 0.041186 0.0973387 9.24503 6.28432e-06
-1.4315 0.0415281 0.0981498 9.22023 6.44202e-06
-1.428 0.041873 0.0989677 9.19543 6.60369e-06
-1.4245 0.0422208 0.0997925 9.17063 6.76941e-06
-1.421 0.0425716 0.100624 9.14582 6.93929e-06
-1.4175 0.0429252 0.101463 9.12102 7.11343e-06
-1.414 0.0432818 0.102308 9.09622 7.29195e-06
-1.4105 0.0436414 0.103161 9.07142 7.47495e-06
-1.407 0.044004 0.104021 9.04661 7.66254e-06
-1.4035 0.0443695 0.104888 9.02181 7.85484e-06
-1.4 0.0447382 0.105763 8.997 8.05197e-06
-1.3965 0.0451099 0.106644 8.9722 8.25404e-06
-1.393 0.0454847 0.107534 8.94739 8.46119e-06
-1.3895 0.0458626 0.10843 8.92259 8.67354e-06
-1.386 0.0462437 0.109334 8.89778 8.89122e-06
-1.3825 0.046628 0.110246 8.87298 9.11437e-06
-1.379 0.0470154 0.111165 8.84817 9.34312e-06
-1.3755 0.0474061 0.112092 8.82336 9.57761e-06
-1.372 0.0478001 0.113027 8.79855 9.81798e-06
-1.3685 0.0481973 0.11397 8.77375 1.00644e-05
-1.365 0.0485979 0.114921 8.74894 1.0317e-05
-1.3615 0.0490018 0.115879 8.72413 1.05759e-05
-1.358 0.0494091 0.116846 8.69932 1.08414e-05
-1.3545 0.0498197 0.117821 8.67451 1.11135e-05
-1.351 0.0502338 0.118804 8.6497 1.13924e-05
-1.3475 0.0506514 0.119795 8.62489 1.16784e-05
-1.344 0.0510724 0.120794 8.60007 1.19715e-05
-1.3405 0.0514969 0.121802 8.57526 1.2272e-05
-1.337 0.051925 0.122819 8.55045 1.258e-05
-1.3335 0.0523567 0.123844 8.52564 1.28957e-05
-1.33 0.0527919 0.124877 8.50082 1.32194e-05
-1.3265 0.0532308 0.125919 8.47601 1.35512e-05
-1.323 0.0536734 0.12697 8.45119 1.38914e-05
-1.3195 0.0541196 0.12803 8.42638 1.42401e-05
-1.316 0.0545696 0.129099 8.40156 1.45975e-05
-1.3125 0.0550233 0.130177 8.37675 1.4964e-05
-1.309 0.0554808 0.131264 8.35193 1.53396e-05
-1.3055 0.0559422 0.13236 8.32711 1.57246e-05
-1.302 0.0564074 0.133465 8.30229 1.61194e-05
-1.2985 0.0568765 0.134579 8.27747 1.6524e-05
-1.295 0.0573494 0.135703 8.25266 1.69388e-05
-1.2915 0.0578264 0.136836 8.22784 1.7364e-05
-1.288 0.0583073 0.137979 8.20302 1.77999e-05
-1.2845 0.0587922 0.139132 8.17819 1.82468e-05
-1.281 0.0592812 0.140294 8.15337 1.87048e-05
-1.2775 0.0597743 0.141466 8.12855 1.91744e-05
-1.274 0.0602715 0.142648 8.10373 1.96558e-05
-1.2705 0.0607729 0.14384 8.0789 2.01492e-05
-1.267 0.0612784 0.145042 8.05408 2.06551e-05
-1.2635 0.0617882 0.146253 8.02926 2.11737e-05
-1.26 0.0623022 0.147476 8.00443 2.17052e-05
-1.2565 0.0628205 0.148708 7.97961 2.22502e-05
-1.253 0.0633432 0.149951 7.95478 2.28088e-05
-1.2495 0.0638702 0.151204 7.92995 2.33815e-05
-1.246 0.0644016 0.152468 7.90513 2.39685e-05
-1.2425 0.0649375 0.153743 7.8803 2.45703e-05
-1.239 0.0654778 0.155028 7.85547 2.51872e-05
-1.2355 0.0660227 0.156325 7.83064 2.58196e-05
-1.232 0.0665721 0.157632 7.80581 2.64679e-05
-1.2285 0.0671261 0.15895 7.78098 2.71325e-05
-1.225 0.0676848 0.160279 7.75615 2.78138e-05
-1.2215 0.0682481 0.16162 7.73131 2.85122e-05
-1.218 0.0688161 0.162972 7.70648 2.92281e-05
-1.2145 0.0693889 0.164335 7.68165 2.9962e-05
-1.211 0.0699665 0.16571 7.65681 3.07144e-05
-1.2075 0.0705489 0.167096 7.63198 3.14857e-05
-1.204 0.0711362 0.168494 7.60714 3.22763e-05
-1.2005 0.0717284 0.169904 7.58231 3.30868e-05
-1.197 0.0723255 0.171326 7.55747 3.39177e-05
-1.1935 0.0729276 0.17276 7.53263 3.47695e-05
-1.19 0.0735348 0.174206 7.50779 3.56427e-05
-1.1865 0.0741471 0.175664 7.48295 3.65378e-05
-1.183 0.0747645 0.177135 7.45811 3.74554e-05
-1.1795 0.0753871 0.178618 7.43327 3.8396e-05
-1.176 0.0760148 0.180113 7.40843 3.93603e-05
-1.1725 0.0766479 0.181621 7.38359 4.03489e-05
-1.169 0.0772862 0.183142 7.35874 4.13623e-05
-1.1655 0.0779299 0.184676 7.3339 4.24011e-05
-1.162 0.0785789 0.186223 7.30906 4.34661e-05
-1.1585 0.0792335 0.187783 7.28421 4.45578e-05
-1.155 0.0798934 0.189356 7.25936 4.5677e-05
-1.1515 0.080559 0.190943 7.23452 4.68243e-05
-1.148 0.0812301 0.192542 7.20967 4.80004e-05
-1.1445 0.0819068 0.194156 7.18482 4.92061e-05
-1.141 0.0825892 0.195783 7.15997 5.04421e-05
-1.1375 0.0832773 0.197424 7.13512 5.17092e-05
-1.134 0.0839712 0.199079 7.11027 5.30081e-05
-1.1305 0.0846708 0.200748 7.08542 5.43397e-05
-1.127 0.0853764 0.202431 7.06056 5.57047e-05
-1.1235 0.0860879 0.204128 7.03571 5.71041e-05
-1.12 0.0868053 0.20584 7.01086 5.85387e-05
-1.1165 0.0875288 0.207566 6.986 6.00093e-05
-1.113 0.0882583 0.209307 6.96114 6.15169e-05
-1.1095 0.0889939 0.211063 6.93629 6.30624e-05
-1.106 0.0897358 0.212834 6.91143 6.46467e-05
-1.1025 0.0904838 0.214619 6.88657 6.62709e-05
-1.099 0.0912381 0.21642 6.86171 6.7936e-05
-1.0955 0.0919988 0.218236 6.83685 6.96429e-05
-1.092 0.0927658 0.220068 6.81199 7.13927e-05
-1.0885 0.0935392 0.221915 6.78712 7.31865e-05
-1.085 0.0943192 0.223778 6.76226 7.50255e-05
-1.0815 0.0951057 0.225657 6.73739 7.69106e-05
-1.078 0.0958988 0.227552 6.71253 7.88432e-05
-1.0745 0.0966986 0.229462 6.68766 8.08244e-05
-1.071 0.0975051 0.23139 6.66279 8.28554e-05
-1.0675 0.0983183 0.233333 6.63793 8.49376e-05
-1.064 0.0991384 0.235293 6.61306 8.7072e-05
-1.0605 0.0999654 0.23727 6.58819 8.92602e-05
-1.057 0.100799 0.239264 6.56331 9.15034e-05
-1.0535 0.10164 0.241274 6.53844 9.3803e-05
-1.05 0.102488 0.243302 6.51357 9.61605e-05
-1.0465 0.103343 0.245347 6.48869 9.85772e-05
-1.043 0.104206 0.24741 6.46382 0.000101055
-1.0395 0.105075 0.24949 6.43894 0.000103595
-1.036 0.105952 0.251587 6.41406 0.000106198
-1.0325 0.106836 0.253703 6.38918 0.000108868
-1.029 0.107728 0.255837 6.3643 0.000111604
-1.0255 0.108627 0.257989 6.33942 0.00011441
-1.022 0.109534 0.260159 6.31454 0.000117285
-1.0185 0.110448 0.262348 6.28965 0.000120234
-1.015 0.111371 0.264556 6.26477 0.000123256
-1.0115 0.1123 0.266783 6.23988 0.000126355
-1.008 0.113238 0.269028 6.215 0.000129531
-1.0045 0.114184 0.271293 6.19011 0.000132787
-1.001 0.115137 0.273577 6.16522 0.000136126
-0.9975 0.116099 0.275881 6.14033 0.000139548
-0.994 0.117068 0.278204 6.11544 0.000143057
-0.9905 0.118046 0.280547 6.09054 0.000146653
-0.987 0.119032 0.282911 6.06565 0.000150341
-0.9835 0.120026 0.285294 6.04075 0.000154121
-0.98 0.121029 0.287698 6.01586 0.000157996
-0.9765 0.12204 0.290123 5.99096 0.000161969
-0.973 0.12306 0.292568 5.96606 0.000166042
-0.9695 0.124088 0.295035 5.94116 0.000170217
-0.966 0.125125 0.297522 5.91626 0.000174497
-0.9625 0.126171 0.300031 5.89136 0.000178886
-0.959 0.127226 0.302562 5.86645 0.000183384
-0.9555 0.128289 0.305114 5.84155 0.000187996
-0.952 0.129361 0.307688 5.81664 0.000192724
-0.9485 0.130443 0.310284 5.79173 0.000197571
-0.945 0.131533 0.312902 5.76682 0.00020254
-0.9415 0.132633 0.315543 5.74191 0.000207634
-0.938 0.133742 0.318207 5.717 0.000212857
-0.9345 0.134861 0.320894 5.69208 0.000218211
-0.931 0.135989 0.323603 5.66717 0.0002237
-0.9275 0.137126 0.326336 5.64225 0.000229327
-0.924 0.138273 0.329093 5.61733 0.000235096
-0.9205 0.13943 0.331873 5.59241 0.00024101
-0.917 0.140596 0.334677 5.56749 0.000247072
-0.9135 0.141772 0.337506 5.54257 0.000253288
-0.91 0.142959 0.340358 5.51765 0.00025966
-0.9065 0.144155 0.343236 5.49272 0.000266193
-0.903 0.145361 0.346138 5.4678 0.00027289
-0.8995 0.146578 0.349065 5.44287 0.000279756
-0.896 0.147805 0.352017 5.41794 0.000286795
-0.8925 0.149042 0.354995 5.39301 0.000294011
-0.889 0.15029 0.357999 5.36807 0.000301409
-0.8855 0.151548 0.361028 5.34314 0.000308993
-0.882 0.152817 0.364084 5.3182 0.000316769
-0.8785 0.154097 0.367166 5.29326 0.00032474
-0.875 0.155387 0.370275 5.26833 0.000332912
-0.8715 0.156689 0.37341 5.24338 0.00034129
-0.868 0.158001 0.376573 5.21844 0.000349879
-0.8645 0.159325 0.379763 5.1935 0.000358684
-0.861 0.16066 0.38298 5.16855 0.000367711
-0.8575 0.162006 0.386226 5.1436 0.000376966
-0.854 0.163363 0.389499 5.11865 0.000386454
-0.8505 0.164732 0.392801 5.0937 0.000396181
-0.847 0.166113 0.396132 5.06875 0.000406153
-0.8435 0.167505 0.399491 5.0438 0.000416376
-0.84 0.168909 0.40288 5.01884 0.000426857
-0.8365 0.170325 0.406298 4.99388 0.000437602
-0.833 0.171753 0.409745 4.96892 0.000448618
-0.8295 0.173194 0.413222 4.94396 0.000459911
-0.826 0.174646 0.41673 4.919 0.000471489
-0.8225 0.176111 0.420268 4.89403 0.000483358
-0.819 0.177588 0.423837 4.86906 0.000495527
-0.8155 0.179078 0.427436 4.84409 0.000508002
-0.812 0.18058 0.431067 4.81912 0.000520792
-0.8085 0.182095 0.43473 4.79415 0.000533904
-0.805 0.183623 0.438424 4.76918 0.000547346
-0.8015 0.185164 0.442151 4.7442 0.000561128
-0.798 0.186718 0.44591 4.71922 0.000575256
-0.7945 0.188286 0.449701 4.69424 0.00058974
-0.791 0.189866 0.453526 4.66926 0.000604589
-0.7875 0.19146 0.457384 4.64427 0.000619813
-0.784 0.193068 0.461275 4.61928 0.00063542
-0.7805 0.194689 0.4652 4.59429 0.00065142
-0.777 0.196324 0.46916 4.5693 0.000667823
-0.7735 0.197973 0.473154 4.54431 0.00068464
-0.77 0.199636 0.477182 4.51931 0.00070188
-0.7665 0.201314 0.481246 4.49432 0.000719554
-0.763 0.203005 0.485345 4.46932 0.000737674
-0.7595 0.204711 0.48948 4.44431 0.00075625
-0.756 0.206432 0.493651 4.41931 0.000775294
-0.7525 0.208167 0.497859 4.3943 0.000794817
-0.749 0.209917 0.502103 4.36929 0.000814832
-0.7455 0.211681 0.506384 4.34428 0.000835351
-0.742 0.213461 0.510702 4.31927 0.000856387
-0.7385 0.215256 0.515058 4.29425 0.000877952
-0.735 0.217067 0.519452 4.26923 0.00090006
-0.7315 0.218893 0.523884 4.24421 0.000922724
-0.728 0.220734 0.528355 4.21919 0.000945959
-0.7245 0.222591 0.532865 4.19416 0.000969778
-0.721 0.224464 0.537415 4.16913 0.000994197
-0.7175 0.226353 0.542004 4.1441 0.00101923
-0.714 0.228258 0.546633 4.11907 0.00104489
-0.7105 0.23018 0.551302 4.09403 0.0010712
-0.707 0.232117 0.556013 4.06899 0.00109817
-0.7035 0.234072 0.560764 4.04395 0.00112582
-0.7 0.236043 0.565557 4.01891 0.00115416
-0.6965 0.238031 0.570391 3.99386 0.00118321
-0.693 0.240036 0.575268 3.96881 0.00121299
-0.6895 0.242058 0.580187 3.94376 0.00124353
-0.686 0.244097 0.585149 3.9187 0.00127482
-0.6825 0.246154 0.590154 3.89364 0.00130691
-0.679 0.248228 0.595203 3.86858 0.00133979
-0.6755 0.25032 0.600296 3.84352 0.00137351
-0.672 0.25243 0.605433 3.81845 0.00140806
-0.6685 0.254558 0.610614 3.79338 0.00144349
-0.665 0.256705 0.615841 3.76831 0.0014798
-0.6615 0.258869 0.621114 3.74323 0.00151702
-0.658 0.261052 0.626432 3.71815 0.00155517
-0.6545 0.263254 0.631796 3.69307 0.00159427
-0.651 0.265475 0.637207 3.66798 0.00163436
-0.6475 0.267715 0.642664 3.64289 0.00167544
-0.644 0.269974 0.648169 3.6178 0.00171755
-0.6405 0.272252 0.653722 3.5927 0.00176071
-0.637 0.27455 0.659322 3.5676 0.00180495
-0.6335 0.276867 0.664971 3.5425 0.00185029
-0.63 0.279205 0.670669 3.51739 0.00189676
-0.6265 0.281562 0.676416 3.49228 0.00194438
-0.623 0.28394 0.682212 3.46717 0.00199319
-0.6195 0.286338 0.688058 3.44205 0.00204321
-0.616 0.288756 0.693955 3.41693 0.00209447
-0.6125 0.291195 0.699901 3.3918 0.00214701
-0.609 0.293655 0.705899 3.36667 0.00220084
-0.6055 0.296137 0.711948 3.34154 0.00225601
-0.602 0.298639 0.718049 3.3164 0.00231253
-0.5985 0.301163 0.724201 3.29126 0.00237046
-0.595 0.303709 0.730406 3.26611 0.00242981
-0.5915 0.306276 0.736664 3.24096 0.00249062
-0.588 0.308865 0.742974 3.2158 0.00255293
-0.5845 0.311477 0.749338 3.19064 0.00261676
-0.581 0.314111 0.755755 3.16548 0.00268216
-0.5775 0.316767 0.762226 3.14031 0.00274915
-0.574 0.319446 0.768751 3.11513 0.00281779
-0.5705 0.322149 0.77533 3.08995 0.00288809
-0.567 0.324874 0.781965 3.06477 0.0029601
-0.5635 0.327622 0.788654 3.03958 0.00303386
-0.56 0.330394 0.795398 3.01438 0.00310941
-0.5565 0.33319 0.802198 2.98918 0.00318678
-0.553 0.33601 0.809053 2.96398 0.00326601
-0.5495 0.338854 0.815964 2.93876 0.00334715
-0.546 0.341722 0.822932 2.91355 0.00343023
-0.5425 0.344614 0.829955 2.88832 0.00351529
-0.539 0.347531 0.837035 2.86309 0.00360238
-0.5355 0.350474 0.844171 2.83786 0.00369153
-0.532 0.353441 0.851363 2.81261 0.00378279
-0.5285 0.356433 0.858613 2.78736 0.0038762
-0.525 0.359451 0.865919 2.76211 0.0039718
-0.5215 0.362495 0.873281 2.73685 0.00406963
-0.518 0.365564 0.880701 2.71157 0.00416974
-0.5145 0.36866 0.888176 2.6863 0.00427217
-0.511 0.371781 0.895709 2.66101 0.00437695
-0.5075 0.37493 0.903298 2.63572 0.00448414
-0.504 0.378105 0.910943 2.61042 0.00459376
-0.5005 0.381306 0.918644 2.58511 0.00470587
-0.497 0.384535 0.926401 2.55979 0.00482051
-0.4935 0.387791 0.934213 2.53446 0.0049377
-0.49 0.391075 0.942081 2.50913 0.0050575
-0.4865 0.394386 0.950004 2.48378 0.00517994
-0.483 0.397725 0.95798 2.45843 0.00530505
-0.4795 0.401092 0.966011 2.43306 0.00543288
-0.476 0.404487 0.974095 2.40769 0.00556345
-0.4725 0.40791 0.982231 2.3823 0.00569681
-0.469 0.411363 0.990419 2.3569 0.00583297
-0.4655 0.414843 0.998658 2.3315 0.00597197
-0.462 0.418353 1.00695 2.30608 0.00611384
-0.4585 0.421892 1.01529 2.28064 0.0062586
-0.455 0.42546 1.02367 2.2552 0.00640626
-0.4515 0.429058 1.03211 2.22974 0.00655686
-0.448 0.432685 1.04058 2.20427 0.00671039
-0.4445 0.436342 1.04911 2.17879 0.00686688
-0.441 0.440029 1.05767 2.15329 0.00702633
-0.4375 0.443746 1.06628 2.12778 0.00718874
-0.434 0.447493 1.07493 2.10225 0.00735412
-0.4305 0.45127 1.08361 2.07671 0.00752244
-0.427 0.455078 1.09233 2.05114 0.0076937
-0.4235 0.458917 1.10108 2.02557 0.00786789
-0.42 0.462786 1.10986 1.99997 0.00804496
-0.4165 0.466686 1.11867 1.97436 0.0082249
-0.413 0.470617 1.12751 1.94873 0.00840766
-0.4095 0.474578 1.13636 1.92308 0.00859318
-0.406 0.478571 1.14524 1.89741 0.00878143
-0.4025 0.482595 1.15413 1.87172 0.00897233
-0.399 0.48665 1.16304 1.84601 0.0091658
-0.3955 0.490736 1.17195 1.82027 0.00936176
-0.392 0.494854 1.18087 1.79452 0.00956011
-0.3885 0.499002 1.18978 1.76874 0.00976076
-0.385 0.503182 1.19869 1.74294 0.00996357
-0.3815 0.507393 1.20759 1.71711 0.0101684
-0.378 0.511635 1.21648 1.69126 0.0103752
-0.3745 0.515909 1.22535 1.66538 0.0105836
-0.371 0.520213 1.23419 1.63947 0.0107937
-0.3675 0.524548 1.24299 1.61354 0.0110051
-0.364 0.528914 1.25176 1.58758 0.0112178
-0.3605 0.53331 1.26048 1.56159 0.0114314
-0.357 0.537737 1.26914 1.53557 0.0116457
-0.3535 0.542194 1.27775 1.50952 0.0118605
-0.35 0.546681 1.28628 1.48344 0.0120756
-0.3465 0.551198 1.29474 1.45732 0.0122906
-0.343 0.555744 1.3031 1.43118 0.0125053
-0.3395 0.560319 1.31137 1.40501 0.0127194
-0.336 0.564924 1.31954 1.3788 0.0129325
-0.3325 0.569556 1.32758 1.35256 0.0131443
-0.329 0.574216 1.3355 1.32629 0.0133545
-0.3255 0.578904 1.34328 1.29998 0.0135626
-0.322 0.583619 1.35091 1.27365 0.0137684
-0.3185 0.588361 1.35837 1.24728 0.0139714
-0.315 0.593128 1.36566 1.22088 0.0141712
-0.3115 0.59792 1.37275 1.19445 0.0143674
-0.308 0.602737 1.37965 1.16799 0.0145596
-0.3045 0.607577 1.38633 1.1415 0.0147474
-0.301 0.612441 1.39278 1.11499 0.0149303
-0.2975 0.617326 1.39898 1.08845 0.015108
-0.294 0.622233 1.40492 1.06189 0.0152799
-0.2905 0.62716 1.41059 1.03531 0.0154457
-0.287 0.632107 1.41598 1.00872 0.0156049
-0.2835 0.637072 1.42105 0.982109 0.0157571
-0.28 0.642054 1.42581 0.955492 0.015902
-0.2765 0.647052 1.43024 0.92887 0.0160391
-0.273 0.652065 1.43432 0.90225 0.0161681
-0.2695 0.657092 1.43804 0.875636 0.0162887
-0.266 0.662131 1.44139 0.849035 0.0164004
-0.2625 0.667181 1.44435 0.822453 0.0165031
-0.259 0.672241 1.44691 0.795898 0.0165964
-0.2555 0.677309 1.44906 0.769378 0.0166802
-0.252 0.682384 1.45079 0.7429 0.0167542
-0.2485 0.687464 1.4521 0.716475 0.0168182
-0.245 0.692548 1.45297 0.690112 0.0168723
-0.2415 0.697635 1.4534 0.663821 0.0169162
-0.238 0.702722 1.45338 0.637612 0.01695
-0.2345 0.707808 1.45292 0.611498 0.0169737
-0.231 0.712891 1.45201 0.585488 0.0169873
-0.2275 0.717971 1.45065 0.559595 0.016991
-0.224 0.723046 1.44885 0.53383 0.0169849
-0.2205 0.728113 1.44661 0.508206 0.0169691
-0.217 0.733171 1.44393 0.482735 0.016944
-0.2135 0.73822 1.44084 0.457428 0.0169097
-0.21 0.743257 1.43732 0.432298 0.0168666
-0.2065 0.748281 1.43341 0.407355 0.0168151
-0.203 0.75329 1.42911 0.382611 0.0167554
-0.1995 0.758284 1.42443 0.358077 0.0166879
-0.196 0.763261 1.41939 0.333762 0.0166131
-0.1925 0.768219 1.41401 0.309677 0.0165314
-0.189 0.773158 1.40831 0.285831 0.0164432
-0.1855 0.778077 1.4023 0.262231 0.0163489
-0.182 0.782974 1.396 0.238885 0.0162491
-0.1785 0.787849 1.38944 0.215799 0.016144
-0.175 0.7927 1.38263 0.192981 0.0160342
-0.1715 0.797527 1.37559 0.170434 0.0159201
-0.168 0.802329 1.36835 0.148162 0.015802
-0.1645 0.807105 1.36091 0.126171 0.0156805
-0.161 0.811855 1.3533 0.104461 0.015556
-0.1575 0.816578 1.34554 0.0830357 0.0154287
-0.154 0.821274 1.33765 0.0618956 0.015299
-0.1505 0.825941 1.32963 0.0410414 0.0151674
-0.147 0.830581 1.32152 0.0204731 0.0150341
-0.1435 0.835192 1.31332 0.000190027 0.0148994
-0.14 0.839774 1.30504 -0.019809 0.0147637
-0.1365 0.844327 1.29671 -0.0395256 0.0146271
-0.133 0.848851 1.28833 -0.0589619 0.01449
-0.1295 0.853345 1.27992 -0.0781204 0.0143526
-0.126 0.85781 1.27149 -0.0970041 0.014215
-0.1225 0.862246 1.26304 -0.115616 0.0140776
-0.119 0.866652 1.2546 -0.13396 0.0139404
-0.1155 0.871028 1.24616 -0.152039 0.0138036
-0.112 0.875375 1.23773 -0.169857 0.0136674
-0.1085 0.879692 1.22933 -0.187418 0.013532
-0.105 0.88398 1.22096 -0.204727 0.0133973
-0.1015 0.888239 1.21263 -0.221788 0.0132637
-0.098 0.892469 1.20434 -0.238606 0.013131
-0.0945 0.896669 1.19609 -0.255183 0.0129995
-0.091 0.900841 1.1879 -0.271526 0.0128692
-0.0875 0.904985 1.17977 -0.287638 0.0127402
-0.084 0.9091 1.17169 -0.303525 0.0126125
-0.0805 0.913187 1.16367 -0.31919 0.0124862
-0.077 0.917246 1.15573 -0.334638 0.0123613
-0.0735 0.921277 1.14785 -0.349874 0.0122378
-0.07 0.925281 1.14004 -0.364901 0.0121159
-0.0665 0.929257 1.1323 -0.379724 0.0119955
-0.063 0.933207 1.12464 -0.394348 0.0118766
-0.0595 0.93713 1.11705 -0.408777 0.0117592
-0.056 0.941026 1.10954 -0.423015 0.0116434
-0.0525 0.944897 1.1021 -0.437065 0.0115292
-0.049 0.948741 1.09475 -0.450932 0.0114165
-0.0455 0.95256 1.08747 -0.464621 0.0113055
-0.042 0.956353 1.08027 -0.478133 0.0111959
-0.0385 0.960122 1.07315 -0.491474 0.011088
-0.035 0.963866 1.06611 -0.504648 0.0109816
-0.0315 0.967585 1.05915 -0.517656 0.0108767
-0.028 0.97128 1.05227 -0.530504 0.0107733
-0.0245 0.974951 1.04546 -0.543195 0.0106715
-0.021 0.978598 1.03874 -0.555732 0.0105712
-0.0175 0.982222 1.03209 -0.568117 0.0104724
-0.014 0.985823 1.02552 -0.580355 0.010375
-0.0105 0.989401 1.01903 -0.592449 0.0102791
-0.007 0.992956 1.01261 -0.604401 0.0101847
-0.0035 0.996489 1.00627 -0.616214 0.0100916
0 1 1 -0.627892 0.01
0.0224 1.02196 0.961611 -0.699593 0.00944537
0.0448 1.0431 0.926036 -0.766506 0.00894196
0.0672 1.06347 0.893041 -0.829192 0.00848448
0.0896 1.08313 0.862394 -0.888126 0.00806793
0.112 1.10212 0.833877 -0.943712 0.00768776
0.1344 1.1205 0.807288 -0.996294 0.00733994
0.1568 1.1383 0.782445 -1.04617 0.00702087
0.1792 1.15556 0.759184 -1.09358 0.00672741
0.2016 1.17232 0.73736 -1.13877 0.00645682
0.224 1.18861 0.716842 -1.18191 0.00620668
0.2464 1.20445 0.697515 -1.22319 0.00597489
0.2688 1.21986 0.679275 -1.26273 0.0057596
0.2912 1.23489 0.66203 -1.30069 0.0055592
0.3136 1.24953 0.645698 -1.33718 0.00537225
0.336 1.26382 0.630205 -1.3723 0.0051975
0.3584 1.27777 0.615485 -1.40614 0.00503384
0.3808 1.2914 0.60148 -1.43879 0.00488028
0.4032 1.30472 0.588135 -1.47033 0.00473594
0.4256 1.31775 0.575402 -1.50083 0.00460005
0.448 1.3305 0.563238 -1.53035 0.0044719
0.4704 1.34299 0.551604 -1.55894 0.00435087
0.4928 1.35522 0.540462 -1.58666 0.0042364
0.5152 1.3672 0.529782 -1.61356 0.00412798
0.5376 1.37896 0.519532 -1.63968 0.00402517
0.56 1.39048 0.509686 -1.66507 0.00392754
0.5824 1.40179 0.500218 -1.68976 0.00383472
0.6048 1.41289 0.491106 -1.71378 0.00374637
0.6272 1.4238 0.482328 -1.73716 0.00366219
0.6496 1.43451 0.473866 -1.75995 0.0035819
0.672 1.44503 0.465701 -1.78216 0.00350523
0.6944 1.45537 0.457817 -1.80382 0.00343195
0.7168 1.46554 0.450198 -1.82496 0.00336185
0.7392 1.47554 0.442831 -1.8456 0.00329473
0.7616 1.48538 0.435701 -1.86576 0.00323041
0.784 1.49506 0.428798 -1.88545 0.00316871
0.8064 1.50459 0.422109 -1.90471 0.00310949
0.8288 1.51397 0.415624 -1.92354 0.0030526
0.8512 1.52321 0.409332 -1.94196 0.00299791
0.8736 1.53231 0.403226 -1.95999 0.0029453
0.896 1.54128 0.397295 -1.97764 0.00289465
0.9184 1.55011 0.391532 -1.99493 0.00284586
0.9408 1.55882 0.38593 -2.01187 0.00279882
0.9632 1.56741 0.380481 -2.02848 0.00275345
0.9856 1.57587 0.375178 -2.04475 0.00270967
1.008 1.58421 0.370015 -2.06071 0.00266739
1.0304 1.59245 0.364987 -2.07637 0.00262653
1.0528 1.60057 0.360087 -2.09174 0.00258703
1.0752 1.60858 0.35531 -2.10681 0.00254883
1.0976 1.61649 0.350651 -2.12162 0.00251185
1.12 1.62429 0.346106 -2.13615 0.00247605
1.1424 1.63199 0.341671 -2.15043 0.00244137
1.1648 1.6396 0.33734 -2.16446 0.00240777
1.1872 1.64711 0.33311 -2.17825 0.00237518
1.2096 1.65452 0.328977 -2.1918 0.00234357
1.232 1.66184 0.324937 -2.20512 0.00231289
1.2544 1.66908 0.320988 -2.21821 0.00228311
1.2768 1.67622 0.317125 -2.2311 0.00225418
1.2992 1.68329 0.313346 -2.24377 0.00222608
1.3216 1.69026 0.309648 -2.25624 0.00219876
1.344 1.69716 0.306028 -2.26851 0.0021722
1.3664 1.70397 0.302483 -2.28059 0.00214637
1.3888 1.71071 0.29901 -2.29247 0.00212123
1.4112 1.71737 0.295608 -2.30418 0.00209676
1.4336 1.72395 0.292275 -2.31571 0.00207293
1.456 1.73046 0.289006 -2.32706 0.00204972
1.4784 1.7369 0.285802 -2.33825 0.00202711
1.5008 1.74327 0.282659 -2.34926 0.00200508
1.5232 1.74957 0.279576 -2.36012 0.00198359
1.5456 1.75579 0.276551 -2.37082 0.00196264
1.568 1.76196 0.273581 -2.38137 0.0019422
1.5904 1.76805 0.270667 -2.39177 0.00192226
1.6128 1.77408 0.267804 -2.40202 0.0019028
1.6352 1.78005 0.264994 -2.41213 0.00188379
1.6576 1.78595 0.262232 -2.42209 0.00186524
1.68 1.7918 0.259519 -2.43192 0.00184711
1.7024 1.79758 0.256853 -2.44162 0.0018294
1.7248 1.80331 0.254232 -2.45119 0.0018121
1.7472 1.80897 0.251656 -2.46063 0.00179518
1.7696 1.81458 0.249122 -2.46994 0.00177864
1.792 1.82013 0.246631 -2.47913 0.00176246
1.8144 1.82563 0.24418 -2.48821 0.00174664
1.8368 1.83107 0.241768 -2.49716 0.00173116
1.8592 1.83646 0.239395 -2.506 0.00171601
1.8816 1.8418 0.23706 -2.51473 0.00170118
1.904 1.84708 0.234761 -2.52335 0.00168667
1.9264 1.85231 0.232498 -2.53186 0.00167245
1.9488 1.8575 0.230269 -2.54026 0.00165853
1.9712 1.86263 0.228074 -2.54856 0.00164489
1.9936 1.86772 0.225912 -2.55676 0.00163153
2.016 1.87275 0.223782 -2.56485 0.00161844
2.0384 1.87774 0.221684 -2.57285 0.00160561
2.0608 1.88268 0.219616 -2.58076 0.00159303
2.0832 1.88758 0.217577 -2.58857 0.00158069
2.1056 1.89243 0.215568 -2.59629 0.0015686
2.128 1.89724 0.213587 -2.60391 0.00155674
2.1504 1.902 0.211634 -2.61145 0.0015451
2.1728 1.90672 0.209708 -2.6189 0.00153369
2.1952 1.9114 0.207808 -2.62626 0.00152248
2.2176 1.91603 0.205934 -2.63354 0.00151149
2.24 1.92062 0.204086 -2.64074 0.0015007
2.2624 1.92517 0.202262 -2.64785 0.00149011
2.2848 1.92968 0.200462 -2.65488 0.0014797
2.3072 1.93415 0.198685 -2.66184 0.00146949
2.3296 1.93858 0.196932 -2.66872 0.00145946
2.352 1.94298 0.195201 -2.67552 0.00144961
2.3744 1.94733 0.193492 -2.68224 0.00143993
2.3968 1.95164 0.191804 -2.68889 0.00143042
2.4192 1.95592 0.190138 -2.69547 0.00142107
2.4416 1.96016 0.188493 -2.70198 0.00141189
2.464 1.96437 0.186867 -2.70842 0.00140286
2.4864 1.96853 0.185261 -2.71479 0.00139399
2.5088 1.97267 0.183675 -2.72109 0.00138526
2.5312 1.97676 0.182108 -2.72732 0.00137668
2.5536 1.98083 0.180559 -2.73349 0.00136825
2.576 1.98485 0.179028 -2.73959 0.00135995
2.5984 1.98885 0.177515 -2.74563 0.00135179
2.6208 1.99281 0.17602 -2.75161 0.00134377
2.6432 1.99673 0.174542 -2.75752 0.00133587
2.6656 2.00062 0.17308 -2.76337 0.0013281
2.688 2.00449 0.171635 -2.76917 0.00132045
2.7104 2.00831 0.170206 -2.7749 0.00131293
2.7328 2.01211 0.168793 -2.78057 0.00130552
2.7552 2.01588 0.167395 -2.78619 0.00129823
2.7776 2.01961 0.166013 -2.79175 0.00129106
2.8 2.02331 0.164645 -2.79725 0.00128399
2.8224 2.02699 0.163292 -2.8027 0.00127704
2.8448 2.03063 0.161954 -2.80809 0.00127019
2.8672 2.03424 0.160629 -2.81343 0.00126345
2.8896 2.03783 0.159319 -2.81872 0.0012568
2.912 2.04138 0.158021 -2.82395 0.00125026
2.9344 2.04491 0.156738 -2.82914 0.00124382
2.9568 2.0484 0.155467 -2.83427 0.00123747
2.9792 2.05187 0.154209 -2.83935 0.00123121
3.0016 2.05531 0.152964 -2.84438 0.00122505
3.024 2.05872 0.151731 -2.84936 0.00121898
3.0464 2.06211 0.15051 -2.8543 0.00121299
3.0688 2.06547 0.149301 -2.85918 0.00120709
3.0912 2.0688 0.148104 -2.86402 0.00120128
3.1136 2.0721 0.146918 -2.86882 0.00119555
3.136 2.07538 0.145744 -2.87356 0.00118991
3.1584 2.07863 0.14458 -2.87827 0.00118434
3.1808 2.08186 0.143428 -2.88292 0.00117885
3.2032 2.08506 0.142287 -2.88753 0.00117344
3.2256 2.08823 0.141156 -2.8921 0.0011681
3.248 2.09138 0.140035 -2.89663 0.00116284
3.2704 2.0945 0.138925 -2.90111 0.00115765
3.2928 2.0976 0.137824 -2.90555 0.00115253
3.3152 2.10068 0.136734 -2.90995 0.00114749
3.3376 2.10373 0.135653 -2.91431 0.00114251
3.36 2.10676 0.134582 -2.91863 0.0011376
3.3824 2.10976 0.13352 -2.9229 0.00113275
3.4048 2.11274 0.132467 -2.92714 0.00112798
3.4272 2.11569 0.131424 -2.93134 0.00112326
3.4496 2.11863 0.130389 -2.9355 0.00111861
3.472 2.12153 0.129363 -2.93962 0.00111402
3.4944 2.12442 0.128346 -2.9437 0.00110949
3.5168 2.12728 0.127337 -2.94775 0.00110502
3.5392 2.13013 0.126337 -2.95175 0.00110061
3.5616 2.13294 0.125345 -2.95572 0.00109626
3.584 2.13574 0.124361 -2.95966 0.00109196
3.6064 2.13852 0.123385 -2.96356 0.00108772
3.6288 2.14127 0.122417 -2.96742 0.00108354
3.6512 2.144 0.121456 -2.97125 0.00107941
3.6736 2.14671 0.120503 -2.97504 0.00107533
3.696 2.1494 0.119558 -2.9788 0.0010713
3.7184 2.15207 0.11862 -2.98252 0.00106733
3.7408 2.15471 0.11769 -2.98621 0.00106341
3.7632 2.15734 0.116766 -2.98987 0.00105953
3.7856 2.15994 0.11585 -2.99349 0.00105571
3.808 2.16253 0.11494 -2.99708 0.00105193
3.8304 2.16509 0.114038 -3.00064 0.0010482
3.8528 2.16764 0.113142 -3.00417 0.00104452
3.8752 2.17016 0.112252 -3.00766 0.00104088
3.8976 2.17267 0.11137 -3.01112 0.00103729
3.92 2.17515 0.110493 -3.01456 0.00103374
3.9424 2.17762 0.109623 -3.01796 0.00103024
3.9648 2.18006 0.10876 -3.02133 0.00102678
3.9872 2.18249 0.107902 -3.02467 0.00102336
4.0096 2.1849 0.107051 -3.02798 0.00101999
4.032 2.18729 0.106205 -3.03126 0.00101665
4.0544 2.18966 0.105365 -3.03451 0.00101336
4.0768 2.19201 0.104532 -3.03773 0.00101011
4.0992 2.19434 0.103703 -3.04092 0.00100689
4.1216 2.19665 0.102881 -3.04408 0.00100372
4.144 2.19895 0.102064 -3.04722 0.00100058
4.1664 2.20122 0.101253 -3.05033 0.000997481
4.1888 2.20348 0.100447 -3.05341 0.000994419
4.2112 2.20572 0.0996461 -3.05646 0.000991395
4.2336 2.20795 0.0988507 -3.05948 0.000988406
4.256 2.21015 0.0980605 -3.06248 0.000985453
4.2784 2.21234 0.0972753 -3.06545 0.000982535
4.3008 2.21451 0.0964952 -3.06839 0.000979652
4.3232 2.21666 0.0957201 -3.07131 0.000976804
4.3456 2.2188 0.0949498 -3.0742 0.000973989
4.368 2.22092 0.0941844 -3.07706 0.000971207
4.3904 2.22302 0.0934238 -3.0799 0.000968458
4.4128 2.2251 0.0926678 -3.08272 0.000965742
4.4352 2.22717 0.0919164 -3.0855 0.000963058
4.4576 2.22922 0.0911697 -3.08827 0.000960405
4.48 2.23126 0.0904274 -3.091 0.000957784
4.5024 2.23327 0.0896895 -3.09372 0.000955193
4.5248 2.23527 0.0889561 -3.0964 0.000952632
4.5472 2.23726 0.0882269 -3.09907 0.000950102
4.5696 2.23923 0.087502 -3.10171 0.000947601
4.592 2.24118 0.0867814 -3.10432 0.00094513
4.6144 2.24311 0.0860648 -3.10691 0.000942687
4.6368 2.24503 0.0853524 -3.10948 0.000940273
4.6592 2.24694 0.0846439 -3.11203 0.000937887
4.6816 2.24883 0.0839395 -3.11455 0.000935529
4.704 2.2507 0.083239 -3.11705 0.000933198
4.7264 2.25255 0.0825423 -3.11952 0.000930894
4.7488 2.2544 0.0818495 -3.12197 0.000928617
4.7712 2.25622 0.0811604 -3.1244 0.000926367
4.7936 2.25803 0.0804751 -3.12681 0.000924142
4.816 2.25983 0.0797934 -3.1292 0.000921944
4.8384 2.26161 0.0791154 -3.13156 0.000919771
4.8608 2.26337 0.0784409 -3.1339 0.000917623
4.8832 2.26512 0.0777699 -3.13622 0.0009155
4.9056 2.26686 0.0771024 -3.13852 0.000913402
4.928 2.26858 0.0764384 -3.14079 0.000911328
4.9504 2.27028 0.0757777 -3.14305 0.000909278
4.9728 2.27197 0.0751204 -3.14528 0.000907252
4.9952 2.27365 0.0744663 -3.14749 0.00090525
5.0176 2.27531 0.0738155 -3.14969 0.000903271
5.04 2.27695 0.073168 -3.15186 0.000901315
5.0624 2.27858 0.0725236 -3.15401 0.000899381
5.0848 2.2802 0.0718823 -3.15614 0.000897471
5.1072 2.2818 0.0712441 -3.15825 0.000895582
5.1296 2.28339 0.0706089 -3.16034 0.000893715
5.152 2.28497 0.0699767 -3.1624 0.000891871
5.1744 2.28653 0.0693475 -3.16445 0.000890047
5.1968 2.28807 0.0687212 -3.16648 0.000888245
5.2192 2.28961 0.0680978 -3.16849 0.000886465
5.2416 2.29113 0.0674773 -3.17048 0.000884705
5.264 2.29263 0.0668595 -3.17245 0.000882965
5.2864 2.29412 0.0662446 -3.1744 0.000881247
5.3088 2.2956 0.0656323 -3.17633 0.000879548
5.3312 2.29706 0.0650228 -3.17825 0.00087787
5.3536 2.29851 0.0644159 -3.18014 0.000876211
5.376 2.29995 0.0638117 -3.18202 0.000874572
5.3984 2.30137 0.06321 -3.18387 0.000872952
5.4208 2.30278 0.0626109 -3.18571 0.000871352
5.4432 2.30417 0.0620143 -3.18753 0.00086977
5.4656 2.30556 0.0614202 -3.18933 0.000868208
5.488 2.30693 0.0608286 -3.19111 0.000866664
5.5104 2.30828 0.0602394 -3.19287 0.000865139
5.5328 2.30962 0.0596526 -3.19462 0.000863632
5.5552 2.31095 0.0590681 -3.19635 0.000862143
5.5776 2.31227 0.058486 -3.19806 0.000860672
5.6 2.31357 0.0579061 -3.19975 0.00085922
5.6224 2.31487 0.0573286 -3.20142 0.000857784
5.6448 2.31614 0.0567532 -3.20308 0.000856366
5.6672 2.31741 0.0561801 -3.20472 0.000854966
5.6896 2.31866 0.0556092 -3.20634 0.000853583
5.712 2.3199 0.0550404 -3.20794 0.000852217
5.7344 2.32113 0.0544737 -3.20953 0.000850867
5.7568 2.32234 0.0539091 -3.2111 0.000849535
5.7792 2.32354 0.0533465 -3.21265 0.000848219
5.8016 2.32473 0.052786 -3.21418 0.000846919
5.824 2.32591 0.0522275 -3.2157 0.000845636
5.8464 2.32707 0.051671 -3.2172 0.000844369
5.8688 2.32822 0.0511164 -3.21869 0.000843118
5.8912 2.32936 0.0505638 -3.22015 0.000841883
5.9136 2.33049 0.050013 -3.2216 0.000840664
5.936 2.3316 0.0494641 -3.22304 0.00083946
5.9584 2.3327 0.0489171 -3.22446 0.000838272
5.9808 2.33379 0.0483718 -3.22586 0.000837099
6.0032 2.33487 0.0478284 -3.22724 0.000835942
6.0256 2.33593 0.0472867 -3.22861 0.000834799
6.048 2.33699 0.0467468 -3.22997 0.000833672
6.0704 2.33803 0.0462086 -3.2313 0.00083256
6.0928 2.33906 0.045672 -3.23262 0.000831462
6.1152 2.34007 0.0451372 -3.23393 0.000830379
6.1376 2.34108 0.044604 -3.23522 0.000829311
6.16 2.34207 0.0440724 -3.23649 0.000828257
6.1824 2.34305 0.0435424 -3.23775 0.000827217
6.2048 2.34402 0.0430139 -3.23899 0.000826192
6.2272 2.34498 0.0424871 -3.24021 0.000825181
6.2496 2.34593 0.0419617 -3.24142 0.000824184
6.272 2.34686 0.0414379 -3.24262 0.000823201
6.2944 2.34778 0.0409155 -3.2438 0.000822232
6.3168 2.34869 0.0403946 -3.24496 0.000821277
6.3392 2.34959 0.0398751 -3.24611 0.000820335
6.3616 2.35048 0.0393571 -3.24724 0.000819407
6.384 2.35136 0.0388404 -3.24836 0.000818492
6.4064 2.35222 0.0383251 -3.24946 0.000817591
6.4288 2.35307 0.0378112 -3.25055 0.000816703
6.4512 2.35391 0.0372985 -3.25162 0.000815828
6.4736 2.35474 0.0367872 -3.25268 0.000814967
6.496 2.35556 0.0362772 -3.25373 0.000814118
6.5184 2.35637 0.0357685 -3.25475 0.000813283
6.5408 2.35717 0.035261 -3.25577 0.00081246
6.5632 2.35795 0.0347547 -3.25676 0.00081165
6.5856 2.35872 0.0342496 -3.25775 0.000810853
6.608 2.35948 0.0337457 -3.25872 0.000810069
6.6304 2.36023 0.033243 -3.25967 0.000809297
6.6528 2.36097 0.0327414 -3.26061 0.000808538
6.6752 2.3617 0.032241 -3.26154 0.000807791
6.6976 2.36242 0.0317416 -3.26245 0.000807057
6.72 2.36312 0.0312433 -3.26334 0.000806335
6.7424 2.36382 0.0307462 -3.26422 0.000805625
6.7648 2.3645 0.03025 -3.26509 0.000804927
6.7872 2.36517 0.0297549 -3.26594 0.000804242
6.8096 2.36583 0.0292608 -3.26678 0.000803568
6.832 2.36648 0.0287677 -3.26761 0.000802907
6.8544 2.36712 0.0282756 -3.26842 0.000802257
6.8768 2.36775 0.0277844 -3.26921 0.00080162
6.8992 2.36837 0.0272942 -3.26999 0.000800994
6.9216 2.36897 0.0268049 -3.27076 0.00080038
6.944 2.36957 0.0263164 -3.27152 0.000799778
6.9664 2.37015 0.0258289 -3.27225 0.000799187
6.9888 2.37072 0.0253423 -3.27298 0.000798608
7.0112 2.37129 0.0248564 -3.27369 0.00079804
7.0336 2.37184 0.0243715 -3.27439 0.000797484
7.056 2.37238 0.0238873 -3.27507 0.00079694
7.0784 2.37291 0.0234039 -3.27574 0.000796406
7.1008 2.37343 0.0229213 -3.2764 0.000795885
7.1232 2.37394 0.0224395 -3.27704 0.000795374
7.1456 2.37443 0.0219584 -3.27767 0.000794875
7.168 2.37492 0.0214781 -3.27828 0.000794387
7.1904 2.37539 0.0209984 -3.27889 0.00079391
7.2128 2.37586 0.0205195 -3.27947 0.000793444
7.2352 2.37631 0.0200412 -3.28005 0.000792989
7.2576 2.37676 0.0195636 -3.28061 0.000792546
7.28 2.37719 0.0190867 -3.28115 0.000792113
7.3024 2.37761 0.0186103 -3.28169 0.000791692
7.3248 2.37802 0.0181346 -3.28221 0.000791281
7.3472 2.37843 0.0176595 -3.28271 0.000790881
7.3696 2.37882 0.0171849 -3.2832 0.000790492
7.392 2.3792 0.0167109 -3.28368 0.000790114
7.4144 2.37956 0.0162375 -3.28415 0.000789747
7.4368 2.37992 0.0157646 -3.2846 0.00078939
7.4592 2.38027 0.0152922 -3.28504 0.000789044
7.4816 2.38061 0.0148203 -3.28546 0.000788709
7.504 2.38093 0.0143489 -3.28588 0.000788385
7.5264 2.38125 0.013878 -3.28627 0.000788071
7.5488 2.38156 0.0134075 -3.28666 0.000787768
7.5712 2.38185 0.0129374 -3.28703 0.000787475
7.5936 2.38214 0.0124678 -3.28739 0.000787193
7.616 2.38241 0.0119986 -3.28774 0.000786922
7.6384 2.38267 0.0115297 -3.28807 0.000786661
7.6608 2.38293 0.0110613 -3.28839 0.000786411
7.6832 2.38317 0.0105932 -3.28869 0.000786171
7.7056 2.3834 0.0101254 -3.28898 0.000785941
7.728 2.38362 0.00965797 -3.28926 0.000785722
7.7504 2.38383 0.00919085 -3.28953 0.000785514
7.7728 2.38403 0.00872402 -3.28978 0.000785316
7.7952 2.38422 0.00825748 -3.29002 0.000785128
7.8176 2.3844 0.00779121 -3.29025 0.00078495
7.84 2.38457 0.00732518 -3.29046 0.000784783
7.8624 2.38473 0.0068594 -3.29066 0.000784627
7.8848 2.38488 0.00639383 -3.29085 0.00078448
7.9072 2.38502 0.00592847 -3.29102 0.000784344
7.9296 2.38515 0.0054633 -3.29118 0.000784218
7.952 2.38526 0.00499831 -3.29133 0.000784103
7.9744 2.38537 0.00453348 -3.29146 0.000783998
7.9968 2.38547 0.00406879 -3.29158 0.000783903
8.0192 2.38555 0.00360424 -3.29169 0.000783818
8.0416 2.38563 0.0031398 -3.29179 0.000783744
8.064 2.38569 0.00267546 -3.29187 0.000783679
8.0864 2.38575 0.00221121 -3.29194 0.000783625
8.1088 2.38579 0.00174703 -3.29199 0.000783582
8.1312 2.38583 0.00128291 -3.29204 0.000783548
8.1536 2.38585 0.000818825 -3.29207 0.000783525
8.176 2.38586 0.000354769 -3.29208 0.000783512
8.1984 2.38587 -0.000109276 -3.29209 0.00078351
8.2208 2.38586 -0.000573324 -3.29208 0.000783517
8.2432 2.38584 -0.00103739 -3.29205 0.000783535
8.2656 2.38581 -0.00150149 -3.29202 0.000783563
8.288 2.38577 -0.00196564 -3.29197 0.000783601
8.3104 2.38572 -0.00242985 -3.29191 0.00078365
8.3328 2.38566 -0.00289414 -3.29183 0.000783708
8.3552 2.38559 -0.00335852 -3.29174 0.000783777
8.3776 2.38551 -0.00382302 -3.29164 0.000783857
8.4 2.38542 -0.00428763 -3.29153 0.000783946
8.4224 2.38532 -0.00475238 -3.2914 0.000784046
8.4448 2.38521 -0.00521729 -3.29126 0.000784156
8.4672 2.38509 -0.00568236 -3.29111 0.000784276
8.4896 2.38495 -0.00614762 -3.29094 0.000784407
8.512 2.38481 -0.00661307 -3.29076 0.000784548
8.5344 2.38466 -0.00707874 -3.29057 0.000784699
8.5568 2.38449 -0.00754464 -3.29036 0.000784861
8.5792 2.38432 -0.00801078 -3.29014 0.000785033
8.6016 2.38414 -0.00847718 -3.28991 0.000785215
8.624 2.38394 -0.00894385 -3.28966 0.000785408
8.6464 2.38374 -0.00941081 -3.2894 0.000785611
8.6688 2.38352 -0.00987808 -3.28913 0.000785824
8.6912 2.38329 -0.0103457 -3.28885 0.000786048
8.7136 2.38306 -0.0108136 -3.28855 0.000786282
8.736 2.38281 -0.0112819 -3.28824 0.000786527
8.7584 2.38255 -0.0117505 -3.28791 0.000786783
8.7808 2.38228 -0.0122195 -3.28757 0.000787049
8.8032 2.382 -0.0126889 -3.28722 0.000787325
8.8256 2.38171 -0.0131588 -3.28686 0.000787612
8.848 2.38141 -0.013629 -3.28648 0.000787909
8.8704 2.3811 -0.0140997 -3.28609 0.000788218
8.8928 2.38078 -0.0145709 -3.28568 0.000788536
8.9152 2.38045 -0.0150425 -3.28527 0.000788866
8.9376 2.38011 -0.0155146 -3.28483 0.000789206
8.96 2.37976 -0.0159873 -3.28439 0.000789557
8.9824 2.37939 -0.0164604 -3.28393 0.000789918
9.0048 2.37902 -0.0169341 -3.28346 0.000790291
9.0272 2.37863 -0.0174083 -3.28297 0.000790674
9.0496 2.37824 -0.0178832 -3.28248 0.000791068
9.072 2.37783 -0.0183586 -3.28196 0.000791473
9.0944 2.37742 -0.0188346 -3.28144 0.000791889
9.1168 2.37699 -0.0193112 -3.2809 0.000792316
9.1392 2.37655 -0.0197885 -3.28035 0.000792753
9.1616 2.3761 -0.0202664 -3.27978 0.000793202
9.184 2.37564 -0.020745 -3.2792 0.000793662
9.2064 2.37517 -0.0212243 -3.2786 0.000794133
9.2288 2.37469 -0.0217042 -3.278 0.000794615
9.2512 2.3742 -0.0221849 -3.27738 0.000795109
9.2736 2.3737 -0.0226664 -3.27674 0.000795613
9.296 2.37318 -0.0231485 -3.27609 0.000796129
9.3184 2.37266 -0.0236315 -3.27543 0.000796656
9.3408 2.37213 -0.0241152 -3.27475 0.000797195
9.3632 2.37158 -0.0245998 -3.27406 0.000797745
9.3856 2.37102 -0.0250851 -3.27336 0.000798306
9.408 2.37046 -0.0255714 -3.27264 0.000798879
9.4304 2.36988 -0.0260584 -3.27191 0.000799464
9.4528 2.36929 -0.0265464 -3.27116 0.00080006
9.4752 2.36869 -0.0270352 -3.2704 0.000800668
9.4976 2.36808 -0.0275249 -3.26963 0.000801287
9.52 2.36746 -0.0280156 -3.26884 0.000801919
9.5424 2.36682 -0.0285072 -3.26804 0.000802562
9.5648 2.36618 -0.0289998 -3.26722 0.000803217
9.5872 2.36552 -0.0294934 -3.26639 0.000803884
9.6096 2.36486 -0.029988 -3.26554 0.000804563
9.632 2.36418 -0.0304836 -3.26468 0.000805254
9.6544 2.36349 -0.0309802 -3.26381 0.000805958
9.6768 2.36279 -0.0314779 -3.26292 0.000806673
9.6992 2.36208 -0.0319766 -3.26202 0.000807401
9.7216 2.36136 -0.0324765 -3.2611 0.000808141
9.744 2.36063 -0.0329775 -3.26017 0.000808894
9.7664 2.35988 -0.0334796 -3.25922 0.000809659
9.7888 2.35913 -0.0339829 -3.25826 0.000810437
9.8112 2.35836 -0.0344873 -3.25729 0.000811227
9.8336 2.35758 -0.034993 -3.2563 0.00081203
9.856 2.35679 -0.0354998 -3.25529 0.000812846
9.8784 2.35599 -0.0360079 -3.25427 0.000813675
9.9008 2.35518 -0.0365173 -3.25324 0.000814516
9.9232 2.35435 -0.0370279 -3.25219 0.000815371
9.9456 2.35352 -0.0375398 -3.25112 0.000816239
9.968 2.35267 -0.038053 -3.25004 0.000817119
9.9904 2.35181 -0.0385676 -3.24895 0.000818014
10.0128 2.35095 -0.0390836 -3.24784 0.000818921
10.0352 2.35006 -0.0396009 -3.24671 0.000819842
10.0576 2.34917 -0.0401196 -3.24557 0.000820777
10.08 2.34827 -0.0406397 -3.24442 0.000821725
10.1024 2.34735 -0.0411613 -3.24324 0.000822687
10.1248 2.34642 -0.0416844 -3.24206 0.000823662
10.1472 2.34548 -0.0422089 -3.24086 0.000824652
10.1696 2.34453 -0.042735 -3.23964 0.000825656
10.192 2.34357 -0.0432626 -3.23841 0.000826673
10.2144 2.34259 -0.0437918 -3.23716 0.000827705
10.2368 2.34161 -0.0443225 -3.23589 0.000828751
10.2592 2.34061 -0.0448549 -3.23461 0.000829812
10.2816 2.3396 -0.0453889 -3.23332 0.000830887
10.304 2.33857 -0.0459245 -3.232 0.000831977
10.3264 2.33754 -0.0464618 -3.23067 0.000833082
10.3488 2.33649 -0.0470009 -3.22933 0.000834201
10.3712 2.33543 -0.0475416 -3.22797 0.000835335
10.3936 2.33436 -0.0480841 -3.22659 0.000836485
10.416 2.33328 -0.0486284 -3.2252 0.000837649
10.4384 2.33218 -0.0491745 -3.22379 0.000838829
10.4608 2.33108 -0.0497224 -3.22237 0.000840025
10.4832 2.32996 -0.0502722 -3.22092 0.000841236
10.5056 2.32882 -0.0508238 -3.21946 0.000842463
10.528 2.32768 -0.0513774 -3.21799 0.000843705
10.5504 2.32652 -0.0519329 -3.2165 0.000844964
10.5728 2.32535 -0.0524903 -3.21499 0.000846238
10.5952 2.32417 -0.0530498 -3.21346 0.000847529
10.6176 2.32298 -0.0536112 -3.21192 0.000848837
10.64 2.32177 -0.0541747 -3.21036 0.00085016
10.6624 2.32055 -0.0547403 -3.20878 0.000851501
10.6848 2.31932 -0.055308 -3.20719 0.000852858
10.7072 2.31807 -0.0558778 -3.20558 0.000854232
10.7296 2.31681 -0.0564498 -3.20395 0.000855623
10.752 2.31554 -0.0570239 -3.2023 0.000857032
10.7744 2.31426 -0.0576003 -3.20063 0.000858458
10.7968 2.31296 -0.0581789 -3.19895 0.000859902
10.8192 2.31165 -0.0587599 -3.19725 0.000861363
10.8416 2.31033 -0.0593431 -3.19553 0.000862842
10.864 2.30899 -0.0599286 -3.1938 0.000864339
10.8864 2.30765 -0.0605166 -3.19204 0.000865855
10.9088 2.30628 -0.0611069 -3.19027 0.000867389
10.9312 2.30491 -0.0616997 -3.18848 0.000868941
10.9536 2.30352 -0.062295 -3.18667 0.000870513
10.976 2.30212 -0.0628927 -3.18485 0.000872103
10.9984 2.3007 -0.063493 -3.183 0.000873712
11.0208 2.29927 -0.0640959 -3.18114 0.000875341
11.0432 2.29783 -0.0647014 -3.17925 0.00087699
11.0656 2.29637 -0.0653095 -3.17735 0.000878658
11.088 2.2949 -0.0659203 -3.17543 0.000880346
11.1104 2.29342 -0.0665339 -3.17349 0.000882054
11.1328 2.29192 -0.0671501 -3.17153 0.000883782
11.1552 2.29041 -0.0677692 -3.16955 0.000885531
11.1776 2.28889 -0.0683911 -3.16755 0.000887301
11.2 2.28735 -0.0690158 -3.16553 0.000889091
11.2224 2.28579 -0.0696435 -3.16349 0.000890903
11.2448 2.28423 -0.0702741 -3.16143 0.000892737
11.2672 2.28265 -0.0709077 -3.15935 0.000894592
11.2896 2.28105 -0.0715442 -3.15726 0.000896469
11.312 2.27944 -0.0721839 -3.15514 0.000898368
11.3344 2.27782 -0.0728267 -3.153 0.000900289
11.3568 2.27618 -0.0734726 -3.15084 0.000902233
11.3792 2.27453 -0.0741216 -3.14866 0.0009042
11.4016 2.27286 -0.074774 -3.14646 0.00090619
11.424 2.27118 -0.0754295 -3.14423 0.000908204
11.4464 2.26948 -0.0760884 -3.14199 0.000910241
11.4688 2.26777 -0.0767507 -3.13972 0.000912302
11.4912 2.26604 -0.0774164 -3.13744 0.000914387
11.5136 2.2643 -0.0780855 -3.13513 0.000916497
11.536 2.26254 -0.0787581 -3.1328 0.000918631
11.5584 2.26077 -0.0794343 -3.13045 0.000920791
11.5808 2.25898 -0.080114 -3.12808 0.000922976
11.6032 2.25718 -0.0807974 -3.12568 0.000925187
11.6256 2.25536 -0.0814845 -3.12326 0.000927423
11.648 2.25353 -0.0821753 -3.12082 0.000929686
11.6704 2.25168 -0.0828699 -3.11836 0.000931976
11.6928 2.24982 -0.0835684 -3.11587 0.000934292
11.7152 2.24794 -0.0842708 -3.11336 0.000936636
11.7376 2.24604 -0.0849771 -3.11083 0.000939007
11.76 2.24413 -0.0856874 -3.10828 0.000941406
11.7824 2.2422 -0.0864018 -3.1057 0.000943834
11.8048 2.24026 -0.0871203 -3.10309 0.00094629
11.8272 2.2383 -0.0878429 -3.10047 0.000948775
11.8496 2.23633 -0.0885698 -3.09782 0.00095129
11.872 2.23433 -0.089301 -3.09514 0.000953835
11.8944 2.23232 -0.0900365 -3.09244 0.000956409
11.9168 2.2303 -0.0907764 -3.08972 0.000959014
11.9392 2.22826 -0.0915208 -3.08697 0.00096165
11.9616 2.2262 -0.0922697 -3.08419 0.000964318
11.984 2.22412 -0.0930232 -3.08139 0.000967017
12.0064 2.22203 -0.0937814 -3.07857 0.000969749
12.0288 2.21992 -0.0945443 -3.07572 0.000972513
12.0512 2.2178 -0.095312 -3.07284 0.00097531
12.0736 2.21565 -0.0960845 -3.06994 0.000978141
12.096 2.21349 -0.096862 -3.06701 0.000981006
12.1184 2.21131 -0.0976445 -3.06405 0.000983905
12.1408 2.20912 -0.098432 -3.06107 0.000986839
12.1632 2.2069 -0.0992247 -3.05806 0.000989809
12.1856 2.20467 -0.100023 -3.05502 0.000992815
12.208 2.20242 -0.100826 -3.05196 0.000995857
12.2304 2.20015 -0.101634 -3.04887 0.000998936
12.2528 2.19787 -0.102448 -3.04575 0.00100205
12.2752 2.19556 -0.103268 -3.0426 0.00100521
12.2976 2.19324 -0.104093 -3.03942 0.0010084
12.32 2.1909 -0.104924 -3.03621 0.00101163
12.3424 2.18854 -0.10576 -3.03298 0.00101491
12.3648 2.18616 -0.106602 -3.02972 0.00101822
12.3872 2.18377 -0.107451 -3.02642 0.00102157
12.4096 2.18135 -0.108305 -3.0231 0.00102497
12.432 2.17891 -0.109166 -3.01974 0.0010284
12.4544 2.17646 -0.110032 -3.01636 0.00103188
12.4768 2.17398 -0.110905 -3.01294 0.00103541
12.4992 2.17149 -0.111784 -3.0095 0.00103898
12.5216 2.16898 -0.11267 -3.00602 0.00104259
12.544 2.16644 -0.113563 -3.00251 0.00104625
12.5664 2.16389 -0.114462 -2.99897 0.00104995
12.5888 2.16131 -0.115368 -2.9954 0.0010537
12.6112 2.15872 -0.11628 -2.99179 0.0010575
12.6336 2.15611 -0.1172 -2.98815 0.00106135
12.656 2.15347 -0.118127 -2.98448 0.00106525
12.6784 2.15081 -0.119061 -2.98077 0.0010692
12.7008 2.14814 -0.120002 -2.97703 0.00107319
12.7232 2.14544 -0.120951 -2.97326 0.00107724
12.7456 2.14272 -0.121908 -2.96945 0.00108135
12.768 2.13998 -0.122872 -2.9656 0.0010855
12.7904 2.13721 -0.123843 -2.96172 0.00108971
12.8128 2.13443 -0.124823 -2.95781 0.00109398
12.8352 2.13162 -0.125811 -2.95386 0.0010983
12.8576 2.12879 -0.126807 -2.94987 0.00110268
12.88 2.12594 -0.127811 -2.94584 0.00110712
12.9024 2.12306 -0.128824 -2.94178 0.00111162
12.9248 2.12017 -0.129845 -2.93768 0.00111617
12.9472 2.11725 -0.130875 -2.93354 0.00112079
12.9696 2.1143 -0.131914 -2.92937 0.00112547
12.992 2.11134 -0.132962 -2.92515 0.00113022
13.0144 2.10835 -0.134019 -2.92089 0.00113503
13.0368 2.10533 -0.135085 -2.9166 0.0011399
13.0592 2.1023 -0.136161 -2.91226 0.00114484
13.0816 2.09923 -0.137246 -2.90789 0.00114985
13.104 2.09615 -0.138341 -2.90347 0.00115493
13.1264 2.09304 -0.139446 -2.89901 0.00116009
13.1488 2.0899 -0.140562 -2.8945 0.00116531
13.1712 2.08674 -0.141687 -2.88996 0.00117061
13.1936 2.08355 -0.142823 -2.88537 0.00117598
13.216 2.08034 -0.14397 -2.88073 0.00118142
13.2384 2.0771 -0.145127 -2.87606 0.00118695
13.2608 2.07384 -0.146295 -2.87133 0.00119256
13.2832 2.07055 -0.147475 -2.86657 0.00119824
13.3056 2.06723 -0.148666 -2.86175 0.00120401
13.328 2.06389 -0.149869 -2.85689 0.00120986
13.3504 2.06052 -0.151083 -2.85198 0.0012158
13.3728 2.05712 -0.15231 -2.84702 0.00122183
13.3952 2.05369 -0.153548 -2.84202 0.00122794
13.4176 2.05024 -0.1548 -2.83696 0.00123415
13.44 2.04676 -0.156064 -2.83186 0.00124045
13.4624 2.04325 -0.157341 -2.8267 0.00124684
13.4848 2.03971 -0.158631 -2.82149 0.00125333
13.5072 2.03614 -0.159934 -2.81624 0.00125992
13.5296 2.03254 -0.161251 -2.81092 0.00126661
13.552 2.02892 -0.162582 -2.80556 0.0012734
13.5744 2.02526 -0.163928 -2.80014 0.0012803
13.5968 2.02157 -0.165288 -2.79467 0.00128731
13.6192 2.01786 -0.166662 -2.78914 0.00129442
13.6416 2.01411 -0.168052 -2.78355 0.00130165
13.664 2.01033 -0.169457 -2.77791 0.001309
13.6864 2.00651 -0.170877 -2.77221 0.00131646
13.7088 2.00267 -0.172314 -2.76645 0.00132404
13.7312 1.9988 -0.173767 -2.76062 0.00133174
13.7536 1.99489 -0.175236 -2.75474 0.00133957
13.776 1.99094 -0.176722 -2.7488 0.00134753
13.7984 1.98697 -0.178226 -2.7428 0.00135562
13.8208 1.98296 -0.179747 -2.73673 0.00136384
13.8432 1.97892 -0.181286 -2.73059 0.0013722
13.8656 1.97484 -0.182844 -2.7244 0.00138071
13.888 1.97072 -0.18442 -2.71813 0.00138935
13.9104 1.96658 -0.186015 -2.7118 0.00139815
13.9328 1.96239 -0.18763 -2.7054 0.00140709
13.9552 1.95817 -0.189265 -2.69893 0.00141619
13.9776 1.95391 -0.19092 -2.69238 0.00142545
14 1.94962 -0.192597 -2.68577 0.00143488
14.0224 1.94528 -0.194294 -2.67908 0.00144446
14.0448 1.94091 -0.196013 -2.67232 0.00145423
14.0672 1.9365 -0.197755 -2.66549 0.00146416
14.0896 1.93205 -0.199519 -2.65857 0.00147428
14.112 1.92756 -0.201306 -2.65158 0.00148458
14.1344 1.92303 -0.203118 -2.64451 0.00149507
14.1568 1.91846 -0.204953 -2.63736 0.00150576
14.1792 1.91385 -0.206814 -2.63012 0.00151664
14.2016 1.9092 -0.2087 -2.6228 0.00152773
14.224 1.9045 -0.210612 -2.6154 0.00153904
14.2464 1.89976 -0.212551 -2.60791 0.00155055
14.2688 1.89498 -0.214517 -2.60033 0.0015623
14.2912 1.89015 -0.216511 -2.59266 0.00157427
14.3136 1.88528 -0.218534 -2.5849 0.00158647
14.336 1.88036 -0.220586 -2.57705 0.00159892
14.3584 1.8754 -0.222668 -2.5691 0.00161162
14.3808 1.87039 -0.224782 -2.56105 0.00162457
14.4032 1.86533 -0.226926 -2.55291 0.00163779
14.4256 1.86022 -0.229104 -2.54466 0.00165128
14.448 1.85506 -0.231315 -2.53631 0.00166505
14.4704 1.84986 -0.233559 -2.52786 0.00167911
14.4928 1.8446 -0.235839 -2.5193 0.00169346
14.5152 1.83929 -0.238155 -2.51063 0.00170813
14.5376 1.83393 -0.240508 -2.50185 0.0017231
14.56 1.82851 -0.242899 -2.49296 0.00173841
14.5824 1.82305 -0.245329 -2.48395 0.00175405
14.6048 1.81752 -0.247799 -2.47482 0.00177004
14.6272 1.81195 -0.25031 -2.46557 0.00178638
14.6496 1.80631 -0.252864 -2.4562 0.0018031
14.672 1.80062 -0.255461 -2.4467 0.0018202
14.6944 1.79486 -0.258103 -2.43707 0.00183769
14.7168 1.78905 -0.260791 -2.42731 0.0018556
14.7392 1.78318 -0.263527 -2.41742 0.00187392
14.7616 1.77725 -0.266311 -2.40738 0.00189269
14.784 1.77125 -0.269146 -2.39721 0.00191191
14.8064 1.76519 -0.272033 -2.38689 0.00193159
14.8288 1.75906 -0.274973 -2.37642 0.00195177
14.8512 1.75287 -0.277968 -2.3658 0.00197244
14.8736 1.74661 -0.281021 -2.35503 0.00199364
14.896 1.74028 -0.284132 -2.3441 0.00201538
14.9184 1.73388 -0.287303 -2.333 0.00203769
14.9408 1.72741 -0.290538 -2.32174 0.00206058
14.9632 1.72086 -0.293836 -2.3103 0.00208407
14.9856 1.71424 -0.297202 -2.29869 0.0021082
15.008 1.70755 -0.300637 -2.2869 0.00213298
15.0304 1.70077 -0.304143 -2.27492 0.00215845
15.0528 1.69392 -0.307723 -2.26275 0.00218462
15.0752 1.68699 -0.31138 -2.25039 0.00221153
15.0976 1.67997 -0.315116 -2.23783 0.00223922
15.12 1.67287 -0.318934 -2.22506 0.0022677
15.1424 1.66568 -0.322837 -2.21207 0.00229703
15.1648 1.65841 -0.326828 -2.19887 0.00232722
15.1872 1.65104 -0.330911 -2.18544 0.00235834
15.2096 1.64358 -0.33509 -2.17178 0.0023904
15.232 1.63603 -0.339367 -2.15789 0.00242346
15.2544 1.62838 -0.343746 -2.14374 0.00245757
15.2768 1.62063 -0.348233 -2.12934 0.00249277
15.2992 1.61277 -0.352831 -2.11468 0.00252912
15.3216 1.60482 -0.357544 -2.09975 0.00256666
15.344 1.59676 -0.362379 -2.08454 0.00260547
15.3664 1.58858 -0.367339 -2.06904 0.0026456
15.3888 1.5803 -0.37243 -2.05324 0.00268712
15.4112 1.5719 -0.377658 -2.03713 0.0027301
15.4336 1.56338 -0.383029 -2.0207 0.00277462
15.456 1.55474 -0.388549 -2.00394 0.00282076
15.4784 1.54597 -0.394226 -1.98684 0.00286861
15.5008 1.53707 -0.400067 -1.96938 0.00291827
15.5232 1.52805 -0.406079 -1.95155 0.00296983
15.5456 1.51888 -0.412272 -1.93333 0.00302341
15.568 1.50957 -0.418653 -1.91472 0.00307912
15.5904 1.50012 -0.425233 -1.89569 0.00313709
15.6128 1.49052 -0.432022 -1.87623 0.00319745
15.6352 1.48077 -0.43903 -1.85632 0.00326037
15.6576 1.47085 -0.44627 -1.83594 0.00332599
15.68 1.46077 -0.453754 -1.81507 0.00339449
15.7024 1.45052 -0.461496 -1.79369 0.00346606
15.7248 1.44009 -0.469511 -1.77177 0.0035409
15.7472 1.42949 -0.477814 -1.74929 0.00361925
15.7696 1.41869 -0.486422 -1.72623 0.00370134
15.792 1.40769 -0.495354 -1.70254 0.00378744
15.8144 1.39649 -0.504631 -1.67821 0.00387785
15.8368 1.38508 -0.514274 -1.6532 0.0039729
15.8592 1.37345 -0.524307 -1.62748 0.00407292
15.8816 1.36159 -0.534756 -1.60099 0.00417832
15.904 1.34949 -0.54565 -1.57371 0.00428953
15.9264 1.33714 -0.55702 -1.54558 0.00440702
15.9488 1.32453 -0.568899 -1.51656 0.00453133
15.9712 1.31165 -0.581325 -1.48659 0.00466304
15.9936 1.29848 -0.594341 -1.45561 0.00480282
16.016 1.28502 -0.60799 -1.42356 0.0049514
16.0384 1.27124 -0.622325 -1.39035 0.00510961
16.0608 1.25713 -0.637401 -1.35592 0.00527836
16.0832 1.24268 -0.653281 -1.32017 0.00545871
16.1056 1.22786 -0.670033 -1.28301 0.00565182
16.128 1.21265 -0.687736 -1.24431 0.00585905
16.1504 1.19704 -0.706476 -1.20397 0.00608189
16.1728 1.181 -0.726351 -1.16184 0.00632208
16.1952 1.16449 -0.747468 -1.11775 0.00658157
16.2176 1.1475 -0.769952 -1.07154 0.00686261
16.24 1.12999 -0.793939 -1.023 0.00716777
16.2624 1.11192 -0.819583 -0.971884 0.00749996
16.2848 1.09326 -0.847056 -0.917927 0.00786255
16.3072 1.07395 -0.87655 -0.86081 0.00825931
16.3296 1.05397 -0.908274 -0.800163 0.00869455
16.352 1.03325 -0.942455 -0.735551 0.00917301
16.3744 1.01173 -0.979326 -0.666459 0.00969987
16.3968 0.98935 -1.01912 -0.592278 0.0102805
16.4192 0.966047 -1.06202 -0.512288 0.0109199
16.4416 0.941747 -1.10815 -0.425639 0.0116221
16.464 0.916378 -1.15742 -0.331347 0.0123879
16.4864 0.889874 -1.20943 -0.228305 0.0132124
16.5088 0.862183 -1.26316 -0.115353 0.0140795
16.5312 0.833285 -1.31672 0.00855712 0.0149553
16.5536 0.803218 -1.36698 0.144056 0.0157797
16.576 0.772102 -1.40956 0.290919 0.0164626
16.5984 0.740164 -1.43953 0.447712 0.0168941
16.6208 0.707735 -1.45293 0.611868 0.0169734
16.6432 0.675209 -1.44822 0.780358 0.0166466
16.6656 0.642981 -1.42666 0.950546 0.0159281
16.688 0.611397 -1.39141 1.12067 0.0148916
16.7104 0.58072 -1.34624 1.28983 0.0136423
16.7328 0.551133 -1.29462 1.4577 0.0122876
16.7552 0.522748 -1.23935 1.62428 0.0109174
16.7776 0.495622 -1.18252 1.78973 0.00959722
16.8 0.469772 -1.12561 1.95422 0.00836827
16.8224 0.445188 -1.06961 2.11793 0.00725219
16.8448 0.421842 -1.01517 2.28101 0.00625652
16.8672 0.399694 -0.962678 2.44357 0.0053796
16.8896 0.378697 -0.912369 2.60572 0.0046144
16.912 0.358802 -0.864349 2.76752 0.00395113
16.9344 0.339957 -0.818646 2.92904 0.00337896
16.9568 0.32211 -0.775236 3.09031 0.00288708
16.9792 0.30521 -0.734065 3.25138 0.00246525
17.0016 0.289208 -0.695056 3.41226 0.00210414
17.024 0.274056 -0.658119 3.57298 0.00179538
17.0464 0.259709 -0.62316 3.73356 0.00153162
17.0688 0.246124 -0.590083 3.894 0.00130644
17.0912 0.23326 -0.558791 4.05432 0.00111428
17.1136 0.221078 -0.52919 4.21454 0.00095034
17.136 0.209541 -0.50119 4.37465 0.000810503
17.1584 0.198613 -0.474704 4.53467 0.00069124
17.1808 0.188263 -0.449647 4.69459 0.000589532
17.2032 0.178459 -0.425942 4.85444 0.000502797
17.2256 0.169171 -0.403512 5.0142 0.000428833
17.248 0.160373 -0.382289 5.1739 0.000365759
17.2704 0.152036 -0.362204 5.33352 0.00031197
17.2928 0.144138 -0.343195 5.49308 0.000266099
17.3152 0.136654 -0.325201 5.65257 0.000226979
17.3376 0.129562 -0.308168 5.81201 0.000193616
17.36 0.122841 -0.292043 5.97139 0.000165161
17.3824 0.116472 -0.276775 6.13073 0.000140891
17.4048 0.110435 -0.262317 6.29001 0.000120191
17.4272 0.104714 -0.248626 6.44924 0.000102535
17.4496 0.0992915 -0.235659 6.60844 8.74744e-05
17.472 0.0941516 -0.223378 6.76759 7.46277e-05
17.4944 0.0892794 -0.211744 6.9267 6.36689e-05
17.5168 0.0846609 -0.200724 7.08577 5.43205e-05
17.5392 0.0802826 -0.190284 7.24481 4.63456e-05
17.5616 0.076132 -0.180392 7.40382 3.95421e-05
17.584 0.0721972 -0.17102 7.56279 3.3738e-05
17.6064 0.0684667 -0.16214 7.72173 2.87863e-05
17.6288 0.0649298 -0.153725 7.88065 2.45616e-05
17.6512 0.0615765 -0.14575 8.03954 2.09573e-05
17.6736 0.0583971 -0.138193 8.1984 1.78821e-05
17.696 0.0553825 -0.13103 8.35724 1.52583e-05
17.7184 0.0525242 -0.124241 8.51606 1.30197e-05
17.7408 0.0498139 -0.117807 8.67486 1.11096e-05
17.7632 0.0472439 -0.111707 8.83364 9.47977e-06
17.7856 0.044807 -0.105926 8.9924 8.08913e-06
17.808 0.0424962 -0.100445 9.15114 6.90254e-06
17.8304 0.0403049 -0.0952499 9.30986 5.89005e-06
17.8528 0.038227 -0.0903246 9.46857 5.02609e-06
17.8752 0.0362565 -0.0856551 9.62726 4.28888e-06
17.8976 0.0343878 -0.0812281 9.78594 3.65981e-06
17.92 0.0326157 -0.0770308 9.94461 3.12301e-06
17.9424 0.0309352 -0.0730513 10.1033 2.66495e-06
17.9648 0.0293415 -0.0692781 10.2619 2.27407e-06
17.9872 0.0278301 -0.0657004 10.4205 1.94052e-06
18.0096 0.0263967 -0.062308 10.5792 1.65588e-06
18.032 0.0250374 -0.0590913 10.7378 1.41299e-06
18.0544 0.0237482 -0.0560411 10.8964 1.20572e-06
18.0768 0.0225256 -0.0531487 11.055 1.02885e-06
18.0992 0.021366 -0.0504059 11.2136 8.7791e-07
18.1216 0.0202663 -0.0478048 11.3722 7.49107e-07
18.144 0.0192234 -0.0453382 11.5308 6.39192e-07
18.1664 0.0182342 -0.042999 11.6894 5.45396e-07
18.1888 0.0172961 -0.0407806 11.848 4.65354e-07
18.2112 0.0164064 -0.0386767 12.0065 3.9705e-07
18.2336 0.0155626 -0.0366814 12.1651 3.38763e-07
18.256 0.0147623 -0.0347891 12.3237 2.89024e-07
18.2784 0.0140033 -0.0329943 12.4823 2.4658e-07
18.3008 0.0132835 -0.0312921 12.6409 2.10361e-07
18.3232 0.0126008 -0.0296776 12.7995 1.79455e-07
18.3456 0.0119533 -0.0281463 12.9581 1.53082e-07
18.368 0.0113392 -0.0266938 13.1167 1.30578e-07
18.3904 0.0107568 -0.0253161 13.2753 1.11376e-07
18.4128 0.0102045 -0.0240093 13.4339 9.49908e-08
18.4352 0.00968072 -0.0227698 13.5926 8.10104e-08
18.4576 0.00918396 -0.021594 13.7512 6.90818e-08
18.48 0.00871286 -0.0204786 13.9099 5.89042e-08
18.5024 0.00826609 -0.0194205 14.0686 5.02209e-08
18.5248 0.00784241 -0.0184168 14.2273 4.28126e-08
18.5472 0.00744063 -0.0174646 14.3861 3.64925e-08
18.5696 0.00705963 -0.0165612 14.5449 3.1101e-08
18.592 0.00669835 -0.0157041 14.7037 2.65018e-08
18.6144 0.00635576 -0.014891 14.8625 2.25787e-08
18.6368 0.00603092 -0.0141195 15.0214 1.92325e-08
18.6592 0.00572291 -0.0133874 15.1804 1.63787e-08
18.6816 0.00543088 -0.0126927 15.3394 1.39449e-08
18.704 0.00515401 -0.0120336 15.4984 1.18695e-08
18.7264 0.00489153 -0.011408 15.6576 1.00999e-08
18.7488 0.0046427 -0.0108143 15.8168 8.59124e-09
18.7712 0.00440682 -0.0102508 15.9761 7.30519e-09
18.7936 0.00418325 -0.00971599 16.1354 6.20906e-09
18.816 0.00397134 -0.00920828 16.2949 5.27494e-09
18.8384 0.00377052 -0.00872628 16.4546 4.47903e-09
18.8608 0.00358022 -0.00826865 16.6143 3.80102e-09
18.8832 0.00339992 -0.00783411 16.7742 3.22357e-09
18.9056 0.00322909 -0.00742143 16.9343 2.73189e-09
18.928 0.00306728 -0.00702947 17.0945 2.31336e-09
18.9504 0.00291403 -0.00665713 17.255 1.95721e-09
18.9728 0.0027689 -0.00630337 17.4157 1.65425e-09
18.9952 0.0026315 -0.00596719 17.5767 1.39665e-09
19.0176 0.00250145 -0.00564767 17.738 1.17771e-09
19.04 0.00237837 -0.00534389 17.8996 9.91734e-10
19.0624 0.00226193 -0.00505502 18.0616 8.33847e-10
19.0848 0.0021518 -0.00478025 18.224 6.99901e-10
19.1072 0.00204768 -0.0045188 18.3869 5.86351e-10
19.1296 0.00194927 -0.00426994 18.5504 4.90177e-10
19.152 0.00185629 -0.00403298 18.7145 4.08802e-10
19.1744 0.0017685 -0.00380724 18.8792 3.40028e-10
19.1968 0.00168565 -0.0035921 19.0448 2.8198e-10
19.2192 0.0016075 -0.00338695 19.2113 2.3306e-10
19.2416 0.00153384 -0.00319121 19.3788 1.91904e-10
19.264 0.00146447 -0.00300433 19.5475 1.57349e-10
19.2864 0.00139919 -0.00282578 19.7175 1.28404e-10
19.3088 0.00133782 -0.00265505 19.8891 1.04223e-10
19.3312 0.00128019 -0.00249165 20.0625 8.40856e-11
19.3536 0.00122614 -0.00233512 20.238 6.73754e-11
19.376 0.00117553 -0.002185 20.4159 5.35676e-11
19.3984 0.00112821 -0.00204086 20.5966 4.22141e-11
19.4208 0.00108405 -0.00190228 20.7807 3.29321e-11
19.4432 0.00104295 -0.00176885 20.9686 2.53948e-11
19.4656 0.00100477 -0.00164016 21.1612 1.93226e-11
19.488 0.000969435 -0.00151584 21.3593 1.44763e-11
19.5104 0.000936835 -0.0013955 21.564 1.06514e-11
19.5328 0.000906889 -0.00127877 21.7767 7.67235e-12
19.5552 0.000879522 -0.00116526 21.9994 5.38891e-12
19.5776 0.000854664 -0.00105463 22.2341 3.67217e-12
19.6 0.000832256 -0.00094649 22.4842 2.41174e-12
19.6224 0.000812246 -0.000840487 22.7538 1.51315e-12
19.6448 0.000794589 -0.000736254 23.0488 8.95921e-13
19.6672 0.000779251 -0.000633424 23.3779 4.91847e-13
19.6896 0.000766204 -0.000531634 23.7543 2.43728e-13
19.712 0.000755429 -0.000430525 24.1997 1.04338e-13
19.7344 0.000746914 -0.000329751 24.7538 3.56407e-14
19.7568 0.000740656 -0.000228992 25.5005 8.20974e-15
19.7792 0.000736657 -0.000127986 26.6773 7.9296e-16
19.8016 0.000734925 -2.65941e-05 29.8272 1.46665e-18
19.824 -nan -nan -nan -nan
19.8464 -nan -nan -nan -nan
19.8688 -nan -nan -nan -nan
19.8912 -nan -nan -nan -nan
19.9136 -nan -nan -nan -nan
19.936 -nan -nan -nan -nan
19.9584 -nan -nan -nan -nan
19.9808 -nan -nan -nan -nan
20.0032 -nan -nan -nan -nan
20.0256 -nan -nan -nan -nan
20.048 -nan -nan -nan -nan
20.0704 -nan -nan -nan -nan
20.0928 -nan -nan -nan -nan
20.1152 -nan -nan -nan -nan
20.1376 -nan -nan -nan -nan
20.16 -nan -nan -nan -nan
20.1824 -nan -nan -nan -nan
20.2048 -nan -nan -nan -nan
20.2272 -nan -nan -nan -nan
20.2496 -nan -nan -nan -nan
20.272 -nan -nan -nan -nan
20.2944 -nan -nan -nan -nan
20.3168 -nan -nan -nan -nan
20.3392 -nan -nan -nan -nan
20.3616 -nan -nan -nan -nan
20.384 -nan -nan -nan -nan
20.4064 -nan -nan -nan -nan
20.4288 -nan -nan -nan -nan
20.4512 -nan -nan -nan -nan
20.4736 -nan -nan -nan -nan
20.496 -nan -nan -nan -nan
20.5184 -nan -nan -nan -nan
20.5408 -nan -nan -nan -nan
20.5632 -nan -nan -nan -nan
20.5856 -nan -nan -nan -nan
20.608 -nan -nan -nan -nan
20.6304 -nan -nan -nan -nan
20.6528 -nan -nan -nan -nan
20.6752 -nan -nan -nan -nan
20.6976 -nan -nan -nan -nan
20.72 -nan -nan -nan -nan
20.7424 -nan -nan -nan -nan
20.7648 -nan -nan -nan -nan
20.7872 -nan -nan -nan -nan
20.8096 -nan -nan -nan -nan
20.832 -nan -nan -nan -nan
20.8544 -nan -nan -nan -nan
20.8768 -nan -nan -nan -nan
20.8992 -nan -nan -nan -nan
20.9216 -nan -nan -nan -nan
20.944 -nan -nan -nan -nan
20.9664 -nan -nan -nan -nan
20.9888 -nan -nan -nan -nan
21.0112 -nan -nan -nan -nan
21.0336 -nan -nan -nan -nan
21.056 -nan -nan -nan -nan
21.0784 -nan -nan -nan -nan
21.1008 -nan -nan -nan -nan
21.1232 -nan -nan -nan -nan
21.1456 -nan -nan -nan -nan
21.168 -nan -nan -nan -nan
21.1904 -nan -nan -nan -nan
21.2128 -nan -nan -nan -nan
21.2352 -nan -nan -nan -nan
21.2576 -nan -nan -nan -nan
21.28 -nan -nan -nan -nan
21.3024 -nan -nan -nan -nan
21.3248 -nan -nan -nan -nan
21.3472 -nan -nan -nan -nan
21.3696 -nan -nan -nan -nan
21.392 -nan -nan -nan -nan
21.4144 -nan -nan -nan -nan
21.4368 -nan -nan -nan -nan
21.4592 -nan -nan -nan -nan
21.4816 -nan -nan -nan -nan
21.504 -nan -nan -nan -nan
21.5264 -nan -nan -nan -nan
21.5488 -nan -nan -nan -nan
21.5712 -nan -nan -nan -nan
21.5936 -nan -nan -nan -nan
21.616 -nan -nan -nan -nan
21.6384 -nan -nan -nan -nan
21.6608 -nan -nan -nan -nan
21.6832 -nan -nan -nan -nan
21.7056 -nan -nan -nan -nan
21.728 -nan -nan -nan -nan
21.7504 -nan -nan -nan -nan
21.7728 -nan -nan -nan -nan
21.7952 -nan -nan -nan -nan
21.8176 -nan -nan -nan -nan
21.84 -nan -nan -nan -nan
21.8624 -nan -nan -nan -nan
21.8848 -nan -nan -nan -nan
21.9072 -nan -nan -nan -nan
21.9296 -nan -nan -nan -nan
21.952 -nan -nan -nan -nan
21.9744 -nan -nan -nan -nan
21.9968 -nan -nan -nan -nan
22.0192 -nan -nan -nan -nan
22.0416 -nan -nan -nan -nan
22.064 -nan -nan -nan -nan
22.0864 -nan -nan -nan -nan
22.1088 -nan -nan -nan -nan
22.1312 -nan -nan -nan -nan
22.1536 -nan -nan -nan -nan
22.176 -nan -nan -nan -nan
22.1984 -nan -nan -nan -nan
22.2208 -nan -nan -nan -nan
22.2432 -nan -nan -nan -nan
22.2656 -nan -nan -nan -nan
22.288 -nan -nan -nan -nan
22.3104 -nan -nan -nan -nan
22.3328 -nan -nan -nan -nan
22.3552 -nan -nan -nan -nan
22.3776 -nan -nan -nan -nan
22.4 -nan -nan -nan -nan
