-3.24 5.42136e-05 0.00182813 3.35461 4.67529e-08
-3.23676 6.01387e-05 0.00182934 3.35235 4.2201e-08
-3.23352 6.60678e-05 0.00183067 3.35029 3.8477e-08
-3.23028 7.20015e-05 0.00183211 3.3484 3.53762e-08
-3.22704 7.79401e-05 0.00183368 3.34664 3.27562e-08
-3.2238 8.38839e-05 0.00183536 3.345 3.05152e-08
-3.22056 8.98333e-05 0.00183716 3.34345 2.85778e-08
-3.21732 9.57888e-05 0.00183908 3.342 2.68878e-08
-3.21408 0.000101751 0.00184112 3.34062 2.54017e-08
-3.21084 0.000107719 0.00184328 3.33932 2.40858e-08
-3.2076 0.000113695 0.00184555 3.33807 2.29136e-08
-3.20436 0.000119679 0.00184795 3.33687 2.18635e-08
-3.20112 0.00012567 0.00185046 3.33573 2.09183e-08
-3.19788 0.00013167 0.00185309 3.33463 2.00638e-08
-3.19464 0.000137678 0.00185584 3.33357 1.92883e-08
-3.1914 0.000143696 0.00185871 3.33254 1.85819e-08
-3.18816 0.000149723 0.0018617 3.33155 1.79365e-08
-3.18492 0.00015576 0.00186481 3.33059 1.73452e-08
-3.18168 0.000161807 0.00186804 3.32966 1.68019e-08
-3.17844 0.000167865 0.00187139 3.32875 1.63016e-08
-3.1752 0.000173934 0.00187486 3.32786 1.58399e-08
-3.17196 0.000180014 0.00187845 3.327 1.5413e-08
-3.16872 0.000186106 0.00188216 3.32616 1.50177e-08
-3.16548 0.00019221 0.00188599 3.32533 1.4651e-08
-3.16224 0.000198327 0.00188995 3.32453 1.43104e-08
-3.159 0.000204457 0.00189402 3.32374 1.39936e-08
-3.15576 0.000210601 0.00189822 3.32296 1.36987e-08
-3.15252 0.000216758 0.00190254 3.3222 1.34238e-08
-3.14928 0.000222929 0.00190698 3.32145 1.31675e-08
-3.14604 0.000229115 0.00191155 3.32072 1.29284e-08
-3.1428 0.000235316 0.00191624 3.31999 1.27051e-08
-3.13956 0.000241533 0.00192105 3.31928 1.24966e-08
-3.13632 0.000247765 0.00192599 3.31858 1.23018e-08
-3.13308 0.000254013 0.00193105 3.31788 1.21199e-08
-3.12984 0.000260278 0.00193624 3.3172 1.19499e-08
-3.1266 0.00026656 0.00194155 3.31652 1.17911e-08
-3.12336 0.00027286 0.00194698 3.31585 1.1643e-08
-3.12012 0.000279177 0.00195255 3.31519 1.15047e-08
-3.11688 0.000285512 0.00195823 3.31454 1.13758e-08
-3.11364 0.000291866 0.00196405 3.31389 1.12558e-08
-3.1104 0.000298239 0.00196999 3.31325 1.11441e-08
-3.10716 0.000304632 0.00197606 3.31261 1.10404e-08
-3.10392 0.000311044 0.00198225 3.31198 1.09442e-08
-3.10068 0.000317477 0.00198858 3.31136 1.08552e-08
-3.09744 0.000323931 0.00199503 3.31074 1.07731e-08
-3.0942 0.000330405 0.00200161 3.31012 1.06974e-08
-3.09096 0.000336901 0.00200833 3.30951 1.06281e-08
-3.08772 0.000343419 0.00201517 3.3089 1.05647e-08
-3.08448 0.00034996 0.00202214 3.30829 1.05071e-08
-3.08124 0.000356523 0.00202924 3.30769 1.0455e-08
-3.078 0.000363109 0.00203648 3.3071 1.04083e-08
-3.07476 0.000369719 0.00204384 3.3065 1.03667e-08
-3.07152 0.000376353 0.00205134 3.30591 1.033e-08
-3.06828 0.000383012 0.00205897 3.30532 1.02982e-08
-3.06504 0.000389696 0.00206673 3.30473 1.0271e-08
-3.0618 0.000396405 0.00207463 3.30415 1.02484e-08
-3.05856 0.00040314 0.00208266 3.30357 1.02301e-08
-3.05532 0.000409901 0.00209083 3.30299 1.02161e-08
-3.05208 0.000416688 0.00209913 3.30241 1.02064e-08
-3.04884 0.000423503 0.00210757 3.30183 1.02006e-08
-3.0456 0.000430345 0.00211614 3.30126 1.01989e-08
-3.04236 0.000437216 0.00212485 3.30069 1.02011e-08
-3.03912 0.000444115 0.0021337 3.30011 1.02071e-08
-3.03588 0.000451042 0.00214269 3.29954 1.02169e-08
-3.03264 0.000457999 0.00215182 3.29897 1.02304e-08
-3.0294 0.000464986 0.00216108 3.29841 1.02476e-08
-3.02616 0.000472003 0.00217049 3.29784 1.02684e-08
-3.02292 0.000479051 0.00218003 3.29727 1.02927e-08
-3.01968 0.00048613 0.00218972 3.29671 1.03205e-08
-3.01644 0.000493241 0.00219955 3.29614 1.03518e-08
-3.0132 0.000500383 0.00220952 3.29558 1.03866e-08
-3.00996 0.000507559 0.00221964 3.29502 1.04248e-08
-3.00672 0.000514767 0.0022299 3.29445 1.04664e-08
-3.00348 0.000522008 0.0022403 3.29389 1.05114e-08
-3.00024 0.000529284 0.00225085 3.29333 1.05598e-08
-2.997 0.000536594 0.00226154 3.29277 1.06116e-08
-2.99376 0.000543939 0.00227239 3.29221 1.06667e-08
-2.99052 0.000551319 0.00228338 3.29165 1.07251e-08
-2.98728 0.000558736 0.00229451 3.29109 1.0787e-08
-2.98404 0.000566188 0.0023058 3.29052 1.08522e-08
-2.9808 0.000573677 0.00231723 3.28996 1.09207e-08
-2.97756 0.000581204 0.00232882 3.2894 1.09927e-08
-2.97432 0.000588768 0.00234055 3.28884 1.1068e-08
-2.97108 0.000596371 0.00235244 3.28828 1.11467e-08
-2.96784 0.000604012 0.00236448 3.28772 1.12289e-08
-2.9646 0.000611693 0.00237668 3.28716 1.13145e-08
-2.96136 0.000619413 0.00238903 3.2866 1.14036e-08
-2.95812 0.000627174 0.00240153 3.28604 1.14962e-08
-2.95488 0.000634975 0.00241419 3.28547 1.15923e-08
-2.95164 0.000642818 0.00242701 3.28491 1.16919e-08
-2.9484 0.000650702 0.00243998 3.28435 1.17952e-08
-2.94516 0.000658629 0.00245311 3.28379 1.19021e-08
-2.94192 0.000666599 0.0024664 3.28322 1.20126e-08
-2.93868 0.000674612 0.00247985 3.28266 1.21269e-08
-2.93544 0.000682668 0.00249347 3.28209 1.22449e-08
-2.9322 0.00069077 0.00250724 3.28153 1.23667e-08
-2.92896 0.000698915 0.00252118 3.28096 1.24924e-08
-2.92572 0.000707107 0.00253528 3.2804 1.2622e-08
-2.92248 0.000715344 0.00254954 3.27983 1.27555e-08
-2.91924 0.000723628 0.00256397 3.27926 1.28931e-08
-2.916 0.000731959 0.00257857 3.2787 1.30347e-08
-2.91276 0.000740337 0.00259333 3.27813 1.31804e-08
-2.90952 0.000748764 0.00260826 3.27756 1.33304e-08
-2.90628 0.000757239 0.00262337 3.27699 1.34846e-08
-2.90304 0.000765764 0.00263864 3.27642 1.36432e-08
-2.8998 0.000774338 0.00265408 3.27585 1.38061e-08
-2.89656 0.000782962 0.0026697 3.27527 1.39736e-08
-2.89332 0.000791638 0.00268549 3.2747 1.41456e-08
-2.89008 0.000800364 0.00270145 3.27413 1.43222e-08
-2.88684 0.000809143 0.00271759 3.27355 1.45036e-08
-2.8836 0.000817974 0.0027339 3.27298 1.46897e-08
-2.88036 0.000826859 0.0027504 3.2724 1.48808e-08
-2.87712 0.000835797 0.00276707 3.27183 1.50768e-08
-2.87388 0.00084479 0.00278392 3.27125 1.52779e-08
-2.87064 0.000853837 0.00280095 3.27067 1.54842e-08
-2.8674 0.00086294 0.00281816 3.27009 1.56957e-08
-2.86416 0.000872099 0.00283556 3.26951 1.59127e-08
-2.86092 0.000881315 0.00285314 3.26893 1.61351e-08
-2.85768 0.000890588 0.00287091 3.26835 1.63631e-08
-2.85444 0.000899918 0.00288886 3.26777 1.65968e-08
-2.8512 0.000909308 0.002907 3.26718 1.68363e-08
-2.84796 0.000918756 0.00292533 3.2666 1.70817e-08
-2.84472 0.000928264 0.00294385 3.26601 1.73332e-08
-2.84148 0.000937832 0.00296256 3.26543 1.75908e-08
-2.83824 0.000947462 0.00298146 3.26484 1.78548e-08
-2.835 0.000957152 0.00300056 3.26425 1.81251e-08
-2.83176 0.000966905 0.00301985 3.26366 1.84021e-08
-2.82852 0.000976721 0.00303934 3.26307 1.86857e-08
-2.82528 0.000986601 0.00305902 3.26248 1.89762e-08
-2.82204 0.000996544 0.0030789 3.26189 1.92737e-08
-2.8188 0.00100655 0.00309899 3.26129 1.95784e-08
-2.81556 0.00101663 0.00311927 3.2607 1.98903e-08
-2.81232 0.00102677 0.00313976 3.26011 2.02096e-08
-2.80908 0.00103697 0.00316045 3.25951 2.05366e-08
-2.80584 0.00104725 0.00318135 3.25891 2.08714e-08
-2.8026 0.00105759 0.00320245 3.25831 2.12141e-08
-2.79936 0.001068 0.00322376 3.25772 2.15649e-08
-2.79612 0.00107848 0.00324528 3.25712 2.1924e-08
-2.79288 0.00108903 0.00326701 3.25651 2.22917e-08
-2.78964 0.00109965 0.00328896 3.25591 2.26679e-08
-2.7864 0.00111034 0.00331112 3.25531 2.30531e-08
-2.78316 0.0011211 0.00333349 3.25471 2.34473e-08
-2.77992 0.00113194 0.00335608 3.2541 2.38507e-08
-2.77668 0.00114285 0.00337889 3.25349 2.42636e-08
-2.77344 0.00115384 0.00340191 3.25289 2.46862e-08
-2.7702 0.0011649 0.00342516 3.25228 2.51187e-08
-2.76696 0.00117603 0.00344863 3.25167 2.55613e-08
-2.76372 0.00118724 0.00347233 3.25106 2.60143e-08
-2.76048 0.00119853 0.00349625 3.25045 2.64778e-08
-2.75724 0.0012099 0.00352039 3.24984 2.69522e-08
-2.754 0.00122134 0.00354477 3.24922 2.74376e-08
-2.75076 0.00123287 0.00356938 3.24861 2.79344e-08
-2.74752 0.00124447 0.00359421 3.24799 2.84427e-08
-2.74428 0.00125616 0.00361929 3.24738 2.89628e-08
-2.74104 0.00126793 0.00364459 3.24676 2.94951e-08
-2.7378 0.00127978 0.00367014 3.24614 3.00398e-08
-2.73456 0.00129171 0.00369592 3.24552 3.05971e-08
-2.73132 0.00130373 0.00372194 3.2449 3.11674e-08
-2.72808 0.00131583 0.00374821 3.24428 3.1751e-08
-2.72484 0.00132802 0.00377471 3.24365 3.23481e-08
-2.7216 0.00134029 0.00380147 3.24303 3.29591e-08
-2.71836 0.00135265 0.00382847 3.24241 3.35843e-08
-2.71512 0.0013651 0.00385572 3.24178 3.4224e-08
-2.71188 0.00137764 0.00388322 3.24115 3.48786e-08
-2.70864 0.00139026 0.00391097 3.24053 3.55484e-08
-2.7054 0.00140298 0.00393898 3.2399 3.62338e-08
-2.70216 0.00141579 0.00396724 3.23927 3.69351e-08
-2.69892 0.00142869 0.00399576 3.23863 3.76527e-08
-2.69568 0.00144168 0.00402454 3.238 3.83869e-08
-2.69244 0.00145477 0.00405358 3.23737 3.91382e-08
-2.6892 0.00146795 0.00408288 3.23673 3.9907e-08
-2.68596 0.00148122 0.00411245 3.2361 4.06936e-08
-2.68272 0.0014946 0.00414229 3.23546 4.14985e-08
-2.67948 0.00150807 0.0041724 3.23482 4.23222e-08
-2.67624 0.00152163 0.00420278 3.23419 4.31649e-08
-2.673 0.0015353 0.00423343 3.23355 4.40273e-08
-2.66976 0.00154907 0.00426435 3.2329 4.49097e-08
-2.66652 0.00156293 0.00429556 3.23226 4.58127e-08
-2.66328 0.0015769 0.00432704 3.23162 4.67366e-08
-2.66004 0.00159097 0.0043588 3.23098 4.76821e-08
-2.6568 0.00160515 0.00439085 3.23033 4.86495e-08
-2.65356 0.00161943 0.00442318 3.22968 4.96395e-08
-2.65032 0.00163381 0.0044558 3.22904 5.06525e-08
-2.64708 0.0016483 0.00448871 3.22839 5.16891e-08
-2.64384 0.0016629 0.00452191 3.22774 5.27498e-08
-2.6406 0.0016776 0.00455541 3.22709 5.38353e-08
-2.63736 0.00169242 0.0045892 3.22644 5.4946e-08
-2.63412 0.00170734 0.00462329 3.22578 5.60827e-08
-2.63088 0.00172238 0.00465768 3.22513 5.72458e-08
-2.62764 0.00173752 0.00469237 3.22447 5.84361e-08
-2.6244 0.00175278 0.00472737 3.22382 5.96542e-08
-2.62116 0.00176816 0.00476268 3.22316 6.09006e-08
-2.61792 0.00178364 0.00479829 3.2225 6.21762e-08
-2.61468 0.00179925 0.00483422 3.22184 6.34815e-08
-2.61144 0.00181497 0.00487046 3.22118 6.48174e-08
-2.6082 0.00183081 0.00490702 3.22052 6.61844e-08
-2.60496 0.00184677 0.00494389 3.21986 6.75834e-08
-2.60172 0.00186285 0.00498109 3.2192 6.90151e-08
-2.59848 0.00187905 0.00501861 3.21853 7.04803e-08
-2.59524 0.00189537 0.00505646 3.21787 7.19797e-08
-2.592 0.00191181 0.00509464 3.2172 7.35142e-08
-2.58876 0.00192838 0.00513314 3.21653 7.50846e-08
-2.58552 0.00194508 0.00517199 3.21586 7.66918e-08
-2.58228 0.0019619 0.00521116 3.21519 7.83367e-08
-2.57904 0.00197884 0.00525068 3.21452 8.002e-08
-2.5758 0.00199592 0.00529054 3.21385 8.17428e-08
-2.57256 0.00201313 0.00533074 3.21317 8.3506e-08
-2.56932 0.00203046 0.00537129 3.2125 8.53105e-08
-2.56608 0.00204793 0.00541219 3.21182 8.71573e-08
-2.56284 0.00206554 0.00545344 3.21115 8.90475e-08
-2.5596 0.00208327 0.00549504 3.21047 9.0982e-08
-2.55636 0.00210114 0.005537 3.20979 9.29619e-08
-2.55312 0.00211915 0.00557932 3.20911 9.49883e-08
-2.54988 0.0021373 0.00562201 3.20843 9.70624e-08
-2.54664 0.00215558 0.00566506 3.20775 9.91851e-08
-2.5434 0.00217401 0.00570847 3.20706 1.01358e-07
-2.54016 0.00219257 0.00575226 3.20638 1.03581e-07
-2.53692 0.00221128 0.00579643 3.20569 1.05857e-07
-2.53368 0.00223014 0.00584097 3.20501 1.08187e-07
-2.53044 0.00224913 0.00588589 3.20432 1.10571e-07
-2.5272 0.00226828 0.00593119 3.20363 1.13012e-07
-2.52396 0.00228757 0.00597688 3.20294 1.15509e-07
-2.52072 0.00230701 0.00602295 3.20225 1.18066e-07
-2.51748 0.0023266 0.00606942 3.20156 1.20683e-07
-2.51424 0.00234634 0.00611628 3.20087 1.23362e-07
-2.511 0.00236623 0.00616354 3.20017 1.26103e-07
-2.50776 0.00238628 0.00621121 3.19948 1.2891e-07
-2.50452 0.00240648 0.00625927 3.19878 1.31782e-07
-2.50128 0.00242684 0.00630774 3.19808 1.34722e-07
-2.49804 0.00244735 0.00635663 3.19738 1.37732e-07
-2.4948 0.00246803 0.00640592 3.19668 1.40812e-07
-2.49156 0.00248887 0.00645563 3.19598 1.43966e-07
-2.48832 0.00250986 0.00650576 3.19528 1.47193e-07
-2.48508 0.00253102 0.00655632 3.19458 1.50497e-07
-2.48184 0.00255235 0.0066073 3.19387 1.53879e-07
-2.4786 0.00257384 0.00665871 3.19317 1.57341e-07
-2.47536 0.0025955 0.00671056 3.19246 1.60885e-07
-2.47212 0.00261732 0.00676284 3.19175 1.64513e-07
-2.46888 0.00263932 0.00681556 3.19104 1.68226e-07
-2.46564 0.00266149 0.00686872 3.19033 1.72027e-07
-2.4624 0.00268383 0.00692233 3.18962 1.75918e-07
-2.45916 0.00270635 0.00697639 3.18891 1.79901e-07
-2.45592 0.00272904 0.0070309 3.1882 1.83978e-07
-2.45268 0.00275191 0.00708587 3.18748 1.88152e-07
-2.44944 0.00277496 0.00714131 3.18677 1.92424e-07
-2.4462 0.00279818 0.0071972 3.18605 1.96798e-07
-2.44296 0.00282159 0.00725357 3.18533 2.01275e-07
-2.43972 0.00284519 0.0073104 3.18461 2.05859e-07
-2.43648 0.00286897 0.00736771 3.18389 2.10551e-07
-2.43324 0.00289293 0.0074255 3.18317 2.15354e-07
-2.43 0.00291708 0.00748378 3.18245 2.20271e-07
-2.42676 0.00294143 0.00754254 3.18172 2.25305e-07
-2.42352 0.00296596 0.00760179 3.181 2.30458e-07
-2.42028 0.00299069 0.00766153 3.18027 2.35733e-07
-2.41704 0.00301561 0.00772177 3.17955 2.41134e-07
-2.4138 0.00304072 0.00778252 3.17882 2.46662e-07
-2.41056 0.00306604 0.00784377 3.17809 2.52322e-07
-2.40732 0.00309155 0.00790553 3.17736 2.58116e-07
-2.40408 0.00311727 0.00796781 3.17663 2.64047e-07
-2.40084 0.00314318 0.0080306 3.17589 2.7012e-07
-2.3976 0.00316931 0.00809392 3.17516 2.76337e-07
-2.39436 0.00319563 0.00815776 3.17442 2.82701e-07
-2.39112 0.00322217 0.00822213 3.17369 2.89216e-07
-2.38788 0.00324891 0.00828704 3.17295 2.95887e-07
-2.38464 0.00327587 0.00835249 3.17221 3.02716e-07
-2.3814 0.00330304 0.00841848 3.17147 3.09707e-07
-2.37816 0.00333042 0.00848502 3.17073 3.16864e-07
-2.37492 0.00335802 0.00855211 3.16999 3.24192e-07
-2.37168 0.00338584 0.00861975 3.16924 3.31694e-07
-2.36844 0.00341388 0.00868796 3.1685 3.39374e-07
-2.3652 0.00344214 0.00875673 3.16775 3.47237e-07
-2.36196 0.00347062 0.00882607 3.16701 3.55287e-07
-2.35872 0.00349933 0.00889599 3.16626 3.63528e-07
-2.35548 0.00352827 0.00896648 3.16551 3.71966e-07
-2.35224 0.00355743 0.00903756 3.16476 3.80604e-07
-2.349 0.00358683 0.00910922 3.16401 3.89448e-07
-2.34576 0.00361646 0.00918148 3.16325 3.98503e-07
-2.34252 0.00364633 0.00925433 3.1625 4.07773e-07
-2.33928 0.00367643 0.00932779 3.16174 4.17264e-07
-2.33604 0.00370677 0.00940185 3.16099 4.26981e-07
-2.3328 0.00373736 0.00947653 3.16023 4.3693e-07
-2.32956 0.00376818 0.00955182 3.15947 4.47115e-07
-2.32632 0.00379925 0.00962773 3.15871 4.57544e-07
-2.32308 0.00383057 0.00970427 3.15795 4.6822e-07
-2.31984 0.00386214 0.00978144 3.15718 4.79151e-07
-2.3166 0.00389396 0.00985925 3.15642 4.90343e-07
-2.31336 0.00392603 0.0099377 3.15566 5.01801e-07
-2.31012 0.00395835 0.0100168 3.15489 5.13533e-07
-2.30688 0.00399094 0.0100965 3.15412 5.25544e-07
-2.30364 0.00402378 0.0101769 3.15335 5.37842e-07
-2.3004 0.00405688 0.010258 3.15258 5.50433e-07
-2.29716 0.00409025 0.0103397 3.15181 5.63324e-07
-2.29392 0.00412389 0.0104221 3.15104 5.76523e-07
-2.29068 0.00415779 0.0105052 3.15026 5.90037e-07
-2.28744 0.00419196 0.010589 3.14949 6.03873e-07
-2.2842 0.0042264 0.0106734 3.14871 6.18039e-07
-2.28096 0.00426112 0.0107586 3.14793 6.32543e-07
-2.27772 0.00429612 0.0108444 3.14716 6.47393e-07
-2.27448 0.0043314 0.010931 3.14637 6.62598e-07
-2.27124 0.00436695 0.0110183 3.14559 6.78166e-07
-2.268 0.0044028 0.0111063 3.14481 6.94105e-07
-2.26476 0.00443892 0.011195 3.14403 7.10425e-07
-2.26152 0.00447534 0.0112844 3.14324 7.27134e-07
-2.25828 0.00451205 0.0113746 3.14245 7.44242e-07
-2.25504 0.00454905 0.0114655 3.14167 7.61759e-07
-2.2518 0.00458634 0.0115571 3.14088 7.79694e-07
-2.24856 0.00462394 0.0116495 3.14009 7.98058e-07
-2.24532 0.00466183 0.0117427 3.13929 8.1686e-07
-2.24208 0.00470003 0.0118366 3.1385 8.36111e-07
-2.23884 0.00473854 0.0119313 3.13771 8.55822e-07
-2.2356 0.00477735 0.0120268 3.13691 8.76004e-07
-2.23236 0.00481647 0.0121231 3.13611 8.96668e-07
-2.22912 0.00485591 0.0122201 3.13532 9.17826e-07
-2.22588 0.00489566 0.0123179 3.13452 9.39489e-07
-2.22264 0.00493573 0.0124166 3.13372 9.6167e-07
-2.2194 0.00497612 0.012516 3.13291 9.84381e-07
-2.21616 0.00501683 0.0126163 3.13211 1.00763e-06
-2.21292 0.00505787 0.0127174 3.1313 1.03144e-06
-2.20968 0.00509924 0.0128193 3.1305 1.05582e-06
-2.20644 0.00514094 0.012922 3.12969 1.08078e-06
-2.2032 0.00518298 0.0130256 3.12888 1.10634e-06
-2.19996 0.00522535 0.0131301 3.12807 1.13251e-06
-2.19672 0.00526806 0.0132354 3.12726 1.15931e-06
-2.19348 0.00531112 0.0133415 3.12645 1.18674e-06
-2.19024 0.00535452 0.0134485 3.12563 1.21483e-06
-2.187 0.00539826 0.0135564 3.12482 1.2436e-06
-2.18376 0.00544236 0.0136652 3.124 1.27305e-06
-2.18052 0.00548682 0.0137749 3.12318 1.3032e-06
-2.17728 0.00553162 0.0138854 3.12236 1.33408e-06
-2.17404 0.00557679 0.0139969 3.12154 1.36569e-06
-2.1708 0.00562233 0.0141093 3.12072 1.39806e-06
-2.16756 0.00566822 0.0142226 3.11989 1.43121e-06
-2.16432 0.00571449 0.0143368 3.11907 1.46514e-06
-2.16108 0.00576113 0.0144519 3.11824 1.49989e-06
-2.15784 0.00580814 0.014568 3.11741 1.53547e-06
-2.1546 0.00585553 0.0146851 3.11658 1.5719e-06
-2.15136 0.0059033 0.0148031 3.11575 1.60921e-06
-2.14812 0.00595145 0.014922 3.11492 1.6474e-06
-2.14488 0.00599999 0.015042 3.11409 1.68651e-06
-2.14164 0.00604893 0.0151629 3.11325 1.72656e-06
-2.1384 0.00609825 0.0152848 3.11242 1.76756e-06
-2.13516 0.00614797 0.0154077 3.11158 1.80954e-06
-2.13192 0.00619809 0.0155316 3.11074 1.85253e-06
-2.12868 0.00624862 0.0156565 3.1099 1.89655e-06
-2.12544 0.00629955 0.0157824 3.10905 1.94162e-06
-2.1222 0.00635089 0.0159094 3.10821 1.98776e-06
-2.11896 0.00640264 0.0160374 3.10737 2.03502e-06
-2.11572 0.00645481 0.0161664 3.10652 2.0834e-06
-2.11248 0.0065074 0.0162965 3.10567 2.13294e-06
-2.10924 0.00656042 0.0164276 3.10482 2.18367e-06
-2.106 0.00661385 0.0165598 3.10397 2.23561e-06
-2.10276 0.00666772 0.0166931 3.10312 2.28879e-06
-2.09952 0.00672203 0.0168275 3.10226 2.34325e-06
-2.09628 0.00677677 0.016963 3.10141 2.39901e-06
-2.09304 0.00683195 0.0170996 3.10055 2.4561e-06
-2.0898 0.00688757 0.0172373 3.09969 2.51456e-06
-2.08656 0.00694365 0.0173761 3.09883 2.57442e-06
-2.08332 0.00700017 0.017516 3.09797 2.63571e-06
-2.08008 0.00705715 0.0176571 3.09711 2.69847e-06
-2.07684 0.00711459 0.0177994 3.09624 2.76274e-06
-2.0736 0.00717249 0.0179427 3.09538 2.82853e-06
-2.07036 0.00723086 0.0180873 3.09451 2.89591e-06
-2.06712 0.0072897 0.0182331 3.09364 2.9649e-06
-2.06388 0.00734901 0.01838 3.09277 3.03553e-06
-2.06064 0.0074088 0.0185281 3.0919 3.10786e-06
-2.0574 0.00746908 0.0186774 3.09103 3.18192e-06
-2.05416 0.00752984 0.018828 3.09015 3.25776e-06
-2.05092 0.00759108 0.0189798 3.08927 3.3354e-06
-2.04768 0.00765283 0.0191328 3.0884 3.41491e-06
-2.04444 0.00771507 0.019287 3.08752 3.49632e-06
-2.0412 0.00777781 0.0194425 3.08663 3.57968e-06
-2.03796 0.00784105 0.0195993 3.08575 3.66503e-06
-2.03472 0.00790481 0.0197574 3.08487 3.75243e-06
-2.03148 0.00796908 0.0199167 3.08398 3.84192e-06
-2.02824 0.00803387 0.0200773 3.08309 3.93355e-06
-2.025 0.00809919 0.0202393 3.0822 4.02737e-06
-2.02176 0.00816502 0.0204025 3.08131 4.12344e-06
-2.01852 0.0082314 0.0205671 3.08042 4.22181e-06
-2.01528 0.0082983 0.020733 3.07953 4.32254e-06
-2.01204 0.00836575 0.0209003 3.07863 4.42567e-06
-2.0088 0.00843374 0.021069 3.07773 4.53128e-06
-2.00556 0.00850228 0.021239 3.07684 4.63941e-06
-2.00232 0.00857137 0.0214104 3.07594 4.75013e-06
-1.99908 0.00864102 0.0215831 3.07503 4.8635e-06
-1.99584 0.00871123 0.0217573 3.07413 4.97958e-06
-1.9926 0.00878201 0.021933 3.07322 5.09845e-06
-1.98936 0.00885335 0.02211 3.07232 5.22015e-06
-1.98612 0.00892528 0.0222885 3.07141 5.34478e-06
-1.98288 0.00899779 0.0224684 3.0705 5.47238e-06
-1.97964 0.00907088 0.0226498 3.06959 5.60304e-06
-1.9764 0.00914456 0.0228327 3.06867 5.73682e-06
-1.97316 0.00921883 0.023017 3.06776 5.87381e-06
-1.96992 0.00929371 0.0232029 3.06684 6.01408e-06
-1.96668 0.00936919 0.0233902 3.06592 6.1577e-06
-1.96344 0.00944528 0.0235791 3.065 6.30476e-06
-1.9602 0.00952198 0.0237695 3.06408 6.45534e-06
-1.95696 0.00959931 0.0239615 3.06316 6.60953e-06
-1.95372 0.00967726 0.024155 3.06223 6.7674e-06
-1.95048 0.00975583 0.0243502 3.0613 6.92905e-06
-1.94724 0.00983505 0.0245468 3.06037 7.09458e-06
-1.944 0.0099149 0.0247451 3.05944 7.26406e-06
-1.94076 0.0099954 0.024945 3.05851 7.4376e-06
-1.93752 0.0100765 0.0251466 3.05758 7.61529e-06
-1.93428 0.0101583 0.0253497 3.05664 7.79724e-06
-1.93104 0.0102408 0.0255545 3.0557 7.98353e-06
-1.9278 0.0103239 0.025761 3.05476 8.17429e-06
-1.92456 0.0104077 0.0259692 3.05382 8.36961e-06
-1.92132 0.0104922 0.026179 3.05288 8.56961e-06
-1.91808 0.0105774 0.0263906 3.05194 8.77439e-06
-1.91484 0.0106632 0.0266039 3.05099 8.98407e-06
-1.9116 0.0107498 0.0268189 3.05004 9.19877e-06
-1.90836 0.010837 0.0270356 3.04909 9.4186e-06
-1.90512 0.010925 0.0272542 3.04814 9.6437e-06
-1.90188 0.0110136 0.0274744 3.04718 9.87418e-06
-1.89864 0.011103 0.0276965 3.04623 1.01102e-05
-1.8954 0.0111931 0.0279204 3.04527 1.03518e-05
-1.89216 0.0112839 0.0281461 3.04431 1.05992e-05
-1.88892 0.0113755 0.0283737 3.04335 1.08526e-05
-1.88568 0.0114678 0.028603 3.04239 1.1112e-05
-1.88244 0.0115609 0.0288343 3.04142 1.13776e-05
-1.8792 0.0116547 0.0290674 3.04046 1.16496e-05
-1.87596 0.0117492 0.0293025 3.03949 1.1928e-05
-1.87272 0.0118445 0.0295394 3.03852 1.22132e-05
-1.86948 0.0119406 0.0297782 3.03755 1.25051e-05
-1.86624 0.0120375 0.030019 3.03657 1.2804e-05
-1.863 0.0121352 0.0302618 3.0356 1.31101e-05
-1.85976 0.0122336 0.0305065 3.03462 1.34235e-05
-1.85652 0.0123328 0.0307532 3.03364 1.37444e-05
-1.85328 0.0124329 0.031002 3.03266 1.4073e-05
-1.85004 0.0125337 0.0312527 3.03167 1.44095e-05
-1.8468 0.0126354 0.0315055 3.03069 1.47539e-05
-1.84356 0.0127379 0.0317603 3.0297 1.51067e-05
-1.84032 0.0128412 0.0320172 3.02871 1.54678e-05
-1.83708 0.0129454 0.0322762 3.02772 1.58376e-05
-1.83384 0.0130504 0.0325373 3.02673 1.62162e-05
-1.8306 0.0131562 0.0328005 3.02573 1.66039e-05
-1.82736 0.0132629 0.0330658 3.02473 1.70009e-05
-1.82412 0.0133705 0.0333333 3.02373 1.74073e-05
-1.82088 0.0134789 0.033603 3.02273 1.78235e-05
-1.81764 0.0135882 0.0338748 3.02173 1.82496e-05
-1.8144 0.0136984 0.0341489 3.02072 1.86859e-05
-1.81116 0.0138095 0.0344252 3.01972 1.91327e-05
-1.80792 0.0139215 0.0347038 3.01871 1.95901e-05
-1.80468 0.0140344 0.0349846 3.0177 2.00584e-05
-1.80144 0.0141482 0.0352676 3.01668 2.0538e-05
-1.7982 0.0142629 0.035553 3.01567 2.1029e-05
-1.79496 0.0143786 0.0358407 3.01465 2.15317e-05
-1.79172 0.0144952 0.0361307 3.01363 2.20465e-05
-1.78848 0.0146127 0.0364231 3.01261 2.25736e-05
-1.78524 0.0147312 0.0367179 3.01159 2.31132e-05
-1.782 0.0148507 0.0370151 3.01056 2.36658e-05
-1.77876 0.0149711 0.0373146 3.00953 2.42316e-05
-1.77552 0.0150925 0.0376166 3.0085 2.48109e-05
-1.77228 0.0152148 0.0379211 3.00747 2.5404e-05
-1.76904 0.0153382 0.038228 3.00644 2.60113e-05
-1.7658 0.0154625 0.0385374 3.0054 2.66331e-05
-1.76256 0.0155879 0.0388494 3.00436 2.72698e-05
-1.75932 0.0157143 0.0391638 3.00332 2.79217e-05
-1.75608 0.0158417 0.0394808 3.00228 2.85891e-05
-1.75284 0.0159701 0.0398004 3.00123 2.92726e-05
-1.7496 0.0160996 0.0401226 3.00018 2.99723e-05
-1.74636 0.0162301 0.0404474 2.99914 3.06887e-05
-1.74312 0.0163617 0.0407749 2.99808 3.14223e-05
-1.73988 0.0164944 0.041105 2.99703 3.21734e-05
-1.73664 0.0166281 0.0414377 2.99597 3.29424e-05
-1.7334 0.0167629 0.0417732 2.99492 3.37298e-05
-1.73016 0.0168988 0.0421114 2.99386 3.4536e-05
-1.72692 0.0170358 0.0424524 2.99279 3.53615e-05
-1.72368 0.0171739 0.0427961 2.99173 3.62067e-05
-1.72044 0.0173131 0.0431426 2.99066 3.7072e-05
-1.7172 0.0174534 0.0434919 2.98959 3.7958e-05
-1.71396 0.0175949 0.0438441 2.98852 3.88652e-05
-1.71072 0.0177375 0.0441991 2.98745 3.97941e-05
-1.70748 0.0178813 0.044557 2.98637 4.07451e-05
-1.70424 0.0180263 0.0449178 2.98529 4.17188e-05
-1.701 0.0181724 0.0452816 2.98421 4.27158e-05
-1.69776 0.0183197 0.0456482 2.98313 4.37365e-05
-1.69452 0.0184682 0.0460179 2.98204 4.47817e-05
-1.69128 0.0186179 0.0463906 2.98095 4.58518e-05
-1.68804 0.0187688 0.0467663 2.97986 4.69474e-05
-1.6848 0.0189209 0.047145 2.97877 4.80692e-05
-1.68156 0.0190743 0.0475268 2.97768 4.92177e-05
-1.67832 0.0192289 0.0479118 2.97658 5.03937e-05
-1.67508 0.0193848 0.0482998 2.97548 5.15977e-05
-1.67184 0.0195419 0.048691 2.97438 5.28305e-05
-1.6686 0.0197003 0.0490854 2.97327 5.40927e-05
-1.66536 0.01986 0.049483 2.97216 5.53849e-05
-1.66212 0.020021 0.0498838 2.97105 5.67081e-05
-1.65888 0.0201832 0.0502878 2.96994 5.80628e-05
-1.65564 0.0203468 0.0506952 2.96883 5.94498e-05
-1.6524 0.0205117 0.0511058 2.96771 6.08699e-05
-1.64916 0.020678 0.0515198 2.96659 6.23239e-05
-1.64592 0.0208456 0.0519371 2.96547 6.38125e-05
-1.64268 0.0210146 0.0523578 2.96435 6.53367e-05
-1.63944 0.0211849 0.052782 2.96322 6.68972e-05
-1.6362 0.0213566 0.0532096 2.96209 6.8495e-05
-1.63296 0.0215297 0.0536406 2.96096 7.01308e-05
-1.62972 0.0217042 0.0540752 2.95982 7.18057e-05
-1.62648 0.0218801 0.0545133 2.95869 7.35205e-05
-1.62324 0.0220574 0.0549549 2.95755 7.52762e-05
-1.62 0.0222362 0.0554002 2.9564 7.70737e-05
-1.61676 0.0224164 0.055849 2.95526 7.89141e-05
-1.61352 0.0225981 0.0563015 2.95411 8.07984e-05
-1.61028 0.0227813 0.0567577 2.95296 8.27276e-05
-1.60704 0.0229659 0.0572176 2.95181 8.47028e-05
-1.6038 0.023152 0.0576812 2.95066 8.6725e-05
-1.60056 0.0233397 0.0581485 2.9495 8.87955e-05
-1.59732 0.0235288 0.0586197 2.94834 9.09153e-05
-1.59408 0.0237195 0.0590947 2.94717 9.30856e-05
-1.59084 0.0239118 0.0595735 2.94601 9.53077e-05
-1.5876 0.0241056 0.0600563 2.94484 9.75827e-05
-1.58436 0.024301 0.0605429 2.94367 9.99119e-05
-1.58112 0.0244979 0.0610336 2.94249 0.000102297
-1.57788 0.0246965 0.0615281 2.94132 0.000104738
-1.57464 0.0248966 0.0620268 2.94014 0.000107238
-1.5714 0.0250984 0.0625294 2.93896 0.000109797
-1.56816 0.0253018 0.0630362 2.93777 0.000112417
-1.56492 0.0255069 0.063547 2.93658 0.0001151
-1.56168 0.0257136 0.064062 2.93539 0.000117846
-1.55844 0.025922 0.0645812 2.9342 0.000120658
-1.5552 0.0261321 0.0651046 2.933 0.000123537
-1.55196 0.0263439 0.0656323 2.9318 0.000126484
-1.54872 0.0265574 0.0661642 2.9306 0.000129502
-1.54548 0.0267726 0.0667005 2.9294 0.000132592
-1.54224 0.0269896 0.0672411 2.92819 0.000135755
-1.539 0.0272084 0.0677861 2.92698 0.000138993
-1.53576 0.0274289 0.0683355 2.92576 0.000142308
-1.53252 0.0276512 0.0688894 2.92455 0.000145702
-1.52928 0.0278753 0.0694478 2.92333 0.000149178
-1.52604 0.0281012 0.0700107 2.92211 0.000152735
-1.5228 0.028329 0.0705782 2.92088 0.000156378
-1.51956 0.0285586 0.0711504 2.91965 0.000160107
-1.51632 0.02879 0.0717271 2.91842 0.000163925
-1.51308 0.0290233 0.0723086 2.91719 0.000167834
-1.50984 0.0292586 0.0728947 2.91595 0.000171835
-1.5066 0.0294957 0.0734857 2.91471 0.000175932
-1.50336 0.0297348 0.0740814 2.91346 0.000180127
-1.50012 0.0299758 0.0746819 2.91222 0.000184421
-1.49688 0.0302187 0.0752874 2.91097 0.000188817
-1.49364 0.0304636 0.0758978 2.90972 0.000193318
-1.4904 0.0307105 0.0765131 2.90846 0.000197926
-1.48716 0.0309594 0.0771334 2.9072 0.000202643
-1.48392 0.0312104 0.0777587 2.90594 0.000207473
-1.48068 0.0314633 0.0783892 2.90467 0.000212417
-1.47744 0.0317183 0.0790247 2.90341 0.000217479
-1.4742 0.0319754 0.0796655 2.90213 0.000222661
-1.47096 0.0322346 0.0803114 2.90086 0.000227967
-1.46772 0.0324958 0.0809626 2.89958 0.000233399
-1.46448 0.0327592 0.081619 2.8983 0.000238959
-1.46124 0.0330247 0.0822808 2.89702 0.000244652
-1.458 0.0332924 0.082948 2.89573 0.00025048
-1.45476 0.0335622 0.0836206 2.89444 0.000256447
-1.45152 0.0338343 0.0842987 2.89314 0.000262555
-1.44828 0.0341085 0.0849822 2.89184 0.000268809
-1.44504 0.034385 0.0856714 2.89054 0.000275211
-1.4418 0.0346637 0.0863661 2.88924 0.000281765
-1.43856 0.0349446 0.0870664 2.88793 0.000288475
-1.43532 0.0352279 0.0877725 2.88662 0.000295344
-1.43208 0.0355134 0.0884843 2.8853 0.000302376
-1.42884 0.0358012 0.0892019 2.88399 0.000309575
-1.4256 0.0360914 0.0899253 2.88267 0.000316946
-1.42236 0.036384 0.0906546 2.88134 0.000324491
-1.41912 0.0366789 0.0913898 2.88001 0.000332215
-1.41588 0.0369762 0.092131 2.87868 0.000340123
-1.41264 0.0372759 0.0928782 2.87734 0.000348218
-1.4094 0.037578 0.0936315 2.87601 0.000356506
-1.40616 0.0378826 0.0943909 2.87466 0.00036499
-1.40292 0.0381897 0.0951564 2.87332 0.000373675
-1.39968 0.0384992 0.0959282 2.87197 0.000382567
-1.39644 0.0388113 0.0967063 2.87061 0.00039167
-1.3932 0.0391259 0.0974907 2.86926 0.000400988
-1.38996 0.0394431 0.0982815 2.8679 0.000410528
-1.38672 0.0397628 0.0990786 2.86653 0.000420294
-1.38348 0.0400851 0.0998823 2.86516 0.000430291
-1.38024 0.04041 0.100693 2.86379 0.000440526
-1.377 0.0407376 0.101509 2.86242 0.000451003
-1.37376 0.0410678 0.102333 2.86104 0.000461729
-1.37052 0.0414007 0.103163 2.85965 0.000472709
-1.36728 0.0417363 0.104 2.85827 0.000483949
-1.36404 0.0420746 0.104843 2.85688 0.000495456
-1.3608 0.0424157 0.105694 2.85548 0.000507235
-1.35756 0.0427595 0.106551 2.85408 0.000519294
-1.35432 0.0431062 0.107416 2.85268 0.000531638
-1.35108 0.0434556 0.108287 2.85128 0.000544275
-1.34784 0.0438079 0.109166 2.84987 0.000557211
-1.3446 0.044163 0.110051 2.84845 0.000570454
-1.34136 0.044521 0.110944 2.84704 0.000584011
-1.33812 0.0448819 0.111844 2.84561 0.000597888
-1.33488 0.0452458 0.112752 2.84419 0.000612095
-1.33164 0.0456126 0.113667 2.84276 0.000626637
-1.3284 0.0459823 0.114589 2.84132 0.000641524
-1.32516 0.0463551 0.115519 2.83989 0.000656764
-1.32192 0.0467309 0.116456 2.83844 0.000672364
-1.31868 0.0471098 0.117401 2.837 0.000688334
-1.31544 0.0474917 0.118353 2.83555 0.000704681
-1.3122 0.0478767 0.119314 2.83409 0.000721416
-1.30896 0.0482648 0.120282 2.83263 0.000738547
-1.30572 0.0486561 0.121258 2.83117 0.000756082
-1.30248 0.0490506 0.122242 2.8297 0.000774033
-1.29924 0.0494483 0.123234 2.82823 0.000792409
-1.296 0.0498492 0.124234 2.82676 0.000811219
-1.29276 0.0502533 0.125242 2.82528 0.000830474
-1.28952 0.0506607 0.126258 2.82379 0.000850184
-1.28628 0.0510715 0.127283 2.8223 0.000870361
-1.28304 0.0514855 0.128316 2.82081 0.000891014
-1.2798 0.051903 0.129357 2.81931 0.000912156
-1.27656 0.0523238 0.130407 2.81781 0.000933798
-1.27332 0.052748 0.131465 2.81631 0.000955951
-1.27008 0.0531757 0.132532 2.81479 0.000978628
-1.26684 0.0536068 0.133608 2.81328 0.00100184
-1.2636 0.0540415 0.134692 2.81176 0.0010256
-1.26036 0.0544797 0.135786 2.81023 0.00104992
-1.25712 0.0549214 0.136888 2.8087 0.00107482
-1.25388 0.0553667 0.137999 2.80717 0.00110031
-1.25064 0.0558156 0.139119 2.80563 0.00112639
-1.2474 0.0562682 0.140248 2.80409 0.0011531
-1.24416 0.0567244 0.141386 2.80254 0.00118043
-1.24092 0.0571844 0.142534 2.80099 0.00120841
-1.23768 0.0576481 0.143691 2.79943 0.00123705
-1.23444 0.0581155 0.144857 2.79787 0.00126637
-1.2312 0.0585868 0.146033 2.7963 0.00129637
-1.22796 0.0590618 0.147219 2.79473 0.00132709
-1.22472 0.0595407 0.148414 2.79315 0.00135853
-1.22148 0.0600236 0.149618 2.79157 0.00139071
-1.21824 0.0605103 0.150833 2.78999 0.00142365
-1.215 0.061001 0.152057 2.78839 0.00145737
-1.21176 0.0614956 0.153292 2.7868 0.00149188
-1.20852 0.0619943 0.154536 2.7852 0.00152721
-1.20528 0.062497 0.155791 2.78359 0.00156337
-1.20204 0.0630038 0.157056 2.78198 0.00160039
-1.1988 0.0635148 0.158331 2.78036 0.00163827
-1.19556 0.0640298 0.159616 2.77874 0.00167705
-1.19232 0.0645491 0.160912 2.77711 0.00171674
-1.18908 0.0650726 0.162218 2.77548 0.00175737
-1.18584 0.0656003 0.163535 2.77384 0.00179895
-1.1826 0.0661323 0.164863 2.7722 0.00184152
-1.17936 0.0666686 0.166202 2.77055 0.00188508
-1.17612 0.0672093 0.167551 2.76889 0.00192968
-1.17288 0.0677543 0.168912 2.76724 0.00197532
-1.16964 0.0683038 0.170283 2.76557 0.00202204
-1.1664 0.0688578 0.171666 2.7639 0.00206985
-1.16316 0.0694162 0.17306 2.76222 0.0021188
-1.15992 0.0699792 0.174465 2.76054 0.00216889
-1.15668 0.0705468 0.175881 2.75886 0.00222016
-1.15344 0.0711189 0.17731 2.75716 0.00227264
-1.1502 0.0716958 0.178749 2.75547 0.00232636
-1.14696 0.0722773 0.180201 2.75376 0.00238134
-1.14372 0.0728635 0.181664 2.75205 0.00243761
-1.14048 0.0734545 0.183139 2.75034 0.0024952
-1.13724 0.0740502 0.184626 2.74862 0.00255415
-1.134 0.0746508 0.186126 2.74689 0.00261448
-1.13076 0.0752563 0.187637 2.74516 0.00267623
-1.12752 0.0758667 0.189161 2.74342 0.00273944
-1.12428 0.0764821 0.190697 2.74167 0.00280412
-1.12104 0.0771025 0.192246 2.73992 0.00287033
-1.1178 0.0777279 0.193807 2.73816 0.00293809
-1.11456 0.0783584 0.195381 2.7364 0.00300745
-1.11132 0.078994 0.196967 2.73463 0.00307843
-1.10808 0.0796347 0.198567 2.73286 0.00315108
-1.10484 0.0802807 0.20018 2.73107 0.00322543
-1.1016 0.0809319 0.201805 2.72929 0.00330153
-1.09836 0.0815884 0.203444 2.72749 0.00337942
-1.09512 0.0822502 0.205097 2.72569 0.00345913
-1.09188 0.0829174 0.206762 2.72388 0.00354072
-1.08864 0.0835901 0.208441 2.72207 0.00362422
-1.0854 0.0842682 0.210134 2.72025 0.00370967
-1.08216 0.0849518 0.211841 2.71842 0.00379713
-1.07892 0.0856409 0.213561 2.71659 0.00388664
-1.07568 0.0863356 0.215296 2.71475 0.00397825
-1.07244 0.087036 0.217044 2.7129 0.00407201
-1.0692 0.0877421 0.218807 2.71105 0.00416796
-1.06596 0.0884539 0.220584 2.70919 0.00426616
-1.06272 0.0891715 0.222376 2.70732 0.00436666
-1.05948 0.0898949 0.224182 2.70545 0.00446952
-1.05624 0.0906242 0.226003 2.70357 0.00457478
-1.053 0.0913594 0.227838 2.70168 0.00468251
-1.04976 0.0921006 0.229689 2.69979 0.00479276
-1.04652 0.0928478 0.231554 2.69789 0.00490559
-1.04328 0.0936011 0.233435 2.69598 0.00502106
-1.04004 0.0943605 0.235331 2.69406 0.00513923
-1.0368 0.0951261 0.237242 2.69214 0.00526017
-1.03356 0.0958979 0.239169 2.69021 0.00538394
-1.03032 0.0966759 0.241111 2.68827 0.0055106
-1.02708 0.0974603 0.24307 2.68632 0.00564022
-1.02384 0.098251 0.245044 2.68437 0.00577287
-1.0206 0.0990482 0.247034 2.68241 0.00590863
-1.01736 0.0998518 0.24904 2.68044 0.00604755
-1.01412 0.100662 0.251063 2.67847 0.00618972
-1.01088 0.101479 0.253102 2.67648 0.00633521
-1.00764 0.102302 0.255157 2.67449 0.0064841
-1.0044 0.103132 0.257229 2.67249 0.00663647
-1.00116 0.103969 0.259318 2.67049 0.00679239
-0.99792 0.104813 0.261424 2.66847 0.00695195
-0.99468 0.105663 0.263547 2.66645 0.00711524
-0.99144 0.10652 0.265688 2.66442 0.00728233
-0.9882 0.107385 0.267845 2.66238 0.00745333
-0.98496 0.108256 0.27002 2.66033 0.00762831
-0.98172 0.109134 0.272213 2.65828 0.00780737
-0.97848 0.11002 0.274423 2.65621 0.00799061
-0.97524 0.110913 0.276652 2.65414 0.00817812
-0.972 0.111813 0.278898 2.65206 0.00836999
-0.96876 0.11272 0.281163 2.64997 0.00856634
-0.96552 0.113635 0.283446 2.64787 0.00876726
-0.96228 0.114557 0.285747 2.64577 0.00897287
-0.95904 0.115486 0.288067 2.64365 0.00918325
-0.9558 0.116423 0.290406 2.64153 0.00939854
-0.95256 0.117368 0.292764 2.63939 0.00961884
-0.94932 0.118321 0.295141 2.63725 0.00984426
-0.94608 0.119281 0.297537 2.6351 0.0100749
-0.94284 0.120249 0.299952 2.63294 0.010311
-0.9396 0.121224 0.302387 2.63077 0.0105525
-0.93636 0.122208 0.304842 2.62859 0.0107996
-0.93312 0.1232 0.307316 2.62641 0.0110525
-0.92988 0.1242 0.309811 2.62421 0.0113113
-0.92664 0.125207 0.312325 2.622 0.011576
-0.9234 0.126223 0.31486 2.61979 0.011847
-0.92016 0.127248 0.317416 2.61756 0.0121242
-0.91692 0.12828 0.319992 2.61532 0.0124078
-0.91368 0.129321 0.322588 2.61308 0.0126981
-0.91044 0.130371 0.325206 2.61082 0.012995
-0.9072 0.131429 0.327845 2.60856 0.0132989
-0.90396 0.132495 0.330505 2.60628 0.0136098
-0.90072 0.13357 0.333187 2.60399 0.0139279
-0.89748 0.134654 0.33589 2.6017 0.0142534
-0.89424 0.135747 0.338615 2.59939 0.0145865
-0.891 0.136848 0.341361 2.59707 0.0149272
-0.88776 0.137959 0.34413 2.59475 0.0152759
-0.88452 0.139078 0.346922 2.59241 0.0156326
-0.88128 0.140207 0.349735 2.59006 0.0159976
-0.87804 0.141345 0.352571 2.5877 0.0163711
-0.8748 0.142492 0.35543 2.58533 0.0167531
-0.87156 0.143648 0.358312 2.58294 0.0171441
-0.86832 0.144814 0.361217 2.58055 0.017544
-0.86508 0.145989 0.364146 2.57815 0.0179533
-0.86184 0.147173 0.367098 2.57573 0.018372
-0.8586 0.148368 0.370073 2.5733 0.0188003
-0.85536 0.149571 0.373073 2.57086 0.0192386
-0.85212 0.150785 0.376096 2.56841 0.019687
-0.84888 0.152009 0.379144 2.56595 0.0201458
-0.84564 0.153242 0.382216 2.56348 0.0206151
-0.8424 0.154485 0.385312 2.56099 0.0210953
-0.83916 0.155739 0.388433 2.55849 0.0215866
-0.83592 0.157002 0.39158 2.55598 0.0220892
-0.83268 0.158276 0.394751 2.55346 0.0226034
-0.82944 0.15956 0.397947 2.55092 0.0231294
-0.8262 0.160855 0.40117 2.54837 0.0236676
-0.82296 0.16216 0.404417 2.54581 0.0242182
-0.81972 0.163476 0.407691 2.54324 0.0247815
-0.81648 0.164802 0.41099 2.54065 0.0253578
-0.81324 0.166139 0.414316 2.53805 0.0259473
-0.81 0.167487 0.417669 2.53544 0.0265504
-0.80676 0.168845 0.421047 2.53281 0.0271674
-0.80352 0.170215 0.424453 2.53017 0.0277986
-0.80028 0.171596 0.427886 2.52751 0.0284443
-0.79704 0.172988 0.431346 2.52485 0.0291049
-0.7938 0.174391 0.434833 2.52216 0.0297807
-0.79056 0.175806 0.438348 2.51947 0.030472
-0.78732 0.177232 0.44189 2.51676 0.0311791
-0.78408 0.178669 0.445461 2.51403 0.0319026
-0.78084 0.180118 0.449059 2.51129 0.0326426
-0.7776 0.181579 0.452686 2.50854 0.0333997
-0.77436 0.183052 0.456342 2.50577 0.0341741
-0.77112 0.184536 0.460026 2.50298 0.0349663
-0.76788 0.186033 0.463739 2.50019 0.0357766
-0.76464 0.187541 0.467482 2.49737 0.0366056
-0.7614 0.189062 0.471253 2.49454 0.0374535
-0.75816 0.190595 0.475054 2.49169 0.0383209
-0.75492 0.19214 0.478885 2.48883 0.0392081
-0.75168 0.193698 0.482746 2.48595 0.0401157
-0.74844 0.195269 0.486637 2.48306 0.0410441
-0.7452 0.196852 0.490558 2.48015 0.0419937
-0.74196 0.198447 0.49451 2.47722 0.0429651
-0.73872 0.200056 0.498492 2.47428 0.0439586
-0.73548 0.201678 0.502506 2.47132 0.0449749
-0.73224 0.203312 0.50655 2.46834 0.0460145
-0.729 0.20496 0.510626 2.46534 0.0470778
-0.72576 0.206621 0.514733 2.46233 0.0481654
-0.72252 0.208296 0.518872 2.4593 0.0492778
-0.71928 0.209984 0.523043 2.45625 0.0504157
-0.71604 0.211685 0.527246 2.45318 0.0515795
-0.7128 0.2134 0.531481 2.45009 0.0527699
-0.70956 0.215129 0.535749 2.44699 0.0539874
-0.70632 0.216872 0.540049 2.44387 0.0552328
-0.70308 0.218629 0.544382 2.44072 0.0565065
-0.69984 0.220399 0.548748 2.43756 0.0578092
-0.6966 0.222185 0.553148 2.43438 0.0591416
-0.69336 0.223984 0.557581 2.43118 0.0605044
-0.69012 0.225798 0.562047 2.42796 0.0618982
-0.68688 0.227626 0.566548 2.42472 0.0633238
-0.68364 0.229469 0.571082 2.42146 0.0647818
-0.6804 0.231327 0.575651 2.41817 0.0662729
-0.67716 0.233199 0.580253 2.41487 0.067798
-0.67392 0.235087 0.584891 2.41154 0.0693577
-0.67068 0.236989 0.589563 2.4082 0.0709529
-0.66744 0.238907 0.59427 2.40483 0.0725843
-0.6642 0.24084 0.599012 2.40144 0.0742528
-0.66096 0.242789 0.60379 2.39802 0.0759592
-0.65772 0.244753 0.608603 2.39459 0.0777043
-0.65448 0.246733 0.613451 2.39113 0.079489
-0.65124 0.248728 0.618335 2.38765 0.0813142
-0.648 0.250739 0.623256 2.38414 0.0831808
-0.64476 0.252767 0.628212 2.38061 0.0850897
-0.64152 0.25481 0.633205 2.37705 0.0870418
-0.63828 0.25687 0.638234 2.37347 0.0890382
-0.63504 0.258946 0.643299 2.36987 0.0910798
-0.6318 0.261039 0.648402 2.36624 0.0931676
-0.62856 0.263148 0.653541 2.36258 0.0953027
-0.62532 0.265274 0.658717 2.3589 0.0974861
-0.62208 0.267416 0.663931 2.35519 0.0997189
-0.61884 0.269576 0.669182 2.35146 0.102002
-0.6156 0.271753 0.67447 2.3477 0.104337
-0.61236 0.273946 0.679796 2.34391 0.106725
-0.60912 0.276158 0.68516 2.34009 0.109166
-0.60588 0.278386 0.690561 2.33624 0.111663
-0.60264 0.280633 0.696001 2.33237 0.114216
-0.5994 0.282896 0.701478 2.32847 0.116827
-0.59616 0.285178 0.706994 2.32453 0.119496
-0.59292 0.287478 0.712548 2.32057 0.122226
-0.58968 0.289796 0.718141 2.31657 0.125018
-0.58644 0.292131 0.723772 2.31255 0.127872
-0.5832 0.294486 0.729442 2.30849 0.130791
-0.57996 0.296858 0.73515 2.3044 0.133775
-0.57672 0.299249 0.740898 2.30028 0.136827
-0.57348 0.301659 0.746684 2.29612 0.139947
-0.57024 0.304088 0.752509 2.29194 0.143138
-0.567 0.306536 0.758373 2.28771 0.1464
-0.56376 0.309002 0.764276 2.28346 0.149736
-0.56052 0.311488 0.770218 2.27916 0.153147
-0.55728 0.313993 0.7762 2.27484 0.156634
-0.55404 0.316518 0.782221 2.27047 0.1602
-0.5508 0.319062 0.788281 2.26607 0.163846
-0.54756 0.321626 0.79438 2.26163 0.167574
-0.54432 0.32421 0.800518 2.25715 0.171386
-0.54108 0.326814 0.806696 2.25264 0.175283
-0.53784 0.329437 0.812913 2.24808 0.179268
-0.5346 0.332081 0.81917 2.24348 0.183343
-0.53136 0.334746 0.825466 2.23885 0.187509
-0.52812 0.33743 0.831801 2.23417 0.191768
-0.52488 0.340136 0.838176 2.22944 0.196123
-0.52164 0.342862 0.844589 2.22468 0.200576
-0.5184 0.345609 0.851043 2.21987 0.205128
-0.51516 0.348377 0.857535 2.21502 0.209783
-0.51192 0.351165 0.864066 2.21012 0.214542
-0.50868 0.353976 0.870637 2.20517 0.219407
-0.50544 0.356807 0.877246 2.20017 0.224382
-0.5022 0.35966 0.883895 2.19513 0.229469
-0.49896 0.362535 0.890582 2.19004 0.234669
-0.49572 0.365431 0.897308 2.1849 0.239986
-0.49248 0.36835 0.904073 2.17971 0.245422
-0.48924 0.37129 0.910877 2.17446 0.25098
-0.486 0.374252 0.917719 2.16916 0.256662
-0.48276 0.377237 0.924599 2.16381 0.262472
-0.47952 0.380243 0.931518 2.1584 0.268412
-0.47628 0.383273 0.938475 2.15293 0.274485
-0.47304 0.386325 0.945469 2.14741 0.280695
-0.4698 0.3894 0.952502 2.14182 0.287043
-0.46656 0.392497 0.959573 2.13618 0.293534
-0.46332 0.395618 0.966681 2.13048 0.30017
-0.46008 0.398761 0.973827 2.12471 0.306956
-0.45684 0.401928 0.98101 2.11887 0.313893
-0.4536 0.405118 0.98823 2.11297 0.320986
-0.45036 0.408332 0.995487 2.10701 0.328239
-0.44712 0.411569 1.00278 2.10097 0.335654
-0.44388 0.41483 1.01011 2.09486 0.343235
-0.44064 0.418115 1.01748 2.08868 0.350987
-0.4374 0.421423 1.02488 2.08243 0.358914
-0.43416 0.424756 1.03232 2.0761 0.367018
-0.43092 0.428113 1.0398 2.06969 0.375305
-0.42768 0.431494 1.04731 2.0632 0.383778
-0.42444 0.434899 1.05486 2.05663 0.392443
-0.4212 0.438329 1.06245 2.04998 0.401302
-0.41796 0.441784 1.07007 2.04324 0.410362
-0.41472 0.445263 1.07772 2.03641 0.419626
-0.41148 0.448768 1.08541 2.02949 0.429099
-0.40824 0.452297 1.09314 2.02247 0.438787
-0.405 0.455851 1.1009 2.01536 0.448694
-0.40176 0.459431 1.1087 2.00815 0.458826
-0.39852 0.463036 1.11654 2.00084 0.469187
-0.39528 0.466666 1.1244 1.99342 0.479784
-0.39204 0.470322 1.13231 1.98589 0.490622
-0.3888 0.474003 1.14025 1.97825 0.501707
-0.38556 0.477711 1.14823 1.9705 0.513045
-0.38232 0.481444 1.15625 1.96263 0.524642
-0.37908 0.485203 1.1643 1.95463 0.536505
-0.37584 0.488989 1.17239 1.94651 0.54864
-0.3726 0.4928 1.18051 1.93826 0.561054
-0.36936 0.496638 1.18868 1.92987 0.573755
-0.36612 0.500503 1.19688 1.92134 0.586748
-0.36288 0.504394 1.20512 1.91267 0.600042
-0.35964 0.508312 1.21341 1.90384 0.613645
-0.3564 0.512257 1.22173 1.89486 0.627565
-0.35316 0.516229 1.2301 1.88572 0.641809
-0.34992 0.520228 1.23851 1.8764 0.656388
-0.34668 0.524255 1.24696 1.86691 0.671308
-0.34344 0.528309 1.25546 1.85724 0.686581
-0.3402 0.53239 1.26401 1.84738 0.702215
-0.33696 0.536499 1.27261 1.83731 0.718221
-0.33372 0.540637 1.28126 1.82704 0.734609
-0.33048 0.544802 1.28996 1.81656 0.751389
-0.32724 0.548996 1.29872 1.80584 0.768574
-0.324 0.553218 1.30754 1.79489 0.786175
-0.32076 0.557469 1.31641 1.78368 0.804203
-0.31752 0.561748 1.32536 1.77221 0.822673
-0.31428 0.566057 1.33437 1.76047 0.841597
-0.31104 0.570395 1.34345 1.74843 0.860989
-0.3078 0.574763 1.3526 1.73609 0.880865
-0.30456 0.57916 1.36183 1.72342 0.901238
-0.30132 0.583587 1.37115 1.71041 0.922125
-0.29808 0.588045 1.38056 1.69703 0.943543
-0.29484 0.592534 1.39006 1.68326 0.965509
-0.2916 0.597053 1.39966 1.66908 0.988041
-0.28836 0.601603 1.40936 1.65446 1.01116
-0.28512 0.606186 1.41918 1.63936 1.03488
-0.28188 0.6108 1.42911 1.62377 1.05923
-0.27864 0.615446 1.43917 1.60763 1.08422
-0.2754 0.620126 1.44936 1.5909 1.10988
-0.27216 0.624838 1.45968 1.57354 1.13623
-0.26892 0.629585 1.47016 1.55551 1.1633
-0.26568 0.634365 1.48079 1.53673 1.1911
-0.26244 0.63918 1.49158 1.51714 1.21966
-0.2592 0.644031 1.50253 1.49667 1.249
-0.25596 0.648917 1.51365 1.47524 1.27914
-0.25272 0.653839 1.52495 1.45274 1.3101
-0.24948 0.658799 1.53641 1.42907 1.34189
-0.24624 0.663796 1.54805 1.40411 1.37452
-0.243 0.66883 1.55984 1.3777 1.40799
-0.23976 0.673903 1.57177 1.34969 1.44228
-0.23652 0.679015 1.58381 1.31989 1.47735
-0.23328 0.684167 1.59592 1.28807 1.51315
-0.23004 0.689357 1.60803 1.25399 1.54959
-0.2268 0.694587 1.62006 1.21738 1.58651
-0.22356 0.699855 1.63186 1.17792 1.62372
-0.22032 0.705161 1.64328 1.13528 1.66091
-0.21708 0.710503 1.65409 1.08912 1.69769
-0.21384 0.715878 1.664 1.03909 1.73353
-0.2106 0.721284 1.67265 0.984914 1.76777
-0.20736 0.726715 1.67966 0.926411 1.79961
-0.20412 0.732166 1.68459 0.863568 1.82819
-0.20088 0.737629 1.68705 0.796598 1.85264
-0.19764 0.743095 1.68674 0.725962 1.8722
-0.1944 0.748556 1.68353 0.652346 1.88639
-0.19116 0.754001 1.67746 0.576574 1.89504
-0.18792 0.759423 1.66875 0.499497 1.89829
-0.18468 0.764812 1.65774 0.421898 1.89659
-0.18144 0.770163 1.64483 0.344418 1.89052
-0.1782 0.775469 1.63043 0.267541 1.88074
-0.17496 0.780727 1.61494 0.191597 1.8679
-0.17172 0.785933 1.59867 0.116792 1.85259
-0.16848 0.791086 1.5819 0.0432374 1.83534
-0.16524 0.796183 1.56484 -0.0290213 1.81659
-0.162 0.801226 1.54768 -0.0999844 1.7967
-0.15876 0.806212 1.53054 -0.169679 1.77598
-0.15552 0.811144 1.51352 -0.238149 1.75468
-0.15228 0.81602 1.49669 -0.305446 1.73298
-0.14904 0.820843 1.48011 -0.371623 1.71105
-0.1458 0.825612 1.46381 -0.436734 1.68901
-0.14256 0.830328 1.44782 -0.50083 1.66698
-0.13932 0.834994 1.43215 -0.563959 1.64504
-0.13608 0.839609 1.41681 -0.626165 1.62325
-0.13284 0.844175 1.40182 -0.687486 1.60167
-0.1296 0.848693 1.38716 -0.747961 1.58033
-0.12636 0.853164 1.37283 -0.80762 1.55928
-0.12312 0.85759 1.35884 -0.866494 1.53853
-0.11988 0.86197 1.34518 -0.924609 1.51812
-0.11664 0.866307 1.33183 -0.98199 1.49804
-0.1134 0.870601 1.31879 -1.03866 1.47832
-0.11016 0.874853 1.30605 -1.09463 1.45896
-0.10692 0.879064 1.29361 -1.14993 1.43997
-0.10368 0.883236 1.28145 -1.20457 1.42134
-0.10044 0.887368 1.26957 -1.25857 1.40308
-0.0972 0.891463 1.25795 -1.31194 1.38519
-0.09396 0.89552 1.24659 -1.3647 1.36766
-0.09072 0.899541 1.23549 -1.41686 1.35049
-0.08748 0.903526 1.22462 -1.46843 1.33368
-0.08424 0.907477 1.21399 -1.51942 1.31721
-0.081 0.911393 1.20359 -1.56985 1.30109
-0.07776 0.915276 1.19341 -1.61972 1.28531
-0.07452 0.919127 1.18343 -1.66904 1.26986
-0.07128 0.922945 1.17367 -1.71783 1.25473
-0.06804 0.926732 1.1641 -1.7661 1.23992
-0.0648 0.930489 1.15473 -1.81385 1.22542
-0.06156 0.934215 1.14554 -1.8611 1.21123
-0.05832 0.937912 1.13654 -1.90785 1.19733
-0.05508 0.94158 1.12771 -1.9541 1.18371
-0.05184 0.94522 1.11905 -1.99988 1.17038
-0.0486 0.948832 1.11055 -2.04519 1.15733
-0.04536 0.952416 1.10222 -2.09003 1.14454
-0.04212 0.955974 1.09404 -2.13442 1.13201
-0.03888 0.959506 1.08601 -2.17836 1.11973
-0.03564 0.963012 1.07813 -2.22186 1.10771
-0.0324 0.966492 1.07039 -2.26493 1.09592
-0.02916 0.969948 1.06279 -2.30757 1.08437
-0.02592 0.973379 1.05532 -2.3498 1.07305
-0.02268 0.976787 1.04798 -2.39161 1.06195
-0.01944 0.98017 1.04077 -2.43302 1.05106
-0.0162 0.983531 1.03369 -2.47403 1.04039
-0.01296 0.986869 1.02672 -2.51465 1.02992
-0.00972 0.990184 1.01987 -2.55489 1.01965
-0.00648 0.993478 1.01314 -2.59475 1.00958
-0.00324 0.996749 1.00652 -2.63424 0.999698
0 1 1 -2.67336 0.99
0.0224 1.02192 0.957696 -2.93432 0.927637
0.0448 1.04294 0.919638 -3.17993 0.872495
0.0672 1.06314 0.885188 -3.41177 0.823432
0.0896 1.08262 0.853833 -3.63125 0.779519
0.112 1.10142 0.825152 -3.83956 0.740001
0.1344 1.1196 0.798802 -4.03775 0.70426
0.1568 1.13722 0.774494 -4.22674 0.671785
0.1792 1.15431 0.751989 -4.40734 0.642152
0.2016 1.17092 0.731083 -4.58024 0.615004
0.224 1.18707 0.711601 -4.74607 0.590045
0.2464 1.20281 0.693395 -4.90538 0.567021
0.2688 1.21815 0.676338 -5.05867 0.545715
0.2912 1.23312 0.660317 -5.20637 0.525942
0.3136 1.24774 0.645236 -5.34888 0.507544
0.336 1.26203 0.631009 -5.48656 0.490381
0.3584 1.27601 0.617562 -5.61971 0.474334
0.3808 1.2897 0.604829 -5.74864 0.459296
0.4032 1.30311 0.592751 -5.8736 0.445176
0.4256 1.31626 0.581276 -5.99483 0.431893
0.448 1.32916 0.570357 -6.11256 0.419372
0.4704 1.34182 0.559952 -6.22697 0.407552
0.4928 1.35425 0.550024 -6.33826 0.396374
0.5152 1.36646 0.540539 -6.44659 0.385788
0.5376 1.37847 0.531466 -6.55211 0.375747
0.56 1.39027 0.522777 -6.65498 0.366211
0.5824 1.40189 0.514447 -6.75532 0.357143
0.6048 1.41332 0.506452 -6.85325 0.348508
0.6272 1.42458 0.498772 -6.9489 0.340277
0.6496 1.43567 0.491387 -7.04236 0.332421
0.672 1.4466 0.48428 -7.13374 0.324916
0.6944 1.45737 0.477434 -7.22312 0.317738
0.7168 1.46799 0.470834 -7.3106 0.310867
0.7392 1.47846 0.464467 -7.39625 0.304283
0.7616 1.4888 0.458319 -7.48016 0.297969
0.784 1.499 0.452379 -7.56239 0.291908
0.8064 1.50907 0.446636 -7.64301 0.286085
0.8288 1.51901 0.44108 -7.72207 0.280487
0.8512 1.52883 0.4357 -7.79966 0.275101
0.8736 1.53853 0.430489 -7.8758 0.269915
0.896 1.54811 0.425437 -7.95057 0.264918
0.9184 1.55759 0.420539 -8.02401 0.2601
0.9408 1.56696 0.415785 -8.09617 0.255451
0.9632 1.57622 0.411169 -8.16709 0.250963
0.9856 1.58538 0.406686 -8.23682 0.246628
1.008 1.59444 0.402329 -8.30539 0.242437
1.0304 1.6034 0.398092 -8.37285 0.238384
1.0528 1.61227 0.39397 -8.43923 0.234461
1.0752 1.62105 0.389959 -8.50456 0.230664
1.0976 1.62974 0.386054 -8.56888 0.226985
1.12 1.63835 0.38225 -8.63222 0.22342
1.1424 1.64687 0.378544 -8.69462 0.219963
1.1648 1.65531 0.374931 -8.75609 0.216609
1.1872 1.66367 0.371407 -8.81666 0.213354
1.2096 1.67195 0.36797 -8.87637 0.210194
1.232 1.68015 0.364615 -8.93524 0.207124
1.2544 1.68828 0.361341 -8.99329 0.204141
1.2768 1.69634 0.358143 -9.05054 0.20124
1.2992 1.70433 0.355019 -9.10702 0.198419
1.3216 1.71225 0.351966 -9.16275 0.195675
1.344 1.7201 0.348982 -9.21774 0.193003
1.3664 1.72788 0.346064 -9.27203 0.190402
1.3888 1.7356 0.34321 -9.32561 0.187869
1.4112 1.74326 0.340418 -9.37853 0.185401
1.4336 1.75085 0.337685 -9.43078 0.182995
1.456 1.75839 0.33501 -9.48239 0.180649
1.4784 1.76586 0.332391 -9.53338 0.178362
1.5008 1.77328 0.329826 -9.58375 0.17613
1.5232 1.78064 0.327313 -9.63353 0.173952
1.5456 1.78794 0.32485 -9.68273 0.171826
1.568 1.79519 0.322437 -9.73136 0.16975
1.5904 1.80239 0.32007 -9.77944 0.167723
1.6128 1.80953 0.31775 -9.82697 0.165742
1.6352 1.81662 0.315474 -9.87398 0.163806
1.6576 1.82366 0.313241 -9.92047 0.161913
1.68 1.83066 0.31105 -9.96645 0.160063
1.7024 1.8376 0.3089 -10.0119 0.158253
1.7248 1.8445 0.30679 -10.0569 0.156483
1.7472 1.85134 0.304717 -10.1015 0.154751
1.7696 1.85815 0.302682 -10.1455 0.153056
1.792 1.86491 0.300683 -10.1892 0.151396
1.8144 1.87162 0.298719 -10.2323 0.149771
1.8368 1.87829 0.29679 -10.2751 0.14818
1.8592 1.88491 0.294893 -10.3174 0.146621
1.8816 1.8915 0.293029 -10.3593 0.145093
1.904 1.89804 0.291197 -10.4008 0.143597
1.9264 1.90455 0.289395 -10.4418 0.142129
1.9488 1.91101 0.287623 -10.4825 0.140691
1.9712 1.91743 0.28588 -10.5228 0.139281
1.9936 1.92382 0.284165 -10.5628 0.137897
2.016 1.93016 0.282478 -10.6023 0.13654
2.0384 1.93647 0.280818 -10.6415 0.135209
2.0608 1.94274 0.279184 -10.6804 0.133903
2.0832 1.94898 0.277576 -10.7189 0.13262
2.1056 1.95518 0.275992 -10.757 0.131362
2.128 1.96134 0.274433 -10.7948 0.130126
2.1504 1.96747 0.272898 -10.8323 0.128912
2.1728 1.97357 0.271386 -10.8695 0.127721
2.1952 1.97963 0.269896 -10.9063 0.12655
2.2176 1.98566 0.268429 -10.9428 0.1254
2.24 1.99166 0.266983 -10.9791 0.12427
2.2624 1.99762 0.265558 -11.015 0.123159
2.2848 2.00355 0.264154 -11.0506 0.122068
2.3072 2.00946 0.26277 -11.0859 0.120995
2.3296 2.01533 0.261405 -11.1209 0.11994
2.352 2.02117 0.26006 -11.1557 0.118902
2.3744 2.02698 0.258734 -11.1902 0.117882
2.3968 2.03276 0.257426 -11.2244 0.116878
2.4192 2.03851 0.256136 -11.2583 0.115891
2.4416 2.04423 0.254863 -11.292 0.11492
2.464 2.04993 0.253608 -11.3254 0.113964
2.4864 2.05559 0.25237 -11.3585 0.113024
2.5088 2.06123 0.251148 -11.3914 0.112098
2.5312 2.06685 0.249942 -11.4241 0.111187
2.5536 2.07243 0.248752 -11.4565 0.11029
2.576 2.07799 0.247578 -11.4887 0.109406
2.5984 2.08352 0.246419 -11.5206 0.108537
2.6208 2.08903 0.245274 -11.5523 0.10768
2.6432 2.09451 0.244145 -11.5838 0.106836
2.6656 2.09997 0.243029 -11.615 0.106005
2.688 2.1054 0.241928 -11.646 0.105187
2.7104 2.11081 0.24084 -11.6768 0.10438
2.7328 2.11619 0.239766 -11.7074 0.103585
2.7552 2.12155 0.238705 -11.7378 0.102802
2.7776 2.12688 0.237656 -11.7679 0.10203
2.8 2.1322 0.236621 -11.7979 0.101269
2.8224 2.13748 0.235598 -11.8276 0.100518
2.8448 2.14275 0.234587 -11.8572 0.0997786
2.8672 2.14799 0.233588 -11.8865 0.0990494
2.8896 2.15321 0.232601 -11.9157 0.0983302
2.912 2.15841 0.231625 -11.9446 0.097621
2.9344 2.16359 0.230661 -11.9734 0.0969215
2.9568 2.16875 0.229708 -12.002 0.0962316
2.9792 2.17388 0.228765 -12.0304 0.095551
3.0016 2.179 0.227834 -12.0586 0.0948795
3.024 2.18409 0.226913 -12.0866 0.094217
3.0464 2.18916 0.226002 -12.1145 0.0935633
3.0688 2.19421 0.225102 -12.1421 0.0929182
3.0912 2.19925 0.224211 -12.1696 0.0922815
3.1136 2.20426 0.22333 -12.197 0.0916532
3.136 2.20925 0.222459 -12.2241 0.0910329
3.1584 2.21423 0.221598 -12.2511 0.0904206
3.1808 2.21918 0.220745 -12.278 0.0898162
3.2032 2.22412 0.219902 -12.3046 0.0892194
3.2256 2.22903 0.219068 -12.3311 0.0886301
3.248 2.23393 0.218243 -12.3575 0.0880482
3.2704 2.23881 0.217426 -12.3837 0.0874735
3.2928 2.24367 0.216618 -12.4097 0.0869059
3.3152 2.24851 0.215818 -12.4356 0.0863454
3.3376 2.25334 0.215027 -12.4614 0.0857916
3.36 2.25815 0.214244 -12.4869 0.0852446
3.3824 2.26294 0.213468 -12.5124 0.0847042
3.4048 2.26771 0.212701 -12.5377 0.0841703
3.4272 2.27247 0.211941 -12.5628 0.0836428
3.4496 2.27721 0.211189 -12.5878 0.0831215
3.472 2.28193 0.210445 -12.6127 0.0826063
3.4944 2.28663 0.209708 -12.6374 0.0820972
3.5168 2.29132 0.208978 -12.662 0.081594
3.5392 2.296 0.208255 -12.6865 0.0810967
3.5616 2.30065 0.20754 -12.7108 0.080605
3.584 2.30529 0.206831 -12.735 0.0801191
3.6064 2.30992 0.206129 -12.7591 0.0796386
3.6288 2.31453 0.205434 -12.783 0.0791636
3.6512 2.31912 0.204746 -12.8068 0.0786939
3.6736 2.3237 0.204064 -12.8305 0.0782295
3.696 2.32826 0.203388 -12.854 0.0777703
3.7184 2.33281 0.202719 -12.8775 0.0773161
3.7408 2.33735 0.202056 -12.9008 0.076867
3.7632 2.34186 0.2014 -12.924 0.0764228
3.7856 2.34637 0.200749 -12.947 0.0759834
3.808 2.35086 0.200104 -12.97 0.0755488
3.8304 2.35533 0.199465 -12.9928 0.0751188
3.8528 2.35979 0.198832 -13.0155 0.0746935
3.8752 2.36424 0.198205 -13.0381 0.0742727
3.8976 2.36867 0.197583 -13.0606 0.0738564
3.92 2.37309 0.196967 -13.083 0.0734445
3.9424 2.3775 0.196357 -13.1052 0.0730369
3.9648 2.38189 0.195752 -13.1274 0.0726335
3.9872 2.38627 0.195152 -13.1494 0.0722344
4.0096 2.39063 0.194557 -13.1714 0.0718393
4.032 2.39498 0.193968 -13.1932 0.0714484
4.0544 2.39932 0.193383 -13.2149 0.0710614
4.0768 2.40365 0.192804 -13.2366 0.0706784
4.0992 2.40796 0.19223 -13.2581 0.0702992
4.1216 2.41226 0.19166 -13.2795 0.0699239
4.144 2.41655 0.191096 -13.3008 0.0695523
4.1664 2.42082 0.190536 -13.322 0.0691845
4.1888 2.42508 0.189981 -13.3431 0.0688203
4.2112 2.42933 0.189431 -13.3641 0.0684597
4.2336 2.43357 0.188885 -13.3851 0.0681027
4.256 2.43779 0.188344 -13.4059 0.0677491
4.2784 2.44201 0.187807 -13.4266 0.067399
4.3008 2.44621 0.187275 -13.4472 0.0670523
4.3232 2.4504 0.186747 -13.4678 0.0667089
4.3456 2.45457 0.186223 -13.4882 0.0663688
4.368 2.45874 0.185703 -13.5086 0.066032
4.3904 2.46289 0.185188 -13.5288 0.0656984
4.4128 2.46704 0.184677 -13.549 0.0653679
4.4352 2.47117 0.18417 -13.5691 0.0650406
4.4576 2.47529 0.183667 -13.5891 0.0647163
4.48 2.4794 0.183168 -13.609 0.064395
4.5024 2.48349 0.182673 -13.6288 0.0640768
4.5248 2.48758 0.182181 -13.6485 0.0637614
4.5472 2.49165 0.181694 -13.6682 0.063449
4.5696 2.49572 0.18121 -13.6878 0.0631395
4.592 2.49977 0.180731 -13.7072 0.0628327
4.6144 2.50382 0.180254 -13.7266 0.0625288
4.6368 2.50785 0.179782 -13.746 0.0622276
4.6592 2.51187 0.179313 -13.7652 0.0619291
4.6816 2.51588 0.178848 -13.7843 0.0616333
4.704 2.51988 0.178386 -13.8034 0.0613401
4.7264 2.52387 0.177928 -13.8224 0.0610495
4.7488 2.52785 0.177473 -13.8413 0.0607616
4.7712 2.53182 0.177021 -13.8602 0.0604761
4.7936 2.53578 0.176573 -13.8789 0.0601931
4.816 2.53973 0.176128 -13.8976 0.0599127
4.8384 2.54367 0.175687 -13.9162 0.0596346
4.8608 2.54761 0.175249 -13.9347 0.059359
4.8832 2.55153 0.174814 -13.9532 0.0590857
4.9056 2.55544 0.174382 -13.9716 0.0588148
4.928 2.55934 0.173953 -13.9899 0.0585462
4.9504 2.56323 0.173527 -14.0081 0.0582799
4.9728 2.56711 0.173105 -14.0263 0.0580158
4.9952 2.57099 0.172685 -14.0444 0.057754
5.0176 2.57485 0.172268 -14.0624 0.0574944
5.04 2.5787 0.171855 -14.0804 0.0572369
5.0624 2.58255 0.171444 -14.0983 0.0569816
5.0848 2.58638 0.171036 -14.1161 0.0567284
5.1072 2.59021 0.170631 -14.1338 0.0564773
5.1296 2.59403 0.170229 -14.1515 0.0562283
5.152 2.59784 0.16983 -14.1691 0.0559813
5.1744 2.60164 0.169433 -14.1866 0.0557363
5.1968 2.60543 0.16904 -14.2041 0.0554934
5.2192 2.60921 0.168649 -14.2215 0.0552524
5.2416 2.61298 0.16826 -14.2389 0.0550133
5.264 2.61675 0.167874 -14.2562 0.0547762
5.2864 2.6205 0.167491 -14.2734 0.0545409
5.3088 2.62425 0.167111 -14.2905 0.0543076
5.3312 2.62799 0.166733 -14.3076 0.0540761
5.3536 2.63172 0.166357 -14.3246 0.0538464
5.376 2.63544 0.165984 -14.3416 0.0536185
5.3984 2.63916 0.165614 -14.3585 0.0533924
5.4208 2.64286 0.165246 -14.3753 0.0531681
5.4432 2.64656 0.16488 -14.3921 0.0529456
5.4656 2.65025 0.164517 -14.4088 0.0527247
5.488 2.65393 0.164157 -14.4255 0.0525056
5.5104 2.6576 0.163798 -14.4421 0.0522882
5.5328 2.66127 0.163442 -14.4586 0.0520724
5.5552 2.66493 0.163088 -14.4751 0.0518583
5.5776 2.66857 0.162737 -14.4916 0.0516458
5.6 2.67222 0.162388 -14.5079 0.051435
5.6224 2.67585 0.162041 -14.5242 0.0512257
5.6448 2.67948 0.161696 -14.5405 0.051018
5.6672 2.68309 0.161353 -14.5567 0.0508118
5.6896 2.6867 0.161013 -14.5728 0.0506072
5.712 2.69031 0.160675 -14.5889 0.0504042
5.7344 2.6939 0.160339 -14.6049 0.0502026
5.7568 2.69749 0.160005 -14.6209 0.0500025
5.7792 2.70107 0.159673 -14.6368 0.0498039
5.8016 2.70464 0.159343 -14.6527 0.0496068
5.824 2.70821 0.159015 -14.6685 0.0494111
5.8464 2.71177 0.15869 -14.6843 0.0492168
5.8688 2.71532 0.158366 -14.7 0.0490239
5.8912 2.71886 0.158044 -14.7156 0.0488324
5.9136 2.7224 0.157725 -14.7312 0.0486424
5.936 2.72593 0.157407 -14.7468 0.0484536
5.9584 2.72945 0.157091 -14.7623 0.0482663
5.9808 2.73297 0.156777 -14.7777 0.0480802
6.0032 2.73647 0.156465 -14.7931 0.0478955
6.0256 2.73998 0.156155 -14.8085 0.0477121
6.048 2.74347 0.155846 -14.8238 0.04753
6.0704 2.74696 0.15554 -14.839 0.0473492
6.0928 2.75044 0.155235 -14.8542 0.0471696
6.1152 2.75391 0.154932 -14.8694 0.0469913
6.1376 2.75738 0.154631 -14.8845 0.0468143
6.16 2.76084 0.154332 -14.8995 0.0466385
6.1824 2.76429 0.154035 -14.9145 0.0464639
6.2048 2.76774 0.153739 -14.9295 0.0462904
6.2272 2.77118 0.153445 -14.9444 0.0461182
6.2496 2.77462 0.153152 -14.9592 0.0459472
6.272 2.77804 0.152862 -14.9741 0.0457773
6.2944 2.78146 0.152573 -14.9888 0.0456086
6.3168 2.78488 0.152286 -15.0036 0.045441
6.3392 2.78829 0.152 -15.0182 0.0452746
6.3616 2.79169 0.151716 -15.0329 0.0451093
6.384 2.79508 0.151433 -15.0475 0.0449451
6.4064 2.79847 0.151153 -15.062 0.044782
6.4288 2.80185 0.150873 -15.0765 0.04462
6.4512 2.80523 0.150596 -15.091 0.044459
6.4736 2.8086 0.15032 -15.1054 0.0442992
6.496 2.81196 0.150045 -15.1197 0.0441403
6.5184 2.81532 0.149772 -15.1341 0.0439826
6.5408 2.81867 0.149501 -15.1483 0.0438258
6.5632 2.82202 0.149231 -15.1626 0.0436701
6.5856 2.82536 0.148962 -15.1768 0.0435154
6.608 2.82869 0.148695 -15.1909 0.0433617
6.6304 2.83202 0.14843 -15.205 0.043209
6.6528 2.83534 0.148166 -15.2191 0.0430573
6.6752 2.83866 0.147903 -15.2331 0.0429066
6.6976 2.84197 0.147642 -15.2471 0.0427568
6.72 2.84527 0.147382 -15.2611 0.042608
6.7424 2.84857 0.147124 -15.275 0.0424602
6.7648 2.85187 0.146867 -15.2888 0.0423133
6.7872 2.85515 0.146611 -15.3027 0.0421673
6.8096 2.85843 0.146357 -15.3164 0.0420222
6.832 2.86171 0.146104 -15.3302 0.0418781
6.8544 2.86498 0.145853 -15.3439 0.0417348
6.8768 2.86824 0.145603 -15.3576 0.0415925
6.8992 2.8715 0.145354 -15.3712 0.041451
6.9216 2.87476 0.145106 -15.3848 0.0413105
6.944 2.878 0.14486 -15.3983 0.0411708
6.9664 2.88124 0.144615 -15.4118 0.0410319
6.9888 2.88448 0.144372 -15.4253 0.0408939
7.0112 2.88771 0.144129 -15.4387 0.0407568
7.0336 2.89094 0.143888 -15.4521 0.0406205
7.056 2.89416 0.143648 -15.4655 0.0404851
7.0784 2.89737 0.14341 -15.4788 0.0403504
7.1008 2.90058 0.143172 -15.4921 0.0402166
7.1232 2.90379 0.142936 -15.5054 0.0400836
7.1456 2.90699 0.142701 -15.5186 0.0399514
7.168 2.91018 0.142468 -15.5318 0.03982
7.1904 2.91337 0.142235 -15.5449 0.0396894
7.2128 2.91655 0.142004 -15.558 0.0395595
7.2352 2.91973 0.141774 -15.5711 0.0394305
7.2576 2.9229 0.141545 -15.5841 0.0393022
7.28 2.92607 0.141317 -15.5971 0.0391747
7.3024 2.92924 0.14109 -15.6101 0.0390479
7.3248 2.93239 0.140864 -15.623 0.0389219
7.3472 2.93555 0.14064 -15.6359 0.0387966
7.3696 2.93869 0.140416 -15.6488 0.038672
7.392 2.94184 0.140194 -15.6616 0.0385482
7.4144 2.94498 0.139973 -15.6744 0.0384251
7.4368 2.94811 0.139753 -15.6872 0.0383027
7.4592 2.95124 0.139534 -15.6999 0.0381811
7.4816 2.95436 0.139316 -15.7126 0.0380601
7.504 2.95748 0.139099 -15.7252 0.0379398
7.5264 2.96059 0.138884 -15.7379 0.0378202
7.5488 2.9637 0.138669 -15.7505 0.0377014
7.5712 2.9668 0.138455 -15.763 0.0375831
7.5936 2.9699 0.138243 -15.7756 0.0374656
7.616 2.973 0.138031 -15.7881 0.0373487
7.6384 2.97609 0.13782 -15.8005 0.0372325
7.6608 2.97917 0.137611 -15.813 0.037117
7.6832 2.98225 0.137402 -15.8254 0.0370021
7.7056 2.98533 0.137195 -15.8377 0.0368878
7.728 2.9884 0.136988 -15.8501 0.0367742
7.7504 2.99146 0.136783 -15.8624 0.0366613
7.7728 2.99453 0.136578 -15.8747 0.0365489
7.7952 2.99758 0.136374 -15.8869 0.0364372
7.8176 3.00063 0.136172 -15.8991 0.0363261
7.84 3.00368 0.13597 -15.9113 0.0362156
7.8624 3.00673 0.135769 -15.9235 0.0361058
7.8848 3.00977 0.135569 -15.9356 0.0359965
7.9072 3.0128 0.13537 -15.9477 0.0358878
7.9296 3.01583 0.135172 -15.9597 0.0357798
7.952 3.01886 0.134975 -15.9718 0.0356723
7.9744 3.02188 0.134779 -15.9838 0.0355654
7.9968 3.02489 0.134584 -15.9957 0.0354591
8.0192 3.02791 0.134389 -16.0077 0.0353533
8.0416 3.03091 0.134196 -16.0196 0.0352482
8.064 3.03392 0.134003 -16.0315 0.0351436
8.0864 3.03692 0.133811 -16.0434 0.0350395
8.1088 3.03991 0.13362 -16.0552 0.0349361
8.1312 3.0429 0.13343 -16.067 0.0348331
8.1536 3.04589 0.133241 -16.0788 0.0347308
8.176 3.04887 0.133053 -16.0905 0.0346289
8.1984 3.05185 0.132866 -16.1022 0.0345276
8.2208 3.05483 0.132679 -16.1139 0.0344269
8.2432 3.0578 0.132493 -16.1256 0.0343267
8.2656 3.06076 0.132308 -16.1372 0.034227
8.288 3.06372 0.132124 -16.1488 0.0341278
8.3104 3.06668 0.131941 -16.1604 0.0340291
8.3328 3.06963 0.131759 -16.172 0.033931
8.3552 3.07258 0.131577 -16.1835 0.0338334
8.3776 3.07553 0.131396 -16.195 0.0337363
8.4 3.07847 0.131216 -16.2064 0.0336397
8.4224 3.08141 0.131037 -16.2179 0.0335435
8.4448 3.08434 0.130858 -16.2293 0.0334479
8.4672 3.08727 0.13068 -16.2407 0.0333528
8.4896 3.09019 0.130504 -16.2521 0.0332582
8.512 3.09312 0.130327 -16.2634 0.033164
8.5344 3.09603 0.130152 -16.2747 0.0330704
8.5568 3.09895 0.129977 -16.286 0.0329772
8.5792 3.10186 0.129803 -16.2973 0.0328845
8.6016 3.10476 0.12963 -16.3085 0.0327922
8.624 3.10766 0.129458 -16.3197 0.0327004
8.6464 3.11056 0.129286 -16.3309 0.0326091
8.6688 3.11346 0.129115 -16.3421 0.0325183
8.6912 3.11635 0.128945 -16.3532 0.0324279
8.7136 3.11923 0.128776 -16.3643 0.0323379
8.736 3.12211 0.128607 -16.3754 0.0322484
8.7584 3.12499 0.128439 -16.3865 0.0321594
8.7808 3.12787 0.128272 -16.3975 0.0320708
8.8032 3.13074 0.128105 -16.4085 0.0319826
8.8256 3.13361 0.127939 -16.4195 0.0318949
8.848 3.13647 0.127774 -16.4305 0.0318076
8.8704 3.13933 0.127609 -16.4414 0.0317207
8.8928 3.14219 0.127445 -16.4523 0.0316343
8.9152 3.14504 0.127282 -16.4632 0.0315482
8.9376 3.14789 0.12712 -16.4741 0.0314627
8.96 3.15074 0.126958 -16.4849 0.0313775
8.9824 3.15358 0.126797 -16.4957 0.0312927
9.0048 3.15642 0.126636 -16.5065 0.0312084
9.0272 3.15925 0.126476 -16.5173 0.0311244
9.0496 3.16208 0.126317 -16.5281 0.0310409
9.072 3.16491 0.126159 -16.5388 0.0309578
9.0944 3.16774 0.126001 -16.5495 0.030875
9.1168 3.17056 0.125843 -16.5602 0.0307927
9.1392 3.17337 0.125687 -16.5708 0.0307108
9.1616 3.17619 0.125531 -16.5815 0.0306292
9.184 3.179 0.125375 -16.5921 0.0305481
9.2064 3.1818 0.125221 -16.6027 0.0304673
9.2288 3.18461 0.125067 -16.6132 0.0303869
9.2512 3.18741 0.124913 -16.6238 0.0303069
9.2736 3.1902 0.12476 -16.6343 0.0302273
9.296 3.193 0.124608 -16.6448 0.030148
9.3184 3.19579 0.124456 -16.6553 0.0300691
9.3408 3.19857 0.124305 -16.6658 0.0299906
9.3632 3.20135 0.124155 -16.6762 0.0299125
9.3856 3.20413 0.124005 -16.6866 0.0298347
9.408 3.20691 0.123856 -16.697 0.0297573
9.4304 3.20968 0.123707 -16.7074 0.0296802
9.4528 3.21245 0.123559 -16.7177 0.0296035
9.4752 3.21522 0.123412 -16.728 0.0295272
9.4976 3.21798 0.123265 -16.7384 0.0294512
9.52 3.22074 0.123118 -16.7486 0.0293755
9.5424 3.2235 0.122973 -16.7589 0.0293003
9.5648 3.22625 0.122827 -16.7691 0.0292253
9.5872 3.229 0.122683 -16.7794 0.0291507
9.6096 3.23175 0.122539 -16.7896 0.0290765
9.632 3.23449 0.122395 -16.7998 0.0290025
9.6544 3.23723 0.122252 -16.8099 0.0289289
9.6768 3.23997 0.12211 -16.8201 0.0288557
9.6992 3.2427 0.121968 -16.8302 0.0287828
9.7216 3.24543 0.121826 -16.8403 0.0287102
9.744 3.24816 0.121686 -16.8504 0.0286379
9.7664 3.25088 0.121545 -16.8604 0.028566
9.7888 3.2536 0.121406 -16.8705 0.0284944
9.8112 3.25632 0.121266 -16.8805 0.0284231
9.8336 3.25904 0.121128 -16.8905 0.0283521
9.856 3.26175 0.12099 -16.9005 0.0282814
9.8784 3.26446 0.120852 -16.9104 0.0282111
9.9008 3.26716 0.120715 -16.9204 0.0281411
9.9232 3.26986 0.120578 -16.9303 0.0280714
9.9456 3.27256 0.120442 -16.9402 0.0280019
9.968 3.27526 0.120307 -16.9501 0.0279328
9.9904 3.27795 0.120171 -16.9599 0.027864
10.0128 3.28064 0.120037 -16.9698 0.0277955
10.0352 3.28333 0.119903 -16.9796 0.0277273
10.0576 3.28601 0.119769 -16.9894 0.0276594
10.08 3.2887 0.119636 -16.9992 0.0275918
10.1024 3.29137 0.119504 -17.009 0.0275245
10.1248 3.29405 0.119371 -17.0187 0.0274575
10.1472 3.29672 0.11924 -17.0285 0.0273908
10.1696 3.29939 0.119109 -17.0382 0.0273244
10.192 3.30206 0.118978 -17.0479 0.0272582
10.2144 3.30472 0.118848 -17.0576 0.0271924
10.2368 3.30738 0.118718 -17.0672 0.0271268
10.2592 3.31004 0.118589 -17.0769 0.0270615
10.2816 3.3127 0.11846 -17.0865 0.0269965
10.304 3.31535 0.118332 -17.0961 0.0269317
10.3264 3.318 0.118204 -17.1057 0.0268673
10.3488 3.32064 0.118077 -17.1152 0.0268031
10.3712 3.32329 0.11795 -17.1248 0.0267392
10.3936 3.32593 0.117823 -17.1343 0.0266755
10.416 3.32857 0.117697 -17.1438 0.0266122
10.4384 3.3312 0.117572 -17.1533 0.0265491
10.4608 3.33383 0.117446 -17.1628 0.0264862
10.4832 3.33646 0.117322 -17.1723 0.0264236
10.5056 3.33909 0.117198 -17.1817 0.0263613
10.528 3.34171 0.117074 -17.1911 0.0262993
10.5504 3.34433 0.11695 -17.2005 0.0262375
10.5728 3.34695 0.116828 -17.2099 0.026176
10.5952 3.34957 0.116705 -17.2193 0.0261147
10.6176 3.35218 0.116583 -17.2287 0.0260537
10.64 3.35479 0.116461 -17.238 0.0259929
10.6624 3.3574 0.11634 -17.2473 0.0259324
10.6848 3.36 0.116219 -17.2566 0.0258721
10.7072 3.3626 0.116099 -17.2659 0.0258121
10.7296 3.3652 0.115979 -17.2752 0.0257524
10.752 3.3678 0.11586 -17.2845 0.0256928
10.7744 3.37039 0.11574 -17.2937 0.0256336
10.7968 3.37299 0.115622 -17.3029 0.0255745
10.8192 3.37557 0.115504 -17.3121 0.0255157
10.8416 3.37816 0.115386 -17.3213 0.0254572
10.864 3.38074 0.115268 -17.3305 0.0253989
10.8864 3.38332 0.115151 -17.3396 0.0253408
10.9088 3.3859 0.115034 -17.3488 0.0252829
10.9312 3.38848 0.114918 -17.3579 0.0252253
10.9536 3.39105 0.114802 -17.367 0.025168
10.976 3.39362 0.114687 -17.3761 0.0251108
10.9984 3.39619 0.114572 -17.3852 0.0250539
11.0208 3.39875 0.114457 -17.3943 0.0249972
11.0432 3.40132 0.114343 -17.4033 0.0249407
11.0656 3.40388 0.114229 -17.4123 0.0248845
11.088 3.40643 0.114115 -17.4213 0.0248285
11.1104 3.40899 0.114002 -17.4303 0.0247727
11.1328 3.41154 0.113889 -17.4393 0.0247172
11.1552 3.41409 0.113777 -17.4483 0.0246618
11.1776 3.41664 0.113665 -17.4572 0.0246067
11.2 3.41918 0.113553 -17.4662 0.0245518
11.2224 3.42172 0.113442 -17.4751 0.0244971
11.2448 3.42426 0.113331 -17.484 0.0244426
11.2672 3.4268 0.113221 -17.4929 0.0243884
11.2896 3.42934 0.11311 -17.5018 0.0243343
11.312 3.43187 0.113001 -17.5106 0.0242805
11.3344 3.4344 0.112891 -17.5195 0.0242269
11.3568 3.43693 0.112782 -17.5283 0.0241735
11.3792 3.43945 0.112673 -17.5371 0.0241203
11.4016 3.44197 0.112565 -17.5459 0.0240673
11.424 3.4445 0.112457 -17.5547 0.0240145
11.4464 3.44701 0.112349 -17.5635 0.0239619
11.4688 3.44953 0.112242 -17.5722 0.0239095
11.4912 3.45204 0.112135 -17.5809 0.0238573
11.5136 3.45455 0.112028 -17.5897 0.0238053
11.536 3.45706 0.111922 -17.5984 0.0237536
11.5584 3.45957 0.111816 -17.6071 0.023702
11.5808 3.46207 0.111711 -17.6158 0.0236506
11.6032 3.46457 0.111605 -17.6244 0.0235994
11.6256 3.46707 0.111501 -17.6331 0.0235484
11.648 3.46957 0.111396 -17.6417 0.0234976
11.6704 3.47206 0.111292 -17.6503 0.023447
11.6928 3.47455 0.111188 -17.659 0.0233966
11.7152 3.47704 0.111084 -17.6675 0.0233464
11.7376 3.47953 0.110981 -17.6761 0.0232964
11.76 3.48201 0.110878 -17.6847 0.0232465
11.7824 3.4845 0.110776 -17.6932 0.0231969
11.8048 3.48698 0.110673 -17.7018 0.0231474
11.8272 3.48945 0.110571 -17.7103 0.0230981
11.8496 3.49193 0.11047 -17.7188 0.023049
11.872 3.4944 0.110369 -17.7273 0.0230001
11.8944 3.49687 0.110268 -17.7358 0.0229514
11.9168 3.49934 0.110167 -17.7443 0.0229029
11.9392 3.50181 0.110067 -17.7527 0.0228545
11.9616 3.50427 0.109967 -17.7612 0.0228063
11.984 3.50674 0.109867 -17.7696 0.0227583
12.0064 3.5092 0.109767 -17.778 0.0227105
12.0288 3.51165 0.109668 -17.7864 0.0226628
12.0512 3.51411 0.10957 -17.7948 0.0226154
12.0736 3.51656 0.109471 -17.8032 0.0225681
12.096 3.51901 0.109373 -17.8115 0.0225209
12.1184 3.52146 0.109275 -17.8199 0.022474
12.1408 3.52391 0.109178 -17.8282 0.0224272
12.1632 3.52635 0.10908 -17.8365 0.0223806
12.1856 3.5288 0.108983 -17.8449 0.0223341
12.208 3.53124 0.108887 -17.8531 0.0222879
12.2304 3.53367 0.10879 -17.8614 0.0222418
12.2528 3.53611 0.108694 -17.8697 0.0221958
12.2752 3.53854 0.108598 -17.878 0.0221501
12.2976 3.54097 0.108503 -17.8862 0.0221045
12.32 3.5434 0.108408 -17.8944 0.022059
12.3424 3.54583 0.108313 -17.9026 0.0220138
12.3648 3.54826 0.108218 -17.9109 0.0219687
12.3872 3.55068 0.108124 -17.919 0.0219237
12.4096 3.5531 0.10803 -17.9272 0.0218789
12.432 3.55552 0.107936 -17.9354 0.0218343
12.4544 3.55794 0.107843 -17.9435 0.0217898
12.4768 3.56035 0.107749 -17.9517 0.0217455
12.4992 3.56276 0.107656 -17.9598 0.0217014
12.5216 3.56517 0.107564 -17.9679 0.0216574
12.544 3.56758 0.107471 -17.976 0.0216136
12.5664 3.56999 0.107379 -17.9841 0.0215699
12.5888 3.57239 0.107288 -17.9922 0.0215264
12.6112 3.5748 0.107196 -18.0003 0.021483
12.6336 3.5772 0.107105 -18.0083 0.0214398
12.656 3.57959 0.107014 -18.0164 0.0213967
12.6784 3.58199 0.106923 -18.0244 0.0213538
12.7008 3.58438 0.106833 -18.0324 0.0213111
12.7232 3.58678 0.106742 -18.0404 0.0212684
12.7456 3.58917 0.106652 -18.0484 0.021226
12.768 3.59155 0.106563 -18.0564 0.0211837
12.7904 3.59394 0.106473 -18.0644 0.0211415
12.8128 3.59632 0.106384 -18.0723 0.0210995
12.8352 3.59871 0.106295 -18.0803 0.0210576
12.8576 3.60109 0.106207 -18.0882 0.0210159
12.88 3.60346 0.106118 -18.0961 0.0209743
12.9024 3.60584 0.10603 -18.104 0.0209329
12.9248 3.60821 0.105942 -18.1119 0.0208916
12.9472 3.61059 0.105855 -18.1198 0.0208504
12.9696 3.61296 0.105767 -18.1277 0.0208094
12.992 3.61532 0.10568 -18.1356 0.0207686
13.0144 3.61769 0.105594 -18.1434 0.0207278
13.0368 3.62005 0.105507 -18.1513 0.0206872
13.0592 3.62242 0.105421 -18.1591 0.0206468
13.0816 3.62478 0.105334 -18.1669 0.0206065
13.104 3.62714 0.105249 -18.1747 0.0205663
13.1264 3.62949 0.105163 -18.1825 0.0205263
13.1488 3.63185 0.105078 -18.1903 0.0204864
13.1712 3.6342 0.104993 -18.1981 0.0204466
13.1936 3.63655 0.104908 -18.2058 0.020407
13.216 3.6389 0.104823 -18.2136 0.0203675
13.2384 3.64125 0.104739 -18.2213 0.0203281
13.2608 3.64359 0.104655 -18.229 0.0202889
13.2832 3.64594 0.104571 -18.2367 0.0202498
13.3056 3.64828 0.104487 -18.2445 0.0202108
13.328 3.65062 0.104403 -18.2521 0.020172
13.3504 3.65295 0.10432 -18.2598 0.0201333
13.3728 3.65529 0.104237 -18.2675 0.0200947
13.3952 3.65762 0.104155 -18.2752 0.0200563
13.4176 3.65996 0.104072 -18.2828 0.020018
13.44 3.66229 0.10399 -18.2904 0.0199798
13.4624 3.66462 0.103908 -18.2981 0.0199417
13.4848 3.66694 0.103826 -18.3057 0.0199038
13.5072 3.66927 0.103744 -18.3133 0.019866
13.5296 3.67159 0.103663 -18.3209 0.0198283
13.552 3.67391 0.103582 -18.3285 0.0197907
13.5744 3.67623 0.103501 -18.3361 0.0197533
13.5968 3.67855 0.10342 -18.3436 0.019716
13.6192 3.68086 0.10334 -18.3512 0.0196788
13.6416 3.68318 0.103259 -18.3587 0.0196417
13.664 3.68549 0.103179 -18.3662 0.0196048
13.6864 3.6878 0.1031 -18.3738 0.019568
13.7088 3.69011 0.10302 -18.3813 0.0195313
13.7312 3.69241 0.102941 -18.3888 0.0194947
13.7536 3.69472 0.102862 -18.3963 0.0194582
13.776 3.69702 0.102783 -18.4037 0.0194219
13.7984 3.69932 0.102704 -18.4112 0.0193856
13.8208 3.70162 0.102625 -18.4187 0.0193495
13.8432 3.70392 0.102547 -18.4261 0.0193135
13.8656 3.70622 0.102469 -18.4335 0.0192777
13.888 3.70851 0.102391 -18.441 0.0192419
13.9104 3.71081 0.102313 -18.4484 0.0192063
13.9328 3.7131 0.102236 -18.4558 0.0191707
13.9552 3.71539 0.102159 -18.4632 0.0191353
13.9776 3.71767 0.102082 -18.4706 0.0191
14 3.71996 0.102005 -18.478 0.0190648
14.0224 3.72224 0.101928 -18.4853 0.0190298
14.0448 3.72453 0.101852 -18.4927 0.0189948
14.0672 3.72681 0.101776 -18.5 0.0189599
14.0896 3.72908 0.1017 -18.5074 0.0189252
14.112 3.73136 0.101624 -18.5147 0.0188906
14.1344 3.73364 0.101548 -18.522 0.0188561
14.1568 3.73591 0.101473 -18.5293 0.0188216
14.1792 3.73818 0.101398 -18.5366 0.0187873
14.2016 3.74045 0.101323 -18.5439 0.0187532
14.224 3.74272 0.101248 -18.5512 0.0187191
14.2464 3.74499 0.101173 -18.5584 0.0186851
14.2688 3.74726 0.101099 -18.5657 0.0186512
14.2912 3.74952 0.101024 -18.5729 0.0186175
14.3136 3.75178 0.10095 -18.5802 0.0185838
14.336 3.75404 0.100877 -18.5874 0.0185503
14.3584 3.7563 0.100803 -18.5946 0.0185168
14.3808 3.75856 0.10073 -18.6018 0.0184835
14.4032 3.76081 0.100656 -18.609 0.0184502
14.4256 3.76307 0.100583 -18.6162 0.0184171
14.448 3.76532 0.10051 -18.6234 0.0183841
14.4704 3.76757 0.100438 -18.6306 0.0183511
14.4928 3.76982 0.100365 -18.6377 0.0183183
14.5152 3.77207 0.100293 -18.6449 0.0182856
14.5376 3.77431 0.100221 -18.652 0.018253
14.56 3.77656 0.100149 -18.6592 0.0182205
14.5824 3.7788 0.100077 -18.6663 0.018188
14.6048 3.78104 0.100005 -18.6734 0.0181557
14.6272 3.78328 0.0999341 -18.6805 0.0181235
14.6496 3.78552 0.0998629 -18.6876 0.0180914
14.672 3.78775 0.0997919 -18.6947 0.0180593
14.6944 3.78999 0.099721 -18.7018 0.0180274
14.7168 3.79222 0.0996504 -18.7088 0.0179956
14.7392 3.79445 0.0995799 -18.7159 0.0179639
14.7616 3.79668 0.0995096 -18.7229 0.0179322
14.784 3.79891 0.0994395 -18.73 0.0179007
14.8064 3.80114 0.0993695 -18.737 0.0178693
14.8288 3.80336 0.0992998 -18.744 0.0178379
14.8512 3.80559 0.0992302 -18.7511 0.0178067
14.8736 3.80781 0.0991608 -18.7581 0.0177755
14.896 3.81003 0.0990916 -18.7651 0.0177444
14.9184 3.81225 0.0990225 -18.772 0.0177135
14.9408 3.81446 0.0989536 -18.779 0.0176826
14.9632 3.81668 0.0988849 -18.786 0.0176518
14.9856 3.81889 0.0988164 -18.7929 0.0176211
15.008 3.82111 0.098748 -18.7999 0.0175905
15.0304 3.82332 0.0986798 -18.8068 0.01756
15.0528 3.82553 0.0986118 -18.8138 0.0175296
15.0752 3.82774 0.0985439 -18.8207 0.0174993
15.0976 3.82994 0.0984763 -18.8276 0.0174691
15.12 3.83215 0.0984087 -18.8345 0.0174389
15.1424 3.83435 0.0983414 -18.8414 0.0174089
15.1648 3.83655 0.0982742 -18.8483 0.0173789
15.1872 3.83875 0.0982072 -18.8552 0.0173491
15.2096 3.84095 0.0981403 -18.8621 0.0173193
15.232 3.84315 0.0980736 -18.8689 0.0172896
15.2544 3.84535 0.0980071 -18.8758 0.01726
15.2768 3.84754 0.0979408 -18.8826 0.0172305
15.2992 3.84973 0.0978746 -18.8895 0.017201
15.3216 3.85193 0.0978085 -18.8963 0.0171717
15.344 3.85412 0.0977427 -18.9031 0.0171424
15.3664 3.8563 0.097677 -18.9099 0.0171133
15.3888 3.85849 0.0976114 -18.9167 0.0170842
15.4112 3.86068 0.097546 -18.9235 0.0170552
15.4336 3.86286 0.0974808 -18.9303 0.0170262
15.456 3.86504 0.0974157 -18.9371 0.0169974
15.4784 3.86723 0.0973508 -18.9439 0.0169687
15.5008 3.86941 0.0972861 -18.9506 0.01694
15.5232 3.87158 0.0972215 -18.9574 0.0169114
15.5456 3.87376 0.097157 -18.9641 0.0168829
15.568 3.87594 0.0970927 -18.9709 0.0168545
15.5904 3.87811 0.0970286 -18.9776 0.0168262
15.6128 3.88028 0.0969646 -18.9843 0.0167979
15.6352 3.88246 0.0969008 -18.991 0.0167698
15.6576 3.88463 0.0968371 -18.9977 0.0167417
15.68 3.88679 0.0967736 -19.0044 0.0167137
15.7024 3.88896 0.0967103 -19.0111 0.0166858
15.7248 3.89113 0.096647 -19.0178 0.0166579
15.7472 3.89329 0.096584 -19.0245 0.0166301
15.7696 3.89545 0.0965211 -19.0311 0.0166025
15.792 3.89761 0.0964583 -19.0378 0.0165749
15.8144 3.89977 0.0963957 -19.0444 0.0165473
15.8368 3.90193 0.0963332 -19.0511 0.0165199
15.8592 3.90409 0.0962709 -19.0577 0.0164925
15.8816 3.90625 0.0962088 -19.0643 0.0164652
15.904 3.9084 0.0961467 -19.071 0.016438
15.9264 3.91055 0.0960849 -19.0776 0.0164109
15.9488 3.91271 0.0960231 -19.0842 0.0163838
15.9712 3.91486 0.0959616 -19.0908 0.0163568
15.9936 3.917 0.0959001 -19.0974 0.0163299
16.016 3.91915 0.0958388 -19.1039 0.0163031
16.0384 3.9213 0.0957777 -19.1105 0.0162763
16.0608 3.92344 0.0957167 -19.1171 0.0162497
16.0832 3.92559 0.0956558 -19.1236 0.0162231
16.1056 3.92773 0.0955951 -19.1302 0.0161965
16.128 3.92987 0.0955345 -19.1367 0.0161701
16.1504 3.93201 0.0954741 -19.1432 0.0161437
16.1728 3.93415 0.0954138 -19.1498 0.0161174
16.1952 3.93628 0.0953536 -19.1563 0.0160912
16.2176 3.93842 0.0952936 -19.1628 0.016065
16.24 3.94055 0.0952337 -19.1693 0.0160389
16.2624 3.94268 0.095174 -19.1758 0.0160129
16.2848 3.94482 0.0951144 -19.1823 0.015987
16.3072 3.94695 0.0950549 -19.1887 0.0159611
16.3296 3.94907 0.0949956 -19.1952 0.0159353
16.352 3.9512 0.0949364 -19.2017 0.0159096
16.3744 3.95333 0.0948773 -19.2081 0.0158839
16.3968 3.95545 0.0948184 -19.2146 0.0158583
16.4192 3.95757 0.0947596 -19.221 0.0158328
16.4416 3.9597 0.094701 -19.2274 0.0158074
16.464 3.96182 0.0946424 -19.2339 0.015782
16.4864 3.96394 0.0945841 -19.2403 0.0157567
16.5088 3.96605 0.0945258 -19.2467 0.0157315
16.5312 3.96817 0.0944677 -19.2531 0.0157063
16.5536 3.97029 0.0944097 -19.2595 0.0156812
16.576 3.9724 0.0943519 -19.2659 0.0156562
16.5984 3.97451 0.0942941 -19.2723 0.0156313
16.6208 3.97663 0.0942365 -19.2786 0.0156064
16.6432 3.97874 0.0941791 -19.285 0.0155816
16.6656 3.98084 0.0941217 -19.2914 0.0155568
16.688 3.98295 0.0940645 -19.2977 0.0155321
16.7104 3.98506 0.0940075 -19.3041 0.0155075
16.7328 3.98716 0.0939505 -19.3104 0.015483
16.7552 3.98927 0.0938937 -19.3167 0.0154585
16.7776 3.99137 0.093837 -19.323 0.015434
16.8 3.99347 0.0937804 -19.3294 0.0154097
16.8224 3.99557 0.093724 -19.3357 0.0153854
16.8448 3.99767 0.0936677 -19.342 0.0153612
16.8672 3.99977 0.0936115 -19.3483 0.015337
16.8896 4.00186 0.0935555 -19.3546 0.0153129
16.912 4.00396 0.0934995 -19.3608 0.0152889
16.9344 4.00605 0.0934437 -19.3671 0.015265
16.9568 4.00815 0.093388 -19.3734 0.0152411
16.9792 4.01024 0.0933325 -19.3796 0.0152172
17.0016 4.01233 0.093277 -19.3859 0.0151935
17.024 4.01442 0.0932217 -19.3921 0.0151698
17.0464 4.0165 0.0931665 -19.3984 0.0151461
17.0688 4.01859 0.0931114 -19.4046 0.0151225
17.0912 4.02067 0.0930565 -19.4108 0.015099
17.1136 4.02276 0.0930016 -19.417 0.0150756
17.136 4.02484 0.0929469 -19.4233 0.0150522
17.1584 4.02692 0.0928923 -19.4295 0.0150289
17.1808 4.029 0.0928379 -19.4357 0.0150056
17.2032 4.03108 0.0927835 -19.4419 0.0149824
17.2256 4.03316 0.0927293 -19.448 0.0149592
17.248 4.03524 0.0926751 -19.4542 0.0149362
17.2704 4.03731 0.0926211 -19.4604 0.0149131
17.2928 4.03939 0.0925673 -19.4665 0.0148902
17.3152 4.04146 0.0925135 -19.4727 0.0148673
17.3376 4.04353 0.0924598 -19.4789 0.0148444
17.36 4.0456 0.0924063 -19.485 0.0148217
17.3824 4.04767 0.0923529 -19.4911 0.0147989
17.4048 4.04974 0.0922996 -19.4973 0.0147763
17.4272 4.0518 0.0922464 -19.5034 0.0147537
17.4496 4.05387 0.0921933 -19.5095 0.0147311
17.472 4.05593 0.0921404 -19.5156 0.0147086
17.4944 4.058 0.0920875 -19.5217 0.0146862
17.5168 4.06006 0.0920348 -19.5278 0.0146639
17.5392 4.06212 0.0919822 -19.5339 0.0146415
17.5616 4.06418 0.0919297 -19.54 0.0146193
17.584 4.06624 0.0918773 -19.5461 0.0145971
17.6064 4.0683 0.091825 -19.5521 0.014575
17.6288 4.07035 0.0917729 -19.5582 0.0145529
17.6512 4.07241 0.0917208 -19.5643 0.0145309
17.6736 4.07446 0.0916688 -19.5703 0.0145089
17.696 4.07652 0.091617 -19.5764 0.014487
17.7184 4.07857 0.0915653 -19.5824 0.0144651
17.7408 4.08062 0.0915137 -19.5884 0.0144433
17.7632 4.08267 0.0914622 -19.5944 0.0144216
17.7856 4.08472 0.0914108 -19.6005 0.0143999
17.808 4.08676 0.0913595 -19.6065 0.0143783
17.8304 4.08881 0.0913083 -19.6125 0.0143567
17.8528 4.09085 0.0912572 -19.6185 0.0143352
17.8752 4.0929 0.0912063 -19.6245 0.0143137
17.8976 4.09494 0.0911554 -19.6305 0.0142923
17.92 4.09698 0.0911046 -19.6364 0.014271
17.9424 4.09902 0.091054 -19.6424 0.0142497
17.9648 4.10106 0.0910035 -19.6484 0.0142284
17.9872 4.1031 0.090953 -19.6543 0.0142073
18.0096 4.10513 0.0909027 -19.6603 0.0141861
18.032 4.10717 0.0908525 -19.6663 0.014165
18.0544 4.1092 0.0908024 -19.6722 0.014144
18.0768 4.11124 0.0907523 -19.6781 0.014123
18.0992 4.11327 0.0907024 -19.6841 0.0141021
18.1216 4.1153 0.0906526 -19.69 0.0140812
18.144 4.11733 0.0906029 -19.6959 0.0140604
18.1664 4.11936 0.0905533 -19.7018 0.0140396
18.1888 4.12139 0.0905038 -19.7077 0.0140189
18.2112 4.12341 0.0904544 -19.7136 0.0139983
18.2336 4.12544 0.0904051 -19.7195 0.0139777
18.256 4.12746 0.0903559 -19.7254 0.0139571
18.2784 4.12949 0.0903068 -19.7313 0.0139366
18.3008 4.13151 0.0902578 -19.7372 0.0139161
18.3232 4.13353 0.090209 -19.743 0.0138957
18.3456 4.13555 0.0901602 -19.7489 0.0138754
18.368 4.13757 0.0901115 -19.7548 0.0138551
18.3904 4.13959 0.0900629 -19.7606 0.0138348
18.4128 4.14161 0.0900144 -19.7664 0.0138146
18.4352 4.14362 0.089966 -19.7723 0.0137945
18.4576 4.14564 0.0899177 -19.7781 0.0137744
18.48 4.14765 0.0898695 -19.7839 0.0137543
18.5024 4.14966 0.0898214 -19.7898 0.0137343
18.5248 4.15167 0.0897734 -19.7956 0.0137144
18.5472 4.15368 0.0897255 -19.8014 0.0136945
18.5696 4.15569 0.0896777 -19.8072 0.0136746
18.592 4.1577 0.08963 -19.813 0.0136548
18.6144 4.15971 0.0895824 -19.8188 0.013635
18.6368 4.16172 0.0895349 -19.8246 0.0136153
18.6592 4.16372 0.0894874 -19.8304 0.0135957
18.6816 4.16572 0.0894401 -19.8361 0.0135761
18.704 4.16773 0.0893929 -19.8419 0.0135565
18.7264 4.16973 0.0893457 -19.8477 0.013537
18.7488 4.17173 0.0892987 -19.8534 0.0135175
18.7712 4.17373 0.0892518 -19.8592 0.0134981
18.7936 4.17573 0.0892049 -19.8649 0.0134787
18.816 4.17773 0.0891581 -19.8707 0.0134594
18.8384 4.17972 0.0891115 -19.8764 0.0134401
18.8608 4.18172 0.0890649 -19.8821 0.0134209
18.8832 4.18371 0.0890184 -19.8878 0.0134017
18.9056 4.18571 0.088972 -19.8936 0.0133826
18.928 4.1877 0.0889257 -19.8993 0.0133635
18.9504 4.18969 0.0888795 -19.905 0.0133444
18.9728 4.19168 0.0888334 -19.9107 0.0133254
18.9952 4.19367 0.0887874 -19.9164 0.0133065
19.0176 4.19566 0.0887415 -19.9221 0.0132876
19.04 4.19765 0.0886956 -19.9277 0.0132687
19.0624 4.19963 0.0886499 -19.9334 0.0132499
19.0848 4.20162 0.0886042 -19.9391 0.0132311
19.1072 4.2036 0.0885586 -19.9447 0.0132124
19.1296 4.20558 0.0885132 -19.9504 0.0131937
19.152 4.20757 0.0884678 -19.9561 0.013175
19.1744 4.20955 0.0884225 -19.9617 0.0131565
19.1968 4.21153 0.0883772 -19.9674 0.0131379
19.2192 4.21351 0.0883321 -19.973 0.0131194
19.2416 4.21549 0.0882871 -19.9786 0.0131009
19.264 4.21746 0.0882421 -19.9843 0.0130825
19.2864 4.21944 0.0881973 -19.9899 0.0130642
19.3088 4.22141 0.0881525 -19.9955 0.0130458
19.3312 4.22339 0.0881078 -20.0011 0.0130275
19.3536 4.22536 0.0880632 -20.0067 0.0130093
19.376 4.22733 0.0880187 -20.0123 0.0129911
19.3984 4.2293 0.0879743 -20.0179 0.0129729
19.4208 4.23127 0.0879299 -20.0235 0.0129548
19.4432 4.23324 0.0878857 -20.0291 0.0129368
19.4656 4.23521 0.0878415 -20.0346 0.0129187
19.488 4.23718 0.0877974 -20.0402 0.0129007
19.5104 4.23914 0.0877534 -20.0458 0.0128828
19.5328 4.24111 0.0877095 -20.0514 0.0128649
19.5552 4.24307 0.0876657 -20.0569 0.012847
19.5776 4.24504 0.0876219 -20.0625 0.0128292
19.6 4.247 0.0875782 -20.068 0.0128115
19.6224 4.24896 0.0875347 -20.0735 0.0127937
19.6448 4.25092 0.0874912 -20.0791 0.012776
19.6672 4.25288 0.0874478 -20.0846 0.0127584
19.6896 4.25484 0.0874044 -20.0901 0.0127408
19.712 4.2568 0.0873612 -20.0957 0.0127232
19.7344 4.25875 0.087318 -20.1012 0.0127057
19.7568 4.26071 0.0872749 -20.1067 0.0126882
19.7792 4.26266 0.0872319 -20.1122 0.0126707
19.8016 4.26462 0.087189 -20.1177 0.0126533
19.824 4.26657 0.0871462 -20.1232 0.012636
19.8464 4.26852 0.0871034 -20.1287 0.0126187
19.8688 4.27047 0.0870607 -20.1341 0.0126014
19.8912 4.27242 0.0870181 -20.1396 0.0125841
19.9136 4.27437 0.0869756 -20.1451 0.0125669
19.936 4.27632 0.0869332 -20.1506 0.0125498
19.9584 4.27826 0.0868908 -20.156 0.0125326
19.9808 4.28021 0.0868485 -20.1615 0.0125155
20.0032 4.28215 0.0868063 -20.1669 0.0124985
20.0256 4.2841 0.0867642 -20.1724 0.0124815
20.048 4.28604 0.0867222 -20.1778 0.0124645
20.0704 4.28798 0.0866802 -20.1833 0.0124476
20.0928 4.28992 0.0866383 -20.1887 0.0124307
20.1152 4.29187 0.0865965 -20.1941 0.0124139
20.1376 4.2938 0.0865548 -20.1995 0.012397
20.16 4.29574 0.0865131 -20.2049 0.0123803
20.1824 4.29768 0.0864716 -20.2104 0.0123635
20.2048 4.29962 0.0864301 -20.2158 0.0123468
20.2272 4.30155 0.0863887 -20.2212 0.0123302
20.2496 4.30349 0.0863473 -20.2266 0.0123136
20.272 4.30542 0.0863061 -20.232 0.012297
20.2944 4.30735 0.0862649 -20.2373 0.0122804
20.3168 4.30929 0.0862238 -20.2427 0.0122639
20.3392 4.31122 0.0861827 -20.2481 0.0122474
20.3616 4.31315 0.0861418 -20.2535 0.012231
20.384 4.31508 0.0861009 -20.2588 0.0122146
20.4064 4.317 0.0860601 -20.2642 0.0121983
20.4288 4.31893 0.0860193 -20.2696 0.0121819
20.4512 4.32086 0.0859787 -20.2749 0.0121656
20.4736 4.32278 0.0859381 -20.2802 0.0121494
20.496 4.32471 0.0858976 -20.2856 0.0121332
20.5184 4.32663 0.0858571 -20.2909 0.012117
20.5408 4.32855 0.0858168 -20.2963 0.0121009
20.5632 4.33048 0.0857765 -20.3016 0.0120848
20.5856 4.3324 0.0857363 -20.3069 0.0120687
20.608 4.33432 0.0856961 -20.3122 0.0120527
20.6304 4.33624 0.0856561 -20.3175 0.0120367
20.6528 4.33815 0.0856161 -20.3228 0.0120207
20.6752 4.34007 0.0855761 -20.3281 0.0120048
20.6976 4.34199 0.0855363 -20.3334 0.0119889
20.72 4.3439 0.0854965 -20.3387 0.011973
20.7424 4.34582 0.0854568 -20.344 0.0119572
20.7648 4.34773 0.0854172 -20.3493 0.0119414
20.7872 4.34964 0.0853776 -20.3546 0.0119257
20.8096 4.35156 0.0853381 -20.3599 0.01191
20.832 4.35347 0.0852987 -20.3651 0.0118943
20.8544 4.35538 0.0852593 -20.3704 0.0118787
20.8768 4.35729 0.08522 -20.3757 0.011863
20.8992 4.3592 0.0851808 -20.3809 0.0118475
20.9216 4.3611 0.0851417 -20.3862 0.0118319
20.944 4.36301 0.0851026 -20.3914 0.0118164
20.9664 4.36492 0.0850636 -20.3966 0.011801
20.9888 4.36682 0.0850247 -20.4019 0.0117855
21.0112 4.36873 0.0849858 -20.4071 0.0117701
21.0336 4.37063 0.084947 -20.4123 0.0117547
21.056 4.37253 0.0849083 -20.4176 0.0117394
21.0784 4.37443 0.0848697 -20.4228 0.0117241
21.1008 4.37633 0.0848311 -20.428 0.0117088
21.1232 4.37823 0.0847926 -20.4332 0.0116936
21.1456 4.38013 0.0847541 -20.4384 0.0116784
21.168 4.38203 0.0847157 -20.4436 0.0116632
21.1904 4.38393 0.0846774 -20.4488 0.0116481
21.2128 4.38582 0.0846392 -20.454 0.011633
21.2352 4.38772 0.084601 -20.4592 0.0116179
21.2576 4.38961 0.0845629 -20.4644 0.0116029
21.28 4.39151 0.0845248 -20.4695 0.0115879
21.3024 4.3934 0.0844869 -20.4747 0.0115729
21.3248 4.39529 0.084449 -20.4799 0.011558
21.3472 4.39718 0.0844111 -20.485 0.0115431
21.3696 4.39907 0.0843733 -20.4902 0.0115282
21.392 4.40096 0.0843356 -20.4953 0.0115133
21.4144 4.40285 0.084298 -20.5005 0.0114985
21.4368 4.40474 0.0842604 -20.5056 0.0114838
21.4592 4.40663 0.0842229 -20.5108 0.011469
21.4816 4.40851 0.0841854 -20.5159 0.0114543
21.504 4.4104 0.0841481 -20.521 0.0114396
21.5264 4.41228 0.0841107 -20.5262 0.011425
21.5488 4.41417 0.0840735 -20.5313 0.0114103
21.5712 4.41605 0.0840363 -20.5364 0.0113957
21.5936 4.41793 0.0839992 -20.5415 0.0113812
21.616 4.41981 0.0839621 -20.5466 0.0113667
21.6384 4.42169 0.0839251 -20.5517 0.0113522
21.6608 4.42357 0.0838882 -20.5568 0.0113377
21.6832 4.42545 0.0838513 -20.5619 0.0113233
21.7056 4.42733 0.0838145 -20.567 0.0113089
21.728 4.42921 0.0837778 -20.5721 0.0112945
21.7504 4.43108 0.0837411 -20.5772 0.0112802
21.7728 4.43296 0.0837045 -20.5823 0.0112658
21.7952 4.43483 0.083668 -20.5873 0.0112516
21.8176 4.43671 0.0836315 -20.5924 0.0112373
21.84 4.43858 0.083595 -20.5975 0.0112231
21.8624 4.44045 0.0835587 -20.6025 0.0112089
21.8848 4.44232 0.0835224 -20.6076 0.0111948
21.9072 4.44419 0.0834861 -20.6126 0.0111806
21.9296 4.44606 0.08345 -20.6177 0.0111665
21.952 4.44793 0.0834139 -20.6227 0.0111525
21.9744 4.4498 0.0833778 -20.6278 0.0111384
21.9968 4.45167 0.0833418 -20.6328 0.0111244
22.0192 4.45353 0.0833059 -20.6378 0.0111104
22.0416 4.4554 0.08327 -20.6429 0.0110965
22.064 4.45726 0.0832342 -20.6479 0.0110825
22.0864 4.45913 0.0831985 -20.6529 0.0110687
22.1088 4.46099 0.0831628 -20.6579 0.0110548
22.1312 4.46285 0.0831271 -20.6629 0.011041
22.1536 4.46472 0.0830916 -20.6679 0.0110272
22.176 4.46658 0.0830561 -20.6729 0.0110134
22.1984 4.46844 0.0830206 -20.6779 0.0109996
22.2208 4.4703 0.0829852 -20.6829 0.0109859
22.2432 4.47215 0.0829499 -20.6879 0.0109722
22.2656 4.47401 0.0829146 -20.6929 0.0109586
22.288 4.47587 0.0828794 -20.6979 0.0109449
22.3104 4.47772 0.0828443 -20.7028 0.0109313
22.3328 4.47958 0.0828092 -20.7078 0.0109177
22.3552 4.48143 0.0827742 -20.7128 0.0109042
22.3776 4.48329 0.0827392 -20.7177 0.0108907
22.4 4.48514 0.0827043 -20.7227 0.0108772
