-2.36229 0.00734847 2.91303e-08 41.9962
-2.33867 0.00736113 0.00107218 20.0798
-2.31505 0.00739915 0.00214804 18.6849
-2.29142 0.00746267 0.00323131 17.8597
-2.2678 0.00755191 0.00432571 17.2644
-2.24418 0.00766716 0.00543502 16.7927
-2.22055 0.00780884 0.00656306 16.3972
-2.19693 0.00797742 0.00771371 16.0528
-2.17331 0.00817349 0.00889094 15.7444
-2.14969 0.00839772 0.0100988 15.4626
-2.12606 0.00865089 0.0113415 15.2008
-2.10244 0.00893386 0.0126232 14.9545
-2.07882 0.00924762 0.0139484 14.7203
-2.05519 0.00959325 0.0153217 14.4958
-2.03157 0.00997193 0.0167478 14.2791
-2.00795 0.010385 0.0182316 14.0687
-1.98433 0.0108338 0.0197783 13.8636
-1.9607 0.0113199 0.021393 13.6627
-1.93708 0.0118451 0.0230815 13.4654
-1.91346 0.0124111 0.0248495 13.2711
-1.88983 0.0130198 0.0267032 13.0794
-1.86621 0.0136734 0.0286488 12.8897
-1.84259 0.0143741 0.0306932 12.7019
-1.81896 0.0151244 0.0328433 12.5156
-1.79534 0.0159267 0.0351066 12.3306
-1.77172 0.016784 0.0374909 12.1468
-1.7481 0.017699 0.0400043 11.9639
-1.72447 0.0186751 0.0426556 11.7819
-1.70085 0.0197155 0.0454539 11.6006
-1.67723 0.0208238 0.0484088 11.4199
-1.6536 0.0220039 0.0515304 11.2398
-1.62998 0.0232598 0.0548297 11.0602
-1.60636 0.0245959 0.0583179 10.881
-1.58274 0.0260167 0.062007 10.7022
-1.55911 0.0275271 0.0659098 10.5236
-1.53549 0.0291324 0.0700397 10.3454
-1.51187 0.0308381 0.0744109 10.1674
-1.48824 0.0326501 0.0790385 9.98967
-1.46462 0.0345745 0.0839385 9.81211
-1.441 0.0366181 0.0891277 9.63471
-1.41738 0.0387878 0.094624 9.45746
-1.39375 0.0410912 0.100446 9.28035
-1.37013 0.0435362 0.106615 9.10335
-1.34651 0.0461312 0.113151 8.92646
-1.32288 0.0488852 0.120077 8.74966
-1.29926 0.0518076 0.127416 8.57294
-1.27564 0.0549086 0.135195 8.3963
-1.25201 0.0581987 0.143439 8.21972
-1.22839 0.0616894 0.152178 8.04319
-1.20477 0.0653926 0.161442 7.86672
-1.18115 0.0693212 0.171261 7.69029
-1.15752 0.0734886 0.181671 7.5139
-1.1339 0.0779093 0.192707 7.33754
-1.11028 0.0825985 0.204407 7.16122
-1.08665 0.0875722 0.216812 6.98492
-1.06303 0.0928478 0.229964 6.80865
-1.03941 0.0984433 0.243909 6.6324
-1.01579 0.104378 0.258695 6.45617
-0.992163 0.110673 0.274372 6.27995
-0.96854 0.117349 0.290996 6.10375
-0.944917 0.124429 0.308623 5.92756
-0.921294 0.131938 0.327315 5.75139
-0.897671 0.139902 0.347135 5.57522
-0.874048 0.148348 0.368153 5.39907
-0.850425 0.157306 0.390441 5.22291
-0.826802 0.166806 0.414076 5.04677
-0.803179 0.17688 0.43914 4.87062
-0.779556 0.187565 0.465718 4.69448
-0.755933 0.198896 0.493902 4.51834
-0.732311 0.210913 0.523787 4.34219
-0.708688 0.223657 0.555475 4.16603
-0.685065 0.237172 0.589072 3.98986
-0.661442 0.251504 0.624685 3.81367
-0.637819 0.266703 0.662429 3.63745
-0.614196 0.282819 0.702416 3.4612
-0.590573 0.299907 0.744758 3.28489
-0.56695 0.318025 0.78956 3.10852
-0.543327 0.337231 0.83691 2.93205
-0.519704 0.357586 0.886871 2.75545
-0.496081 0.379153 0.939463 2.57869
-0.472458 0.401992 0.994631 2.4017
-0.448835 0.426164 1.05221 2.22442
-0.425213 0.451721 1.11185 2.04675
-0.40159 0.478706 1.17295 1.86858
-0.377967 0.507142 1.23452 1.68982
-0.354344 0.537023 1.29502 1.51034
-0.330721 0.5683 1.35216 1.33012
-0.307098 0.600856 1.40276 1.14928
-0.283475 0.63449 1.44268 0.968305
-0.259852 0.668896 1.46728 0.788303
-0.236229 0.70366 1.47256 0.611215
-0.212606 0.738302 1.45685 0.439797
-0.188983 0.77234 1.42209 0.277075
-0.16536 0.805379 1.37336 0.125473
-0.141738 0.837163 1.31678 -0.0138012
-0.118115 0.867571 1.25755 -0.140759
-0.0944917 0.896585 1.19919 -0.256227
-0.0708688 0.92425 1.14364 -0.361401
-0.0472458 0.950647 1.09181 -0.457543
-0.0236229 0.975865 1.04396 -0.545832
0 1 1 -0.627305
0.05 1.0479 0.918605 -0.781114
0.1 1.09208 0.850575 -0.914716
0.15 1.13314 0.793163 -1.03267
0.2 1.17154 0.74416 -1.1382
0.25 1.20766 0.701864 -1.23366
0.3 1.24182 0.66498 -1.3208
0.35 1.27424 0.632515 -1.40096
0.4 1.30513 0.603702 -1.47516
0.45 1.33466 0.577938 -1.54424
0.5 1.36296 0.554748 -1.60887
0.55 1.39017 0.53375 -1.66958
0.6 1.41637 0.514635 -1.72683
0.65 1.44166 0.49715 -1.78099
0.7 1.46611 0.481085 -1.83239
0.75 1.48979 0.466266 -1.88128
0.8 1.51275 0.452547 -1.92791
0.85 1.53506 0.439804 -1.97248
0.9 1.55675 0.427931 -2.01517
0.95 1.57787 0.416837 -2.05612
1 1.59844 0.406444 -2.09548
1.05 1.61852 0.396685 -2.13336
1.1 1.63812 0.387499 -2.16988
1.15 1.65728 0.378836 -2.20512
1.2 1.67601 0.370649 -2.23918
1.25 1.69435 0.362898 -2.27214
1.3 1.71231 0.355547 -2.30405
1.35 1.72991 0.348564 -2.335
1.4 1.74717 0.341922 -2.36503
1.45 1.76411 0.335593 -2.3942
1.5 1.78074 0.329555 -2.42256
1.55 1.79707 0.323788 -2.45015
1.6 1.81312 0.318272 -2.47701
1.65 1.8289 0.312991 -2.50318
1.7 1.84442 0.307928 -2.5287
1.75 1.8597 0.303071 -2.5536
1.8 1.87473 0.298405 -2.5779
1.85 1.88954 0.29392 -2.60164
1.9 1.90413 0.289604 -2.62484
1.95 1.9185 0.285447 -2.64753
2 1.93268 0.28144 -2.66972
2.05 1.94665 0.277575 -2.69145
2.1 1.96043 0.273844 -2.71272
2.15 1.97404 0.27024 -2.73356
2.2 1.98746 0.266755 -2.75399
2.25 2.00071 0.263384 -2.77402
2.3 2.0138 0.260121 -2.79366
2.35 2.02673 0.25696 -2.81294
2.4 2.0395 0.253896 -2.83187
2.45 2.05212 0.250926 -2.85045
2.5 2.06459 0.248043 -2.8687
2.55 2.07692 0.245245 -2.88663
2.6 2.08912 0.242527 -2.90426
2.65 2.10118 0.239886 -2.92159
2.7 2.11311 0.237318 -2.93864
2.75 2.12491 0.234821 -2.95541
2.8 2.13659 0.23239 -2.97191
2.85 2.14815 0.230024 -2.98815
2.9 2.15959 0.227719 -3.00414
2.95 2.17092 0.225473 -3.01989
3 2.18214 0.223284 -3.0354
3.05 2.19325 0.22115 -3.05068
3.1 2.20426 0.219068 -3.06574
3.15 2.21516 0.217036 -3.08059
3.2 2.22596 0.215052 -3.09522
3.25 2.23667 0.213115 -3.10965
3.3 2.24728 0.211223 -3.12389
3.35 2.25779 0.209374 -3.13793
3.4 2.26821 0.207567 -3.15178
3.45 2.27855 0.2058 -3.16545
3.5 2.28879 0.204072 -3.17895
3.55 2.29896 0.202381 -3.19227
3.6 2.30903 0.200727 -3.20543
3.65 2.31903 0.199107 -3.21842
3.7 2.32894 0.197521 -3.23125
3.75 2.33878 0.195968 -3.24392
3.8 2.34854 0.194446 -3.25644
3.85 2.35823 0.192955 -3.26882
3.9 2.36784 0.191494 -3.28104
3.95 2.37738 0.190061 -3.29313
4 2.38684 0.188656 -3.30508
4.05 2.39624 0.187278 -3.31689
4.1 2.40557 0.185926 -3.32858
4.15 2.41484 0.1846 -3.34013
4.2 2.42403 0.183298 -3.35156
4.25 2.43317 0.18202 -3.36286
4.3 2.44224 0.180765 -3.37404
4.35 2.45124 0.179532 -3.38511
4.4 2.46019 0.178322 -3.39606
4.45 2.46908 0.177133 -3.40689
4.5 2.4779 0.175964 -3.41762
4.55 2.48667 0.174816 -3.42824
4.6 2.49538 0.173687 -3.43875
4.65 2.50404 0.172577 -3.44916
4.7 2.51264 0.171486 -3.45946
4.75 2.52119 0.170413 -3.46967
4.8 2.52968 0.169357 -3.47977
4.85 2.53813 0.168318 -3.48978
4.9 2.54652 0.167296 -3.4997
4.95 2.55486 0.166291 -3.50952
5 2.56315 0.165301 -3.51926
