-4 6.28983e-05 0.000156272 28.7441
-3.996 6.35265e-05 0.000157833 28.7143
-3.992 6.4161e-05 0.000159409 28.6845
-3.988 6.48018e-05 0.000161001 28.6546
-3.984 6.5449e-05 0.000162609 28.6248
-3.98 6.61027e-05 0.000164233 28.595
-3.976 6.67629e-05 0.000165874 28.5652
-3.972 6.74297e-05 0.00016753 28.5354
-3.968 6.81032e-05 0.000169204 28.5056
-3.964 6.87833e-05 0.000170894 28.4758
-3.96 6.94703e-05 0.0001726 28.4459
-3.956 7.01642e-05 0.000174324 28.4161
-3.952 7.08649e-05 0.000176065 28.3863
-3.948 7.15727e-05 0.000177824 28.3565
-3.944 7.22876e-05 0.0001796 28.3267
-3.94 7.30095e-05 0.000181394 28.2969
-3.936 7.37387e-05 0.000183205 28.2671
-3.932 7.44752e-05 0.000185035 28.2372
-3.928 7.5219e-05 0.000186883 28.2074
-3.924 7.59703e-05 0.00018875 28.1776
-3.92 7.67291e-05 0.000190635 28.1478
-3.916 7.74954e-05 0.000192539 28.118
-3.912 7.82694e-05 0.000194462 28.0882
-3.908 7.90511e-05 0.000196404 28.0584
-3.904 7.98406e-05 0.000198366 28.0285
-3.9 8.06381e-05 0.000200347 27.9987
-3.896 8.14434e-05 0.000202348 27.9689
-3.892 8.22569e-05 0.000204369 27.9391
-3.888 8.30784e-05 0.00020641 27.9093
-3.884 8.39082e-05 0.000208472 27.8795
-3.88 8.47462e-05 0.000210554 27.8497
-3.876 8.55926e-05 0.000212657 27.8198
-3.872 8.64475e-05 0.000214781 27.79
-3.868 8.73109e-05 0.000216926 27.7602
-3.864 8.81829e-05 0.000219092 27.7304
-3.86 8.90637e-05 0.00022128 27.7006
-3.856 8.99532e-05 0.000223491 27.6708
-3.852 9.08516e-05 0.000225723 27.641
-3.848 9.1759e-05 0.000227977 27.6111
-3.844 9.26755e-05 0.000230254 27.5813
-3.84 9.36011e-05 0.000232554 27.5515
-3.836 9.45359e-05 0.000234876 27.5217
-3.832 9.54801e-05 0.000237222 27.4919
-3.828 9.64337e-05 0.000239592 27.4621
-3.824 9.73969e-05 0.000241985 27.4323
-3.82 9.83696e-05 0.000244401 27.4024
-3.816 9.93521e-05 0.000246842 27.3726
-3.812 0.000100344 0.000249308 27.3428
-3.808 0.000101347 0.000251798 27.313
-3.804 0.000102359 0.000254313 27.2832
-3.8 0.000103381 0.000256853 27.2534
-3.796 0.000104414 0.000259418 27.2236
-3.792 0.000105457 0.000262009 27.1938
-3.788 0.00010651 0.000264626 27.1639
-3.784 0.000107574 0.000267269 27.1341
-3.78 0.000108648 0.000269938 27.1043
-3.776 0.000109733 0.000272634 27.0745
-3.772 0.000110829 0.000275357 27.0447
-3.768 0.000111936 0.000278107 27.0149
-3.764 0.000113054 0.000280885 26.9851
-3.76 0.000114183 0.00028369 26.9552
-3.756 0.000115324 0.000286524 26.9254
-3.752 0.000116475 0.000289385 26.8956
-3.748 0.000117639 0.000292276 26.8658
-3.744 0.000118814 0.000295195 26.836
-3.74 0.00012 0.000298143 26.8062
-3.736 0.000121199 0.000301121 26.7764
-3.732 0.000122409 0.000304128 26.7465
-3.728 0.000123632 0.000307166 26.7167
-3.724 0.000124867 0.000310234 26.6869
-3.72 0.000126114 0.000313332 26.6571
-3.716 0.000127373 0.000316462 26.6273
-3.712 0.000128645 0.000319622 26.5975
-3.708 0.00012993 0.000322815 26.5677
-3.704 0.000131228 0.000326039 26.5378
-3.7 0.000132539 0.000329295 26.508
-3.696 0.000133862 0.000332584 26.4782
-3.692 0.000135199 0.000335906 26.4484
-3.688 0.00013655 0.000339261 26.4186
-3.684 0.000137914 0.000342649 26.3888
-3.68 0.000139291 0.000346071 26.359
-3.676 0.000140682 0.000349528 26.3291
-3.672 0.000142087 0.000353019 26.2993
-3.668 0.000143506 0.000356544 26.2695
-3.664 0.00014494 0.000360105 26.2397
-3.66 0.000146387 0.000363702 26.2099
-3.656 0.000147849 0.000367335 26.1801
-3.652 0.000149326 0.000371003 26.1503
-3.648 0.000150817 0.000374709 26.1204
-3.644 0.000152324 0.000378451 26.0906
-3.64 0.000153845 0.000382231 26.0608
-3.636 0.000155382 0.000386049 26.031
-3.632 0.000156933 0.000389904 26.0012
-3.628 0.000158501 0.000393799 25.9714
-3.624 0.000160084 0.000397732 25.9416
-3.62 0.000161683 0.000401704 25.9117
-3.616 0.000163298 0.000405716 25.8819
-3.612 0.000164929 0.000409768 25.8521
-3.608 0.000166576 0.000413861 25.8223
-3.604 0.00016824 0.000417994 25.7925
-3.6 0.00016992 0.000422169 25.7627
-3.596 0.000171617 0.000426386 25.7329
-3.592 0.000173331 0.000430644 25.703
-3.588 0.000175062 0.000434945 25.6732
-3.584 0.000176811 0.000439289 25.6434
-3.58 0.000178576 0.000443677 25.6136
-3.576 0.00018036 0.000448108 25.5838
-3.572 0.000182161 0.000452584 25.554
-3.568 0.000183981 0.000457104 25.5242
-3.564 0.000185818 0.000461669 25.4943
-3.56 0.000187674 0.00046628 25.4645
-3.556 0.000189549 0.000470937 25.4347
-3.552 0.000191442 0.000475641 25.4049
-3.548 0.000193354 0.000480391 25.3751
-3.544 0.000195285 0.000485189 25.3453
-3.54 0.000197235 0.000490035 25.3155
-3.536 0.000199205 0.00049493 25.2856
-3.532 0.000201195 0.000499873 25.2558
-3.528 0.000203204 0.000504865 25.226
-3.524 0.000205234 0.000509908 25.1962
-3.52 0.000207284 0.000515 25.1664
-3.516 0.000209354 0.000520144 25.1366
-3.512 0.000211445 0.000525339 25.1068
-3.508 0.000213557 0.000530586 25.0769
-3.504 0.00021569 0.000535885 25.0471
-3.5 0.000217844 0.000541237 25.0173
-3.496 0.00022002 0.000546643 24.9875
-3.492 0.000222217 0.000552103 24.9577
-3.488 0.000224437 0.000557617 24.9279
-3.484 0.000226678 0.000563186 24.8981
-3.48 0.000228942 0.000568811 24.8682
-3.476 0.000231229 0.000574492 24.8384
-3.472 0.000233538 0.00058023 24.8086
-3.468 0.000235871 0.000586025 24.7788
-3.464 0.000238226 0.000591878 24.749
-3.46 0.000240606 0.00059779 24.7192
-3.456 0.000243009 0.00060376 24.6894
-3.452 0.000245436 0.00060979 24.6595
-3.448 0.000247887 0.000615881 24.6297
-3.444 0.000250363 0.000622032 24.5999
-3.44 0.000252864 0.000628244 24.5701
-3.436 0.000255389 0.000634519 24.5403
-3.432 0.00025794 0.000640856 24.5105
-3.428 0.000260516 0.000647257 24.4807
-3.424 0.000263118 0.000653722 24.4508
-3.42 0.000265746 0.000660251 24.421
-3.416 0.0002684 0.000666845 24.3912
-3.412 0.000271081 0.000673505 24.3614
-3.408 0.000273788 0.000680232 24.3316
-3.404 0.000276523 0.000687026 24.3018
-3.4 0.000279284 0.000693888 24.272
-3.396 0.000282074 0.000700818 24.2421
-3.392 0.000284891 0.000707818 24.2123
-3.388 0.000287736 0.000714887 24.1825
-3.384 0.00029061 0.000722027 24.1527
-3.38 0.000293513 0.000729238 24.1229
-3.376 0.000296444 0.000736522 24.0931
-3.372 0.000299405 0.000743878 24.0633
-3.368 0.000302395 0.000751307 24.0334
-3.364 0.000305416 0.000758811 24.0036
-3.36 0.000308466 0.00076639 23.9738
-3.356 0.000311547 0.000774044 23.944
-3.352 0.000314658 0.000781775 23.9142
-3.348 0.000317801 0.000789583 23.8844
-3.344 0.000320975 0.000797469 23.8546
-3.34 0.000324181 0.000805434 23.8247
-3.336 0.000327419 0.000813478 23.7949
-3.332 0.000330689 0.000821603 23.7651
-3.328 0.000333992 0.000829809 23.7353
-3.324 0.000337327 0.000838097 23.7055
-3.32 0.000340697 0.000846467 23.6757
-3.316 0.000344099 0.000854922 23.6459
-3.312 0.000347536 0.00086346 23.616
-3.308 0.000351007 0.000872084 23.5862
-3.304 0.000354513 0.000880794 23.5564
-3.3 0.000358054 0.000889591 23.5266
-3.296 0.00036163 0.000898476 23.4968
-3.292 0.000365242 0.00090745 23.467
-3.288 0.000368889 0.000916513 23.4372
-3.284 0.000372574 0.000925667 23.4073
-3.28 0.000376295 0.000934912 23.3775
-3.276 0.000380053 0.00094425 23.3477
-3.272 0.000383849 0.00095368 23.3179
-3.268 0.000387683 0.000963205 23.2881
-3.264 0.000391555 0.000972826 23.2583
-3.26 0.000395465 0.000982542 23.2285
-3.256 0.000399415 0.000992355 23.1986
-3.252 0.000403404 0.00100227 23.1688
-3.248 0.000407433 0.00101228 23.139
-3.244 0.000411503 0.00102239 23.1092
-3.24 0.000415613 0.0010326 23.0794
-3.236 0.000419764 0.00104291 23.0496
-3.232 0.000423956 0.00105333 23.0198
-3.228 0.00042819 0.00106385 22.9899
-3.224 0.000432467 0.00107447 22.9601
-3.22 0.000436786 0.0010852 22.9303
-3.216 0.000441149 0.00109604 22.9005
-3.212 0.000445555 0.00110699 22.8707
-3.208 0.000450005 0.00111805 22.8409
-3.204 0.000454499 0.00112921 22.8111
-3.2 0.000459039 0.00114049 22.7812
-3.196 0.000463623 0.00115188 22.7514
-3.192 0.000468254 0.00116339 22.7216
-3.188 0.000472931 0.00117501 22.6918
-3.184 0.000477654 0.00118674 22.662
-3.18 0.000482425 0.00119859 22.6322
-3.176 0.000487243 0.00121057 22.6024
-3.172 0.000492109 0.00122266 22.5725
-3.168 0.000497024 0.00123487 22.5427
-3.164 0.000501989 0.0012472 22.5129
-3.16 0.000507002 0.00125966 22.4831
-3.156 0.000512066 0.00127224 22.4533
-3.152 0.00051718 0.00128494 22.4235
-3.148 0.000522346 0.00129778 22.3937
-3.144 0.000527563 0.00131074 22.3638
-3.14 0.000532832 0.00132383 22.334
-3.136 0.000538154 0.00133705 22.3042
-3.132 0.000543528 0.00135041 22.2744
-3.128 0.000548957 0.00136389 22.2446
-3.124 0.00055444 0.00137752 22.2148
-3.12 0.000559977 0.00139127 22.185
-3.116 0.00056557 0.00140517 22.1551
-3.112 0.000571219 0.0014192 22.1253
-3.108 0.000576924 0.00143338 22.0955
-3.104 0.000582686 0.0014477 22.0657
-3.1 0.000588506 0.00146215 22.0359
-3.096 0.000594384 0.00147676 22.0061
-3.092 0.00060032 0.00149151 21.9763
-3.088 0.000606316 0.0015064 21.9464
-3.084 0.000612371 0.00152145 21.9166
-3.08 0.000618488 0.00153664 21.8868
-3.076 0.000624665 0.00155199 21.857
-3.072 0.000630904 0.00156749 21.8272
-3.068 0.000637205 0.00158315 21.7974
-3.064 0.000643569 0.00159896 21.7676
-3.06 0.000649997 0.00161493 21.7377
-3.056 0.000656489 0.00163106 21.7079
-3.052 0.000663045 0.00164735 21.6781
-3.048 0.000669668 0.0016638 21.6483
-3.044 0.000676356 0.00168042 21.6185
-3.04 0.000683111 0.0016972 21.5887
-3.036 0.000689934 0.00171415 21.5589
-3.032 0.000696825 0.00173128 21.529
-3.028 0.000703784 0.00174857 21.4992
-3.024 0.000710814 0.00176603 21.4694
-3.02 0.000717913 0.00178367 21.4396
-3.016 0.000725083 0.00180148 21.4098
-3.012 0.000732325 0.00181948 21.38
-3.008 0.000739639 0.00183765 21.3502
-3.004 0.000747026 0.001856 21.3203
-3 0.000754487 0.00187454 21.2905
-2.996 0.000762023 0.00189326 21.2607
-2.992 0.000769634 0.00191217 21.2309
-2.988 0.000777321 0.00193127 21.2011
-2.984 0.000785084 0.00195056 21.1713
-2.98 0.000792925 0.00197004 21.1415
-2.976 0.000800845 0.00198971 21.1116
-2.972 0.000808843 0.00200959 21.0818
-2.968 0.000816922 0.00202966 21.052
-2.964 0.000825081 0.00204993 21.0222
-2.96 0.000833321 0.0020704 20.9924
-2.956 0.000841644 0.00209108 20.9626
-2.952 0.00085005 0.00211197 20.9328
-2.948 0.00085854 0.00213306 20.9029
-2.944 0.000867115 0.00215436 20.8731
-2.94 0.000875776 0.00217588 20.8433
-2.936 0.000884522 0.00219761 20.8135
-2.932 0.000893357 0.00221956 20.7837
-2.928 0.000902279 0.00224173 20.7539
-2.924 0.000911291 0.00226412 20.7241
-2.92 0.000920393 0.00228673 20.6942
-2.916 0.000929585 0.00230957 20.6644
-2.912 0.000938869 0.00233264 20.6346
-2.908 0.000948247 0.00235594 20.6048
-2.904 0.000957717 0.00237947 20.575
-2.9 0.000967283 0.00240323 20.5452
-2.896 0.000976943 0.00242724 20.5154
-2.892 0.000986701 0.00245148 20.4855
-2.888 0.000996556 0.00247596 20.4557
-2.884 0.00100651 0.00250069 20.4259
-2.88 0.00101656 0.00252567 20.3961
-2.876 0.00102671 0.00255089 20.3663
-2.872 0.00103697 0.00257637 20.3365
-2.868 0.00104733 0.0026021 20.3067
-2.864 0.00105779 0.00262809 20.2768
-2.86 0.00106835 0.00265434 20.247
-2.856 0.00107902 0.00268085 20.2172
-2.852 0.0010898 0.00270762 20.1874
-2.848 0.00110068 0.00273467 20.1576
-2.844 0.00111168 0.00276198 20.1278
-2.84 0.00112278 0.00278957 20.098
-2.836 0.00113399 0.00281743 20.0681
-2.832 0.00114532 0.00284557 20.0383
-2.828 0.00115676 0.00287399 20.0085
-2.824 0.00116831 0.00290269 19.9787
-2.82 0.00117998 0.00293168 19.9489
-2.816 0.00119176 0.00296096 19.9191
-2.812 0.00120367 0.00299054 19.8893
-2.808 0.00121569 0.0030204 19.8594
-2.804 0.00122783 0.00305057 19.8296
-2.8 0.00124009 0.00308104 19.7998
-2.796 0.00125248 0.00311181 19.77
-2.792 0.00126499 0.00314289 19.7402
-2.788 0.00127762 0.00317428 19.7104
-2.784 0.00129038 0.00320598 19.6806
-2.78 0.00130327 0.003238 19.6507
-2.776 0.00131629 0.00327034 19.6209
-2.772 0.00132943 0.00330301 19.5911
-2.768 0.00134271 0.003336 19.5613
-2.764 0.00135612 0.00336932 19.5315
-2.76 0.00136967 0.00340297 19.5017
-2.756 0.00138335 0.00343695 19.4719
-2.752 0.00139716 0.00347128 19.442
-2.748 0.00141112 0.00350595 19.4122
-2.744 0.00142521 0.00354097 19.3824
-2.74 0.00143945 0.00357633 19.3526
-2.736 0.00145382 0.00361205 19.3228
-2.732 0.00146834 0.00364813 19.293
-2.728 0.00148301 0.00368456 19.2632
-2.724 0.00149782 0.00372136 19.2333
-2.72 0.00151278 0.00375853 19.2035
-2.716 0.00152789 0.00379607 19.1737
-2.712 0.00154315 0.00383398 19.1439
-2.708 0.00155856 0.00387228 19.1141
-2.704 0.00157413 0.00391095 19.0843
-2.7 0.00158985 0.00395001 19.0545
-2.696 0.00160573 0.00398946 19.0246
-2.692 0.00162177 0.00402931 18.9948
-2.688 0.00163796 0.00406955 18.965
-2.684 0.00165432 0.0041102 18.9352
-2.68 0.00167085 0.00415125 18.9054
-2.676 0.00168753 0.00419271 18.8756
-2.672 0.00170439 0.00423459 18.8458
-2.668 0.00172141 0.00427688 18.8159
-2.664 0.0017386 0.00431959 18.7861
-2.66 0.00175597 0.00436274 18.7563
-2.656 0.00177351 0.00440631 18.7265
-2.652 0.00179122 0.00445032 18.6967
-2.648 0.00180911 0.00449477 18.6669
-2.644 0.00182718 0.00453966 18.6371
-2.64 0.00184543 0.004585 18.6072
-2.636 0.00186386 0.00463079 18.5774
-2.632 0.00188247 0.00467704 18.5476
-2.628 0.00190128 0.00472376 18.5178
-2.624 0.00192026 0.00477094 18.488
-2.62 0.00193944 0.00481859 18.4582
-2.616 0.00195881 0.00486671 18.4284
-2.612 0.00197838 0.00491532 18.3985
-2.608 0.00199814 0.00496441 18.3687
-2.604 0.00201809 0.00501399 18.3389
-2.6 0.00203825 0.00506407 18.3091
-2.596 0.00205861 0.00511465 18.2793
-2.592 0.00207917 0.00516573 18.2495
-2.588 0.00209993 0.00521733 18.2197
-2.584 0.00212091 0.00526944 18.1898
-2.58 0.00214209 0.00532206 18.16
-2.576 0.00216348 0.00537522 18.1302
-2.572 0.00218509 0.0054289 18.1004
-2.568 0.00220692 0.00548313 18.0706
-2.564 0.00222896 0.00553789 18.0408
-2.56 0.00225122 0.0055932 18.011
-2.556 0.0022737 0.00564906 17.9812
-2.552 0.00229641 0.00570548 17.9513
-2.548 0.00231935 0.00576247 17.9215
-2.544 0.00234251 0.00582002 17.8917
-2.54 0.00236591 0.00587815 17.8619
-2.536 0.00238954 0.00593686 17.8321
-2.532 0.00241341 0.00599615 17.8023
-2.528 0.00243751 0.00605604 17.7725
-2.524 0.00246185 0.00611653 17.7426
-2.52 0.00248644 0.00617762 17.7128
-2.516 0.00251128 0.00623932 17.683
-2.512 0.00253636 0.00630163 17.6532
-2.508 0.00256169 0.00636457 17.6234
-2.504 0.00258728 0.00642814 17.5936
-2.5 0.00261312 0.00649234 17.5638
-2.496 0.00263921 0.00655718 17.5339
-2.492 0.00266557 0.00662267 17.5041
-2.488 0.0026922 0.00668882 17.4743
-2.484 0.00271909 0.00675562 17.4445
-2.48 0.00274624 0.0068231 17.4147
-2.476 0.00277367 0.00689124 17.3849
-2.472 0.00280137 0.00696007 17.3551
-2.468 0.00282935 0.00702958 17.3252
-2.464 0.00285761 0.00709979 17.2954
-2.46 0.00288615 0.0071707 17.2656
-2.456 0.00291498 0.00724232 17.2358
-2.452 0.00294409 0.00731465 17.206
-2.448 0.0029735 0.00738771 17.1762
-2.444 0.00300319 0.0074615 17.1464
-2.44 0.00303319 0.00753602 17.1165
-2.436 0.00306348 0.00761129 17.0867
-2.432 0.00309408 0.0076873 17.0569
-2.428 0.00312498 0.00776408 17.0271
-2.424 0.00315619 0.00784163 16.9973
-2.42 0.00318772 0.00791995 16.9675
-2.416 0.00321955 0.00799905 16.9377
-2.412 0.00325171 0.00807894 16.9078
-2.408 0.00328419 0.00815963 16.878
-2.404 0.00331699 0.00824112 16.8482
-2.4 0.00335012 0.00832343 16.8184
-2.396 0.00338358 0.00840656 16.7886
-2.392 0.00341737 0.00849053 16.7588
-2.388 0.0034515 0.00857533 16.729
-2.384 0.00348597 0.00866097 16.6991
-2.38 0.00352079 0.00874748 16.6693
-2.376 0.00355596 0.00883484 16.6395
-2.372 0.00359147 0.00892308 16.6097
-2.368 0.00362734 0.0090122 16.5799
-2.364 0.00366357 0.00910221 16.5501
-2.36 0.00370016 0.00919312 16.5203
-2.356 0.00373712 0.00928494 16.4904
-2.352 0.00377444 0.00937767 16.4606
-2.348 0.00381214 0.00947134 16.4308
-2.344 0.00385021 0.00956593 16.401
-2.34 0.00388867 0.00966147 16.3712
-2.336 0.00392751 0.00975797 16.3414
-2.332 0.00396673 0.00985543 16.3116
-2.328 0.00400635 0.00995386 16.2817
-2.324 0.00404636 0.0100533 16.2519
-2.32 0.00408678 0.0101537 16.2221
-2.316 0.0041276 0.0102551 16.1923
-2.312 0.00416882 0.0103575 16.1625
-2.308 0.00421046 0.010461 16.1327
-2.304 0.00425251 0.0105654 16.1029
-2.3 0.00429498 0.010671 16.073
-2.296 0.00433788 0.0107775 16.0432
-2.292 0.0043812 0.0108852 16.0134
-2.288 0.00442496 0.0109939 15.9836
-2.284 0.00446916 0.0111037 15.9538
-2.28 0.00451379 0.0112146 15.924
-2.276 0.00455887 0.0113266 15.8942
-2.272 0.00460441 0.0114397 15.8643
-2.268 0.00465039 0.011554 15.8345
-2.264 0.00469684 0.0116694 15.8047
-2.26 0.00474375 0.0117859 15.7749
-2.256 0.00479113 0.0119037 15.7451
-2.252 0.00483898 0.0120225 15.7153
-2.248 0.00488731 0.0121426 15.6855
-2.244 0.00493612 0.0122639 15.6556
-2.24 0.00498542 0.0123864 15.6258
-2.236 0.00503522 0.0125101 15.596
-2.232 0.00508551 0.012635 15.5662
-2.228 0.0051363 0.0127612 15.5364
-2.224 0.0051876 0.0128887 15.5066
-2.22 0.00523941 0.0130174 15.4768
-2.216 0.00529174 0.0131474 15.4469
-2.212 0.00534459 0.0132787 15.4171
-2.208 0.00539797 0.0134114 15.3873
-2.204 0.00545188 0.0135453 15.3575
-2.2 0.00550634 0.0136806 15.3277
-2.196 0.00556133 0.0138172 15.2979
-2.192 0.00561688 0.0139552 15.2681
-2.188 0.00567297 0.0140946 15.2382
-2.184 0.00572963 0.0142354 15.2084
-2.18 0.00578686 0.0143776 15.1786
-2.176 0.00584466 0.0145212 15.1488
-2.172 0.00590303 0.0146662 15.119
-2.168 0.00596199 0.0148127 15.0892
-2.164 0.00602153 0.0149606 15.0594
-2.16 0.00608168 0.01511 15.0295
-2.156 0.00614242 0.015261 14.9997
-2.152 0.00620376 0.0154134 14.9699
-2.148 0.00626573 0.0155673 14.9401
-2.144 0.00632831 0.0157228 14.9103
-2.14 0.00639151 0.0158798 14.8805
-2.136 0.00645535 0.0160384 14.8507
-2.132 0.00651982 0.0161986 14.8208
-2.128 0.00658494 0.0163604 14.791
-2.124 0.00665071 0.0165238 14.7612
-2.12 0.00671713 0.0166888 14.7314
-2.116 0.00678422 0.0168555 14.7016
-2.112 0.00685198 0.0170239 14.6718
-2.108 0.00692041 0.0171939 14.642
-2.104 0.00698953 0.0173656 14.6121
-2.1 0.00705934 0.0175391 14.5823
-2.096 0.00712984 0.0177142 14.5525
-2.092 0.00720105 0.0178912 14.5227
-2.088 0.00727298 0.0180699 14.4929
-2.084 0.00734562 0.0182503 14.4631
-2.08 0.00741898 0.0184326 14.4333
-2.076 0.00749308 0.0186167 14.4034
-2.072 0.00756792 0.0188026 14.3736
-2.068 0.0076435 0.0189904 14.3438
-2.064 0.00771984 0.0191801 14.314
-2.06 0.00779695 0.0193717 14.2842
-2.056 0.00787482 0.0195651 14.2544
-2.052 0.00795347 0.0197606 14.2246
-2.048 0.00803291 0.0199579 14.1947
-2.044 0.00811314 0.0201572 14.1649
-2.04 0.00819417 0.0203586 14.1351
-2.036 0.00827601 0.0205619 14.1053
-2.032 0.00835867 0.0207673 14.0755
-2.028 0.00844215 0.0209747 14.0457
-2.024 0.00852647 0.0211842 14.0159
-2.02 0.00861162 0.0213958 13.986
-2.016 0.00869763 0.0216094 13.9562
-2.012 0.0087845 0.0218253 13.9264
-2.008 0.00887224 0.0220433 13.8966
-2.004 0.00896085 0.0222634 13.8668
-2 0.00905035 0.0224858 13.837
-1.996 0.00914074 0.0227104 13.8072
-1.992 0.00923204 0.0229372 13.7773
-1.988 0.00932424 0.0231663 13.7475
-1.984 0.00941737 0.0233976 13.7177
-1.98 0.00951143 0.0236313 13.6879
-1.976 0.00960642 0.0238673 13.6581
-1.972 0.00970237 0.0241057 13.6283
-1.968 0.00979927 0.0243465 13.5985
-1.964 0.00989714 0.0245896 13.5686
-1.96 0.00999599 0.0248352 13.5388
-1.956 0.0100958 0.0250833 13.509
-1.952 0.0101967 0.0253338 13.4792
-1.948 0.0102985 0.0255868 13.4494
-1.944 0.0104014 0.0258424 13.4196
-1.94 0.0105052 0.0261005 13.3898
-1.936 0.0106102 0.0263612 13.3599
-1.932 0.0107161 0.0266245 13.3301
-1.928 0.0108232 0.0268904 13.3003
-1.924 0.0109313 0.0271589 13.2705
-1.92 0.0110404 0.0274302 13.2407
-1.916 0.0111507 0.0277042 13.2109
-1.912 0.0112621 0.0279809 13.1811
-1.908 0.0113746 0.0282603 13.1512
-1.904 0.0114882 0.0285426 13.1214
-1.9 0.0116029 0.0288276 13.0916
-1.896 0.0117188 0.0291156 13.0618
-1.892 0.0118358 0.0294064 13.032
-1.888 0.011954 0.0297001 13.0022
-1.884 0.0120734 0.0299967 12.9724
-1.88 0.012194 0.0302963 12.9425
-1.876 0.0123158 0.0305989 12.9127
-1.872 0.0124388 0.0309045 12.8829
-1.868 0.0125631 0.0312131 12.8531
-1.864 0.0126885 0.0315249 12.8233
-1.86 0.0128153 0.0318398 12.7935
-1.856 0.0129432 0.0321578 12.7637
-1.852 0.0130725 0.0324789 12.7338
-1.848 0.0132031 0.0328033 12.704
-1.844 0.013335 0.033131 12.6742
-1.84 0.0134681 0.0334619 12.6444
-1.836 0.0136027 0.0337961 12.6146
-1.832 0.0137385 0.0341336 12.5848
-1.828 0.0138757 0.0344745 12.555
-1.824 0.0140143 0.0348188 12.5251
-1.82 0.0141543 0.0351666 12.4953
-1.816 0.0142956 0.0355178 12.4655
-1.812 0.0144384 0.0358726 12.4357
-1.808 0.0145826 0.0362308 12.4059
-1.804 0.0147283 0.0365927 12.3761
-1.8 0.0148754 0.0369582 12.3463
-1.796 0.0150239 0.0373273 12.3164
-1.792 0.015174 0.0377001 12.2866
-1.788 0.0153256 0.0380766 12.2568
-1.784 0.0154786 0.0384569 12.227
-1.78 0.0156332 0.038841 12.1972
-1.776 0.0157894 0.039229 12.1674
-1.772 0.0159471 0.0396208 12.1376
-1.768 0.0161063 0.0400165 12.1077
-1.764 0.0162672 0.0404162 12.0779
-1.76 0.0164297 0.0408198 12.0481
-1.756 0.0165938 0.0412275 12.0183
-1.752 0.0167595 0.0416393 11.9885
-1.748 0.0169269 0.0420552 11.9587
-1.744 0.0170959 0.0424752 11.9289
-1.74 0.0172667 0.0428994 11.899
-1.736 0.0174391 0.0433279 11.8692
-1.732 0.0176133 0.0437606 11.8394
-1.728 0.0177892 0.0441977 11.8096
-1.724 0.0179669 0.0446391 11.7798
-1.72 0.0181463 0.0450849 11.75
-1.716 0.0183276 0.0455352 11.7202
-1.712 0.0185106 0.04599 11.6903
-1.708 0.0186955 0.0464494 11.6605
-1.704 0.0188822 0.0469133 11.6307
-1.7 0.0190708 0.0473818 11.6009
-1.696 0.0192613 0.0478551 11.5711
-1.692 0.0194537 0.048333 11.5413
-1.688 0.019648 0.0488158 11.5115
-1.684 0.0198442 0.0493033 11.4816
-1.68 0.0200424 0.0497957 11.4518
-1.676 0.0202426 0.0502931 11.422
-1.672 0.0204447 0.0507954 11.3922
-1.668 0.0206489 0.0513027 11.3624
-1.664 0.0208552 0.0518151 11.3326
-1.66 0.0210635 0.0523326 11.3028
-1.656 0.0212738 0.0528553 11.2729
-1.652 0.0214863 0.0533832 11.2431
-1.648 0.0217009 0.0539164 11.2133
-1.644 0.0219177 0.0544549 11.1835
-1.64 0.0221366 0.0549987 11.1537
-1.636 0.0223577 0.055548 11.1239
-1.632 0.022581 0.0561028 11.0941
-1.628 0.0228065 0.0566632 11.0642
-1.624 0.0230343 0.0572291 11.0344
-1.62 0.0232643 0.0578007 11.0046
-1.616 0.0234967 0.058378 10.9748
-1.612 0.0237314 0.058961 10.945
-1.608 0.0239684 0.0595499 10.9152
-1.604 0.0242078 0.0601447 10.8854
-1.6 0.0244495 0.0607454 10.8555
-1.596 0.0246937 0.0613521 10.8257
-1.592 0.0249404 0.0619648 10.7959
-1.588 0.0251895 0.0625837 10.7661
-1.584 0.025441 0.0632088 10.7363
-1.58 0.0256951 0.0638401 10.7065
-1.576 0.0259518 0.0644777 10.6767
-1.572 0.026211 0.0651217 10.6468
-1.568 0.0264728 0.0657721 10.617
-1.564 0.0267372 0.066429 10.5872
-1.56 0.0270042 0.0670925 10.5574
-1.556 0.0272739 0.0677626 10.5276
-1.552 0.0275463 0.0684393 10.4978
-1.548 0.0278214 0.0691229 10.468
-1.544 0.0280993 0.0698133 10.4381
-1.54 0.0283799 0.0705105 10.4083
-1.536 0.0286634 0.0712148 10.3785
-1.532 0.0289497 0.071926 10.3487
-1.528 0.0292388 0.0726444 10.3189
-1.524 0.0295308 0.0733699 10.2891
-1.52 0.0298258 0.0741027 10.2593
-1.516 0.0301237 0.0748428 10.2294
-1.512 0.0304245 0.0755903 10.1996
-1.508 0.0307284 0.0763453 10.1698
-1.504 0.0310353 0.0771078 10.14
-1.5 0.0313453 0.0778779 10.1102
-1.496 0.0316583 0.0786558 10.0804
-1.492 0.0319745 0.0794413 10.0506
-1.488 0.0322939 0.0802348 10.0207
-1.484 0.0326164 0.0810361 9.99093
-1.48 0.0329422 0.0818455 9.96112
-1.476 0.0332712 0.0826629 9.93131
-1.472 0.0336035 0.0834885 9.90149
-1.468 0.0339391 0.0843224 9.87168
-1.464 0.0342781 0.0851646 9.84186
-1.46 0.0346204 0.0860152 9.81205
-1.456 0.0349662 0.0868743 9.78223
-1.452 0.0353154 0.0877419 9.75242
-1.448 0.0356682 0.0886183 9.72261
-1.444 0.0360244 0.0895033 9.69279
-1.44 0.0363842 0.0903973 9.66298
-1.436 0.0367476 0.0913001 9.63316
-1.432 0.0371146 0.092212 9.60335
-1.428 0.0374853 0.093133 9.57353
-1.424 0.0378597 0.0940631 9.54372
-1.42 0.0382378 0.0950026 9.51391
-1.416 0.0386197 0.0959515 9.48409
-1.412 0.0390054 0.0969098 9.45428
-1.408 0.039395 0.0978777 9.42446
-1.404 0.0397885 0.0988553 9.39465
-1.4 0.0401859 0.0998426 9.36483
-1.396 0.0405872 0.10084 9.33502
-1.392 0.0409926 0.101847 9.30521
-1.388 0.041402 0.102864 9.27539
-1.384 0.0418155 0.103892 9.24558
-1.38 0.0422332 0.104929 9.21576
-1.376 0.042655 0.105977 9.18595
-1.372 0.043081 0.107036 9.15614
-1.368 0.0435113 0.108105 9.12632
-1.364 0.0439458 0.109184 9.09651
-1.36 0.0443848 0.110275 9.06669
-1.356 0.0448281 0.111376 9.03688
-1.352 0.0452758 0.112489 9.00706
-1.348 0.045728 0.113612 8.97725
-1.344 0.0461847 0.114747 8.94744
-1.34 0.046646 0.115893 8.91762
-1.336 0.0471119 0.11705 8.88781
-1.332 0.0475824 0.118219 8.85799
-1.328 0.0480576 0.1194 8.82818
-1.324 0.0485376 0.120593 8.79836
-1.32 0.0490224 0.121797 8.76855
-1.316 0.049512 0.123014 8.73874
-1.312 0.0500065 0.124242 8.70892
-1.308 0.050506 0.125483 8.67911
-1.304 0.0510104 0.126736 8.64929
-1.3 0.0515199 0.128002 8.61948
-1.296 0.0520344 0.129281 8.58966
-1.292 0.0525541 0.130572 8.55985
-1.288 0.053079 0.131876 8.53004
-1.284 0.0536091 0.133193 8.50022
-1.28 0.0541446 0.134523 8.47041
-1.276 0.0546853 0.135867 8.44059
-1.272 0.0552315 0.137224 8.41078
-1.268 0.0557832 0.138594 8.38096
-1.264 0.0563403 0.139979 8.35115
-1.26 0.056903 0.141377 8.32134
-1.256 0.0574713 0.142789 8.29152
-1.252 0.0580453 0.144215 8.26171
-1.248 0.0586251 0.145655 8.23189
-1.244 0.0592106 0.14711 8.20208
-1.24 0.059802 0.148579 8.17227
-1.236 0.0603992 0.150063 8.14245
-1.232 0.0610025 0.151562 8.11264
-1.228 0.0616118 0.153076 8.08282
-1.224 0.0622271 0.154605 8.05301
-1.22 0.0628486 0.156149 8.02319
-1.216 0.0634763 0.157708 7.99338
-1.212 0.0641103 0.159283 7.96357
-1.208 0.0647506 0.160874 7.93375
-1.204 0.0653973 0.162481 7.90394
-1.2 0.0660505 0.164104 7.87412
-1.196 0.0667102 0.165743 7.84431
-1.192 0.0673764 0.167398 7.81449
-1.188 0.0680494 0.16907 7.78468
-1.184 0.068729 0.170759 7.75487
-1.18 0.0694155 0.172464 7.72505
-1.176 0.0701088 0.174187 7.69524
-1.172 0.070809 0.175926 7.66542
-1.168 0.0715162 0.177683 7.63561
-1.164 0.0722305 0.179458 7.60579
-1.16 0.0729519 0.18125 7.57598
-1.156 0.0736805 0.183061 7.54617
-1.152 0.0744164 0.184889 7.51635
-1.148 0.0751596 0.186736 7.48654
-1.144 0.0759103 0.188601 7.45672
-1.14 0.0766685 0.190484 7.42691
-1.136 0.0774342 0.192387 7.39709
-1.132 0.0782076 0.194308 7.36728
-1.128 0.0789887 0.196249 7.33747
-1.124 0.0797776 0.198209 7.30765
-1.12 0.0805744 0.200189 7.27784
-1.116 0.0813791 0.202188 7.24802
-1.112 0.0821919 0.204207 7.21821
-1.108 0.0830128 0.206247 7.1884
-1.104 0.0838419 0.208307 7.15858
-1.1 0.0846793 0.210387 7.12877
-1.096 0.0855251 0.212489 7.09895
-1.092 0.0863792 0.214611 7.06914
-1.088 0.087242 0.216754 7.03932
-1.084 0.0881133 0.218919 7.00951
-1.08 0.0889933 0.221106 6.9797
-1.076 0.0898822 0.223314 6.94988
-1.072 0.0907799 0.225544 6.92007
-1.068 0.0916866 0.227797 6.89025
-1.064 0.0926023 0.230072 6.86044
-1.06 0.0935272 0.23237 6.83062
-1.056 0.0944613 0.234691 6.80081
-1.052 0.0954047 0.237035 6.771
-1.048 0.0963576 0.239402 6.74118
-1.044 0.09732 0.241793 6.71137
-1.04 0.098292 0.244208 6.68155
-1.036 0.0992737 0.246647 6.65174
-1.032 0.100265 0.249111 6.62192
-1.028 0.101267 0.251599 6.59211
-1.024 0.102278 0.254111 6.5623
-1.02 0.1033 0.256649 6.53248
-1.016 0.104331 0.259213 6.50267
-1.012 0.105373 0.261801 6.47285
-1.008 0.106426 0.264416 6.44304
-1.004 0.107489 0.267057 6.41322
-1 0.108562 0.269724 6.38341
-0.996 0.109646 0.272418 6.3536
-0.992 0.110742 0.275139 6.32378
-0.988 0.111848 0.277887 6.29397
-0.984 0.112965 0.280662 6.26415
-0.98 0.114093 0.283465 6.23434
-0.976 0.115232 0.286296 6.20452
-0.972 0.116383 0.289156 6.17471
-0.968 0.117546 0.292044 6.1449
-0.964 0.11872 0.29496 6.11508
-0.96 0.119905 0.297906 6.08527
-0.956 0.121103 0.300882 6.05545
-0.952 0.122313 0.303887 6.02564
-0.948 0.123534 0.306922 5.99582
-0.944 0.124768 0.309987 5.96601
-0.94 0.126014 0.313083 5.93619
-0.936 0.127273 0.31621 5.90638
-0.932 0.128544 0.319368 5.87657
-0.928 0.129828 0.322557 5.84675
-0.924 0.131124 0.325779 5.81694
-0.92 0.132434 0.329032 5.78712
-0.916 0.133757 0.332319 5.75731
-0.912 0.135093 0.335637 5.72749
-0.908 0.136442 0.338989 5.69768
-0.904 0.137804 0.342375 5.66786
-0.9 0.139181 0.345794 5.63805
-0.896 0.140571 0.349248 5.60824
-0.892 0.141975 0.352736 5.57842
-0.888 0.143393 0.356258 5.54861
-0.884 0.144825 0.359816 5.51879
-0.88 0.146271 0.36341 5.48898
-0.876 0.147732 0.367039 5.45916
-0.872 0.149208 0.370704 5.42935
-0.868 0.150698 0.374406 5.39953
-0.864 0.152203 0.378145 5.36972
-0.86 0.153723 0.381922 5.3399
-0.856 0.155258 0.385736 5.31009
-0.852 0.156809 0.389588 5.28027
-0.848 0.158375 0.393478 5.25046
-0.844 0.159957 0.397408 5.22064
-0.84 0.161555 0.401376 5.19083
-0.836 0.163168 0.405384 5.16101
-0.832 0.164798 0.409433 5.1312
-0.828 0.166444 0.413521 5.10138
-0.824 0.168106 0.41765 5.07157
-0.82 0.169785 0.421821 5.04175
-0.816 0.171481 0.426033 5.01194
-0.812 0.173193 0.430287 4.98212
-0.808 0.174923 0.434583 4.95231
-0.804 0.17667 0.438923 4.92249
-0.8 0.178434 0.443305 4.89268
-0.796 0.180216 0.447731 4.86286
-0.792 0.182016 0.452202 4.83305
-0.788 0.183834 0.456717 4.80323
-0.784 0.18567 0.461277 4.77342
-0.78 0.187524 0.465882 4.7436
-0.776 0.189397 0.470533 4.71378
-0.772 0.191289 0.47523 4.68397
-0.768 0.193199 0.479975 4.65415
-0.764 0.195128 0.484766 4.62434
-0.76 0.197077 0.489605 4.59452
-0.756 0.199045 0.494493 4.5647
-0.752 0.201033 0.499429 4.53489
-0.748 0.203041 0.504414 4.50507
-0.744 0.205069 0.509448 4.47525
-0.74 0.207117 0.514533 4.44543
-0.736 0.209185 0.519668 4.41562
-0.732 0.211274 0.524854 4.3858
-0.728 0.213384 0.530092 4.35598
-0.724 0.215515 0.535382 4.32616
-0.72 0.217667 0.540724 4.29635
-0.716 0.219841 0.546119 4.26653
-0.712 0.222036 0.551568 4.23671
-0.708 0.224253 0.557071 4.20689
-0.704 0.226493 0.562628 4.17707
-0.7 0.228754 0.56824 4.14725
-0.696 0.231039 0.573908 4.11743
-0.692 0.233346 0.579632 4.08761
-0.688 0.235676 0.585412 4.05779
-0.684 0.238029 0.59125 4.02797
-0.68 0.240406 0.597145 3.99815
-0.676 0.242806 0.603098 3.96833
-0.672 0.245231 0.60911 3.9385
-0.668 0.247679 0.615182 3.90868
-0.664 0.250152 0.621313 3.87886
-0.66 0.25265 0.627504 3.84903
-0.656 0.255172 0.633756 3.81921
-0.652 0.25772 0.640069 3.78938
-0.648 0.260293 0.646445 3.75956
-0.644 0.262892 0.652882 3.72973
-0.64 0.265516 0.659383 3.6999
-0.636 0.268167 0.665947 3.67008
-0.632 0.270844 0.672575 3.64025
-0.628 0.273547 0.679268 3.61042
-0.624 0.276278 0.686026 3.58059
-0.62 0.279036 0.692849 3.55076
-0.616 0.281821 0.699739 3.52092
-0.612 0.284634 0.706695 3.49109
-0.608 0.287475 0.713718 3.46125
-0.604 0.290344 0.720809 3.43142
-0.6 0.293241 0.727968 3.40158
-0.596 0.296167 0.735196 3.37174
-0.592 0.299123 0.742492 3.3419
-0.588 0.302107 0.749859 3.31206
-0.584 0.305122 0.757295 3.28221
-0.58 0.308166 0.764802 3.25237
-0.576 0.31124 0.772379 3.22252
-0.572 0.314345 0.780028 3.19267
-0.568 0.317481 0.787749 3.16282
-0.564 0.320647 0.795541 3.13296
-0.56 0.323845 0.803406 3.10311
-0.556 0.327074 0.811344 3.07325
-0.552 0.330336 0.819355 3.04338
-0.548 0.333629 0.827439 3.01352
-0.544 0.336955 0.835597 2.98365
-0.54 0.340314 0.843829 2.95378
-0.536 0.343706 0.852135 2.9239
-0.532 0.347131 0.860514 2.89403
-0.528 0.35059 0.868969 2.86414
-0.524 0.354083 0.877497 2.83426
-0.52 0.35761 0.8861 2.80437
-0.516 0.361172 0.894777 2.77447
-0.512 0.364769 0.903529 2.74457
-0.508 0.368401 0.912355 2.71466
-0.504 0.372068 0.921254 2.68475
-0.5 0.375771 0.930227 2.65483
-0.496 0.37951 0.939274 2.62491
-0.492 0.383285 0.948393 2.59498
-0.488 0.387097 0.957585 2.56504
-0.484 0.390946 0.966848 2.5351
-0.48 0.394832 0.976182 2.50515
-0.476 0.398755 0.985587 2.47519
-0.472 0.402717 0.99506 2.44522
-0.468 0.406716 1.0046 2.41524
-0.464 0.410753 1.01421 2.38525
-0.46 0.41483 1.02388 2.35525
-0.456 0.418945 1.03362 2.32524
-0.452 0.423099 1.04342 2.29522
-0.448 0.427292 1.05329 2.26519
-0.444 0.431525 1.0632 2.23515
-0.44 0.435798 1.07318 2.20509
-0.436 0.440111 1.08321 2.17501
-0.432 0.444464 1.09329 2.14493
-0.428 0.448857 1.10342 2.11482
-0.424 0.453291 1.1136 2.0847
-0.42 0.457766 1.12381 2.05456
-0.416 0.462282 1.13406 2.02441
-0.412 0.466838 1.14435 1.99423
-0.408 0.471436 1.15467 1.96403
-0.404 0.476076 1.16501 1.93382
-0.4 0.480756 1.17537 1.90358
-0.396 0.485479 1.18574 1.87331
-0.392 0.490242 1.19612 1.84302
-0.388 0.495048 1.2065 1.81271
-0.384 0.499894 1.21688 1.78237
-0.38 0.504783 1.22724 1.752
-0.376 0.509712 1.23758 1.7216
-0.372 0.514683 1.24789 1.69117
-0.368 0.519695 1.25816 1.66071
-0.364 0.524748 1.26838 1.63022
-0.36 0.529842 1.27854 1.59969
-0.356 0.534977 1.28863 1.56912
-0.352 0.540151 1.29863 1.53852
-0.348 0.545366 1.30854 1.50789
-0.344 0.550619 1.31834 1.47721
-0.34 0.555912 1.32802 1.4465
-0.336 0.561243 1.33756 1.41575
-0.332 0.566612 1.34694 1.38495
-0.328 0.572019 1.35615 1.35412
-0.324 0.577461 1.36517 1.32324
-0.32 0.58294 1.37398 1.29233
-0.316 0.588453 1.38257 1.26137
-0.312 0.594 1.3909 1.23037
-0.308 0.59958 1.39897 1.19934
-0.304 0.605191 1.40675 1.16827
-0.3 0.610833 1.41422 1.13717
-0.296 0.616505 1.42135 1.10603
-0.292 0.622204 1.42813 1.07487
-0.288 0.627929 1.43452 1.04368
-0.284 0.633679 1.4405 1.01247
-0.28 0.639453 1.44606 0.981255
-0.276 0.645247 1.45117 0.950029
-0.272 0.651061 1.4558 0.918805
-0.268 0.656893 1.45993 0.887591
-0.264 0.66274 1.46354 0.856396
-0.26 0.668601 1.46661 0.825233
-0.256 0.674472 1.46913 0.794112
-0.252 0.680353 1.47107 0.763047
-0.248 0.68624 1.47242 0.732053
-0.244 0.692131 1.47317 0.701144
-0.24 0.698024 1.4733 0.670338
-0.236 0.703917 1.47283 0.639651
-0.232 0.709806 1.47173 0.609101
-0.228 0.71569 1.47001 0.578708
-0.224 0.721565 1.46768 0.54849
-0.22 0.727431 1.46474 0.518467
-0.216 0.733283 1.4612 0.488658
-0.212 0.739119 1.45708 0.459083
-0.208 0.744938 1.45239 0.429761
-0.204 0.750738 1.44716 0.400711
-0.2 0.756515 1.44141 0.371949
-0.196 0.762268 1.43517 0.343494
-0.192 0.767996 1.42846 0.31536
-0.188 0.773696 1.42131 0.287562
-0.184 0.779366 1.41376 0.260113
-0.18 0.785005 1.40584 0.233023
-0.176 0.790612 1.39757 0.206304
-0.172 0.796185 1.38899 0.179964
-0.168 0.801724 1.38014 0.154008
-0.164 0.807226 1.37104 0.128443
-0.16 0.812692 1.36173 0.103273
-0.156 0.81812 1.35222 0.0784985
-0.152 0.823509 1.34257 0.0541219
-0.148 0.82886 1.33278 0.0301426
-0.144 0.834171 1.32288 0.00655943
-0.14 0.839443 1.3129 -0.0166301
-0.136 0.844674 1.30286 -0.0394292
-0.132 0.849866 1.29278 -0.0618421
-0.128 0.855017 1.28268 -0.0838734
-0.124 0.860127 1.27258 -0.105529
-0.12 0.865197 1.26249 -0.126814
-0.116 0.870227 1.25242 -0.147735
-0.112 0.875217 1.24239 -0.168299
-0.108 0.880166 1.23241 -0.188512
-0.104 0.885076 1.22249 -0.208383
-0.1 0.889946 1.21264 -0.227918
-0.096 0.894777 1.20286 -0.247125
-0.092 0.899569 1.19317 -0.26601
-0.088 0.904323 1.18357 -0.284583
-0.084 0.909038 1.17407 -0.30285
-0.08 0.913715 1.16466 -0.320818
-0.076 0.918355 1.15536 -0.338495
-0.072 0.922958 1.14616 -0.355888
-0.068 0.927525 1.13708 -0.373004
-0.064 0.932055 1.1281 -0.389851
-0.06 0.93655 1.11924 -0.406435
-0.056 0.941009 1.11049 -0.422762
-0.052 0.945434 1.10186 -0.43884
-0.048 0.949824 1.09334 -0.454675
-0.044 0.954181 1.08494 -0.470273
-0.04 0.958504 1.07665 -0.485641
-0.036 0.962794 1.06848 -0.500783
-0.032 0.967052 1.06042 -0.515706
-0.028 0.971278 1.05248 -0.530415
-0.024 0.975472 1.04465 -0.544917
-0.02 0.979635 1.03694 -0.559215
-0.016 0.983768 1.02933 -0.573316
-0.012 0.98787 1.02184 -0.587224
-0.008 0.991942 1.01445 -0.600944
-0.004 0.995986 1.00717 -0.61448
0 1 1 -0.627837
0.0224 1.02197 0.961725 -0.69953
0.0448 1.04311 0.926459 -0.766432
0.0672 1.06349 0.893922 -0.829122
0.0896 1.08317 0.86385 -0.888087
0.112 1.10221 0.835996 -0.943739
0.1344 1.12064 0.810137 -0.996426
0.1568 1.13852 0.786076 -1.04645
0.1792 1.15587 0.763635 -1.09406
0.2016 1.17274 0.742659 -1.13948
0.224 1.18915 0.723007 -1.1829
0.2464 1.20514 0.704559 -1.2245
0.2688 1.22072 0.687206 -1.26442
0.2912 1.23593 0.67085 -1.30279
0.3136 1.25078 0.655408 -1.33972
0.336 1.2653 0.640802 -1.37533
0.3584 1.2795 0.626964 -1.4097
0.3808 1.29339 0.613834 -1.44292
0.4032 1.307 0.601356 -1.47506
0.4256 1.32034 0.589482 -1.50619
0.448 1.33342 0.578167 -1.53638
0.4704 1.34624 0.567371 -1.56567
0.4928 1.35884 0.557057 -1.59412
0.5152 1.3712 0.547193 -1.62178
0.5376 1.38335 0.537748 -1.64869
0.56 1.3953 0.528695 -1.67489
0.5824 1.40704 0.520009 -1.70042
0.6048 1.4186 0.511667 -1.72531
0.6272 1.42997 0.503648 -1.74958
0.6496 1.44116 0.495933 -1.77329
0.672 1.45219 0.488504 -1.79643
0.6944 1.46305 0.481344 -1.81906
0.7168 1.47375 0.474438 -1.84118
0.7392 1.48431 0.467773 -1.86281
0.7616 1.49471 0.461335 -1.88399
0.784 1.50498 0.455113 -1.90473
0.8064 1.5151 0.449094 -1.92504
0.8288 1.5251 0.44327 -1.94495
0.8512 1.53496 0.437629 -1.96447
0.8736 1.5447 0.432163 -1.98361
0.896 1.55432 0.426863 -2.00239
0.9184 1.56383 0.421722 -2.02083
0.9408 1.57322 0.416732 -2.03892
0.9632 1.5825 0.411887 -2.0567
0.9856 1.59167 0.407179 -2.07417
1.008 1.60074 0.402602 -2.09133
1.0304 1.60971 0.398151 -2.1082
1.0528 1.61858 0.393821 -2.1248
1.0752 1.62735 0.389606 -2.14112
1.0976 1.63603 0.385502 -2.15717
1.12 1.64463 0.381503 -2.17298
1.1424 1.65313 0.377606 -2.18853
1.1648 1.66154 0.373807 -2.20385
1.1872 1.66987 0.370101 -2.21894
1.2096 1.67812 0.366486 -2.2338
1.232 1.68629 0.362957 -2.24844
1.2544 1.69438 0.359511 -2.26288
1.2768 1.7024 0.356146 -2.2771
1.2992 1.71034 0.352859 -2.29113
1.3216 1.71821 0.349646 -2.30496
1.344 1.72601 0.346504 -2.3186
1.3664 1.73373 0.343432 -2.33206
1.3888 1.74139 0.340428 -2.34534
1.4112 1.74898 0.337487 -2.35844
1.4336 1.75651 0.33461 -2.37138
1.456 1.76398 0.331792 -2.38415
1.4784 1.77138 0.329034 -2.39676
1.5008 1.77872 0.326331 -2.40921
1.5232 1.786 0.323683 -2.4215
1.5456 1.79322 0.321089 -2.43365
1.568 1.80038 0.318545 -2.44565
1.5904 1.80749 0.316051 -2.45751
1.6128 1.81454 0.313605 -2.46923
1.6352 1.82154 0.311206 -2.48082
1.6576 1.82848 0.308852 -2.49227
1.68 1.83538 0.306542 -2.50359
1.7024 1.84222 0.304275 -2.51478
1.7248 1.84901 0.302049 -2.52586
1.7472 1.85575 0.299863 -2.5368
1.7696 1.86244 0.297716 -2.54763
1.792 1.86909 0.295608 -2.55835
1.8144 1.87569 0.293536 -2.56895
1.8368 1.88224 0.291499 -2.57944
1.8592 1.88874 0.289498 -2.58982
1.8816 1.89521 0.287531 -2.60009
1.904 1.90163 0.285597 -2.61026
1.9264 1.908 0.283695 -2.62033
1.9488 1.91434 0.281824 -2.63029
1.9712 1.92063 0.279983 -2.64016
1.9936 1.92688 0.278173 -2.64993
2.016 1.93309 0.276391 -2.65961
2.0384 1.93926 0.274638 -2.66919
2.0608 1.94539 0.272912 -2.67868
2.0832 1.95149 0.271213 -2.68808
2.1056 1.95754 0.26954 -2.6974
2.128 1.96356 0.267892 -2.70663
2.1504 1.96955 0.26627 -2.71577
2.1728 1.97549 0.264671 -2.72483
2.1952 1.9814 0.263097 -2.73381
2.2176 1.98728 0.261545 -2.74272
2.24 1.99312 0.260017 -2.75154
2.2624 1.99893 0.25851 -2.76028
2.2848 2.0047 0.257025 -2.76895
2.3072 2.01044 0.255561 -2.77754
2.3296 2.01615 0.254118 -2.78606
2.352 2.02183 0.252695 -2.79451
2.3744 2.02747 0.251292 -2.80289
2.3968 2.03309 0.249908 -2.8112
2.4192 2.03867 0.248543 -2.81944
2.4416 2.04422 0.247196 -2.82761
2.464 2.04974 0.245867 -2.83572
2.4864 2.05524 0.244556 -2.84376
2.5088 2.0607 0.243263 -2.85173
2.5312 2.06613 0.241986 -2.85965
2.5536 2.07154 0.240726 -2.8675
2.576 2.07692 0.239482 -2.87529
2.5984 2.08227 0.238255 -2.88302
2.6208 2.08759 0.237042 -2.89069
2.6432 2.09289 0.235845 -2.8983
2.6656 2.09816 0.234663 -2.90586
2.688 2.1034 0.233496 -2.91335
2.7104 2.10862 0.232343 -2.9208
2.7328 2.11381 0.231204 -2.92818
2.7552 2.11898 0.230079 -2.93552
2.7776 2.12412 0.228968 -2.94279
2.8 2.12924 0.22787 -2.95002
2.8224 2.13433 0.226785 -2.9572
2.8448 2.1394 0.225713 -2.96432
2.8672 2.14444 0.224653 -2.97139
2.8896 2.14946 0.223606 -2.97842
2.912 2.15446 0.222571 -2.98539
2.9344 2.15943 0.221547 -2.99232
2.9568 2.16438 0.220536 -2.9992
2.9792 2.16931 0.219536 -3.00603
3.0016 2.17422 0.218547 -3.01281
3.024 2.1791 0.217569 -3.01955
3.0464 2.18397 0.216602 -3.02625
3.0688 2.18881 0.215645 -3.0329
3.0912 2.19363 0.2147 -3.0395
3.1136 2.19843 0.213764 -3.04606
3.136 2.2032 0.212839 -3.05258
3.1584 2.20796 0.211923 -3.05906
3.1808 2.2127 0.211017 -3.0655
3.2032 2.21741 0.210121 -3.07189
3.2256 2.22211 0.209235 -3.07824
3.248 2.22679 0.208357 -3.08456
3.2704 2.23145 0.207489 -3.09083
3.2928 2.23608 0.20663 -3.09707
3.3152 2.2407 0.205779 -3.10326
3.3376 2.2453 0.204938 -3.10942
3.36 2.24988 0.204104 -3.11554
3.3824 2.25445 0.20328 -3.12162
3.4048 2.25899 0.202463 -3.12767
3.4272 2.26352 0.201655 -3.13368
3.4496 2.26802 0.200854 -3.13965
3.472 2.27252 0.200062 -3.14559
3.4944 2.27699 0.199277 -3.1515
3.5168 2.28144 0.1985 -3.15737
3.5392 2.28588 0.197731 -3.1632
3.5616 2.2903 0.196969 -3.169
3.584 2.2947 0.196214 -3.17477
3.6064 2.29909 0.195466 -3.1805
3.6288 2.30346 0.194726 -3.1862
3.6512 2.30782 0.193992 -3.19187
3.6736 2.31215 0.193265 -3.19751
3.696 2.31647 0.192545 -3.20312
3.7184 2.32078 0.191832 -3.20869
3.7408 2.32507 0.191125 -3.21423
3.7632 2.32934 0.190425 -3.21975
3.7856 2.3336 0.189731 -3.22523
3.808 2.33784 0.189044 -3.23068
3.8304 2.34207 0.188362 -3.2361
3.8528 2.34628 0.187687 -3.2415
3.8752 2.35048 0.187018 -3.24686
3.8976 2.35466 0.186354 -3.2522
3.92 2.35883 0.185697 -3.25751
3.9424 2.36298 0.185045 -3.26279
3.9648 2.36712 0.184399 -3.26804
3.9872 2.37124 0.183759 -3.27326
4.0096 2.37535 0.183124 -3.27846
4.032 2.37944 0.182494 -3.28363
4.0544 2.38352 0.18187 -3.28878
4.0768 2.38759 0.181252 -3.29389
4.0992 2.39164 0.180638 -3.29898
4.1216 2.39568 0.18003 -3.30405
4.144 2.39971 0.179426 -3.30909
4.1664 2.40372 0.178828 -3.31411
4.1888 2.40772 0.178235 -3.3191
4.2112 2.41171 0.177646 -3.32406
4.2336 2.41568 0.177063 -3.329
4.256 2.41964 0.176484 -3.33392
4.2784 2.42359 0.17591 -3.33881
4.3008 2.42752 0.175341 -3.34368
4.3232 2.43144 0.174776 -3.34852
4.3456 2.43535 0.174215 -3.35334
4.368 2.43925 0.173659 -3.35814
4.3904 2.44313 0.173108 -3.36292
4.4128 2.447 0.172561 -3.36767
4.4352 2.45086 0.172018 -3.3724
4.4576 2.45471 0.17148 -3.37711
4.48 2.45854 0.170945 -3.3818
4.5024 2.46237 0.170415 -3.38646
4.5248 2.46618 0.169889 -3.3911
4.5472 2.46998 0.169367 -3.39572
4.5696 2.47377 0.168849 -3.40032
4.592 2.47754 0.168334 -3.4049
4.6144 2.48131 0.167824 -3.40946
4.6368 2.48506 0.167318 -3.414
4.6592 2.4888 0.166815 -3.41851
4.6816 2.49253 0.166316 -3.42301
4.704 2.49625 0.165821 -3.42748
4.7264 2.49996 0.16533 -3.43194
4.7488 2.50366 0.164842 -3.43638
4.7712 2.50735 0.164358 -3.44079
4.7936 2.51102 0.163877 -3.44519
4.816 2.51469 0.1634 -3.44957
4.8384 2.51834 0.162926 -3.45393
4.8608 2.52199 0.162455 -3.45827
4.8832 2.52562 0.161989 -3.46259
4.9056 2.52925 0.161525 -3.46689
4.928 2.53286 0.161065 -3.47118
4.9504 2.53646 0.160607 -3.47544
4.9728 2.54005 0.160154 -3.47969
4.9952 2.54364 0.159703 -3.48392
5.0176 2.54721 0.159255 -3.48813
5.04 2.55077 0.158811 -3.49233
5.0624 2.55432 0.15837 -3.4965
5.0848 2.55787 0.157932 -3.50066
5.1072 2.5614 0.157496 -3.50481
5.1296 2.56492 0.157064 -3.50893
5.152 2.56843 0.156635 -3.51304
5.1744 2.57194 0.156209 -3.51713
5.1968 2.57543 0.155785 -3.52121
5.2192 2.57892 0.155364 -3.52526
5.2416 2.58239 0.154947 -3.52931
5.264 2.58586 0.154532 -3.53333
5.2864 2.58932 0.154119 -3.53734
5.3088 2.59276 0.15371 -3.54133
5.3312 2.5962 0.153303 -3.54531
5.3536 2.59963 0.152899 -3.54927
5.376 2.60305 0.152498 -3.55322
5.3984 2.60646 0.152099 -3.55715
5.4208 2.60987 0.151703 -3.56106
5.4432 2.61326 0.151309 -3.56496
5.4656 2.61665 0.150918 -3.56885
5.488 2.62002 0.150529 -3.57272
5.5104 2.62339 0.150143 -3.57657
5.5328 2.62675 0.149759 -3.58041
5.5552 2.6301 0.149378 -3.58424
5.5776 2.63344 0.148999 -3.58805
5.6 2.63677 0.148623 -3.59185
5.6224 2.6401 0.148249 -3.59563
5.6448 2.64341 0.147877 -3.5994
5.6672 2.64672 0.147508 -3.60315
5.6896 2.65002 0.147141 -3.60689
5.712 2.65332 0.146776 -3.61061
5.7344 2.6566 0.146414 -3.61433
5.7568 2.65987 0.146053 -3.61802
5.7792 2.66314 0.145695 -3.62171
5.8016 2.6664 0.145339 -3.62538
5.824 2.66965 0.144986 -3.62904
5.8464 2.6729 0.144634 -3.63268
5.8688 2.67613 0.144285 -3.63631
5.8912 2.67936 0.143937 -3.63993
5.9136 2.68258 0.143592 -3.64353
5.936 2.68579 0.143249 -3.64713
5.9584 2.689 0.142907 -3.6507
5.9808 2.6922 0.142568 -3.65427
6.0032 2.69539 0.142231 -3.65782
6.0256 2.69857 0.141896 -3.66136
6.048 2.70174 0.141563 -3.66489
6.0704 2.70491 0.141231 -3.66841
6.0928 2.70807 0.140902 -3.67191
6.1152 2.71122 0.140575 -3.6754
6.1376 2.71437 0.140249 -3.67888
6.16 2.71751 0.139926 -3.68235
6.1824 2.72064 0.139604 -3.68581
6.2048 2.72376 0.139284 -3.68925
6.2272 2.72688 0.138966 -3.69268
6.2496 2.72999 0.138649 -3.6961
6.272 2.73309 0.138335 -3.69951
6.2944 2.73618 0.138022 -3.7029
6.3168 2.73927 0.137711 -3.70629
6.3392 2.74235 0.137402 -3.70966
6.3616 2.74543 0.137095 -3.71303
6.384 2.74849 0.136789 -3.71638
6.4064 2.75156 0.136485 -3.71972
6.4288 2.75461 0.136182 -3.72304
6.4512 2.75766 0.135882 -3.72636
6.4736 2.7607 0.135582 -3.72967
6.496 2.76373 0.135285 -3.73296
6.5184 2.76676 0.134989 -3.73625
6.5408 2.76978 0.134695 -3.73952
6.5632 2.77279 0.134402 -3.74279
6.5856 2.7758 0.134111 -3.74604
6.608 2.7788 0.133822 -3.74928
6.6304 2.78179 0.133534 -3.75251
6.6528 2.78478 0.133248 -3.75574
6.6752 2.78776 0.132963 -3.75895
6.6976 2.79074 0.13268 -3.76215
6.72 2.79371 0.132398 -3.76534
6.7424 2.79667 0.132118 -3.76852
6.7648 2.79963 0.131839 -3.77169
6.7872 2.80258 0.131561 -3.77485
6.8096 2.80552 0.131285 -3.778
6.832 2.80846 0.131011 -3.78114
6.8544 2.81139 0.130738 -3.78427
6.8768 2.81432 0.130466 -3.78739
6.8992 2.81723 0.130196 -3.7905
6.9216 2.82015 0.129927 -3.7936
6.944 2.82306 0.12966 -3.7967
6.9664 2.82596 0.129394 -3.79978
6.9888 2.82885 0.129129 -3.80285
7.0112 2.83174 0.128866 -3.80591
7.0336 2.83463 0.128604 -3.80897
7.056 2.8375 0.128343 -3.81201
7.0784 2.84038 0.128084 -3.81505
7.1008 2.84324 0.127826 -3.81808
7.1232 2.8461 0.127569 -3.82109
7.1456 2.84896 0.127313 -3.8241
7.168 2.85181 0.127059 -3.8271
7.1904 2.85465 0.126806 -3.83009
7.2128 2.85749 0.126555 -3.83307
7.2352 2.86032 0.126304 -3.83604
7.2576 2.86314 0.126055 -3.83901
7.28 2.86597 0.125807 -3.84196
7.3024 2.86878 0.12556 -3.84491
7.3248 2.87159 0.125315 -3.84785
7.3472 2.8744 0.12507 -3.85077
7.3696 2.87719 0.124827 -3.8537
7.392 2.87999 0.124585 -3.85661
7.4144 2.88278 0.124344 -3.85951
7.4368 2.88556 0.124105 -3.86241
7.4592 2.88834 0.123866 -3.86529
7.4816 2.89111 0.123629 -3.86817
7.504 2.89387 0.123392 -3.87104
7.5264 2.89664 0.123157 -3.8739
7.5488 2.89939 0.122923 -3.87676
7.5712 2.90214 0.12269 -3.8796
7.5936 2.90489 0.122459 -3.88244
7.616 2.90763 0.122228 -3.88527
7.6384 2.91036 0.121998 -3.88809
7.6608 2.91309 0.12177 -3.8909
7.6832 2.91582 0.121542 -3.89371
7.7056 2.91854 0.121316 -3.89651
7.728 2.92125 0.121091 -3.8993
7.7504 2.92396 0.120866 -3.90208
7.7728 2.92667 0.120643 -3.90485
7.7952 2.92937 0.120421 -3.90762
7.8176 2.93206 0.120199 -3.91038
7.84 2.93475 0.119979 -3.91313
7.8624 2.93744 0.11976 -3.91587
7.8848 2.94012 0.119542 -3.91861
7.9072 2.94279 0.119325 -3.92134
7.9296 2.94546 0.119108 -3.92406
7.952 2.94813 0.118893 -3.92678
7.9744 2.95079 0.118679 -3.92948
7.9968 2.95345 0.118465 -3.93218
8.0192 2.9561 0.118253 -3.93487
8.0416 2.95874 0.118042 -3.93756
8.064 2.96139 0.117831 -3.94024
8.0864 2.96402 0.117622 -3.94291
8.1088 2.96666 0.117413 -3.94557
8.1312 2.96928 0.117205 -3.94823
8.1536 2.97191 0.116999 -3.95088
8.176 2.97453 0.116793 -3.95352
8.1984 2.97714 0.116588 -3.95616
8.2208 2.97975 0.116384 -3.95878
8.2432 2.98235 0.11618 -3.96141
8.2656 2.98495 0.115978 -3.96402
8.288 2.98755 0.115777 -3.96663
8.3104 2.99014 0.115576 -3.96923
8.3328 2.99273 0.115377 -3.97182
8.3552 2.99531 0.115178 -3.97441
8.3776 2.99789 0.11498 -3.97699
8.4 3.00046 0.114783 -3.97957
8.4224 3.00303 0.114586 -3.98214
8.4448 3.00559 0.114391 -3.9847
8.4672 3.00815 0.114196 -3.98725
8.4896 3.01071 0.114003 -3.9898
8.512 3.01326 0.11381 -3.99234
8.5344 3.01581 0.113617 -3.99488
8.5568 3.01835 0.113426 -3.99741
8.5792 3.02089 0.113236 -3.99993
8.6016 3.02342 0.113046 -4.00244
8.624 3.02595 0.112857 -4.00495
8.6464 3.02848 0.112669 -4.00746
8.6688 3.031 0.112481 -4.00996
8.6912 3.03352 0.112295 -4.01245
8.7136 3.03603 0.112109 -4.01493
8.736 3.03854 0.111924 -4.01741
8.7584 3.04105 0.11174 -4.01988
8.7808 3.04355 0.111556 -4.02235
8.8032 3.04604 0.111373 -4.02481
8.8256 3.04854 0.111191 -4.02726
8.848 3.05103 0.11101 -4.02971
8.8704 3.05351 0.110829 -4.03215
8.8928 3.05599 0.11065 -4.03459
8.9152 3.05847 0.11047 -4.03702
8.9376 3.06094 0.110292 -4.03945
8.96 3.06341 0.110114 -4.04187
8.9824 3.06587 0.109937 -4.04428
9.0048 3.06833 0.109761 -4.04669
9.0272 3.07079 0.109586 -4.04909
9.0496 3.07324 0.109411 -4.05148
9.072 3.07569 0.109237 -4.05387
9.0944 3.07814 0.109063 -4.05626
9.1168 3.08058 0.10889 -4.05863
9.1392 3.08302 0.108718 -4.06101
9.1616 3.08545 0.108547 -4.06337
9.184 3.08788 0.108376 -4.06574
9.2064 3.0903 0.108206 -4.06809
9.2288 3.09273 0.108037 -4.07044
9.2512 3.09514 0.107868 -4.07279
9.2736 3.09756 0.1077 -4.07513
9.296 3.09997 0.107533 -4.07746
9.3184 3.10238 0.107366 -4.07979
9.3408 3.10478 0.1072 -4.08211
9.3632 3.10718 0.107034 -4.08443
9.3856 3.10957 0.106869 -4.08674
9.408 3.11197 0.106705 -4.08905
9.4304 3.11435 0.106542 -4.09135
9.4528 3.11674 0.106379 -4.09365
9.4752 3.11912 0.106216 -4.09594
9.4976 3.1215 0.106055 -4.09823
9.52 3.12387 0.105893 -4.10051
9.5424 3.12624 0.105733 -4.10278
9.5648 3.12861 0.105573 -4.10505
9.5872 3.13097 0.105414 -4.10732
9.6096 3.13333 0.105255 -4.10958
9.632 3.13569 0.105097 -4.11183
9.6544 3.13804 0.10494 -4.11408
9.6768 3.14039 0.104783 -4.11633
9.6992 3.14273 0.104626 -4.11857
9.7216 3.14508 0.104471 -4.1208
9.744 3.14741 0.104315 -4.12303
9.7664 3.14975 0.104161 -4.12526
9.7888 3.15208 0.104007 -4.12748
9.8112 3.15441 0.103853 -4.12969
9.8336 3.15673 0.1037 -4.1319
9.856 3.15905 0.103548 -4.13411
9.8784 3.16137 0.103396 -4.13631
9.9008 3.16369 0.103245 -4.13851
9.9232 3.166 0.103095 -4.1407
9.9456 3.16831 0.102944 -4.14288
9.968 3.17061 0.102795 -4.14506
9.9904 3.17291 0.102646 -4.14724
10.0128 3.17521 0.102497 -4.14941
10.0352 3.1775 0.102349 -4.15158
10.0576 3.17979 0.102202 -4.15374
10.08 3.18208 0.102055 -4.1559
10.1024 3.18437 0.101909 -4.15805
10.1248 3.18665 0.101763 -4.1602
10.1472 3.18892 0.101618 -4.16235
10.1696 3.1912 0.101473 -4.16449
10.192 3.19347 0.101328 -4.16662
10.2144 3.19574 0.101185 -4.16875
10.2368 3.198 0.101041 -4.17088
10.2592 3.20026 0.100899 -4.173
10.2816 3.20252 0.100756 -4.17511
10.304 3.20478 0.100615 -4.17723
10.3264 3.20703 0.100473 -4.17933
10.3488 3.20928 0.100333 -4.18144
10.3712 3.21153 0.100192 -4.18354
10.3936 3.21377 0.100053 -4.18563
10.416 3.21601 0.0999133 -4.18772
10.4384 3.21824 0.0997745 -4.18981
10.4608 3.22048 0.0996362 -4.19189
10.4832 3.22271 0.0994984 -4.19397
10.5056 3.22494 0.099361 -4.19604
10.528 3.22716 0.0992241 -4.19811
10.5504 3.22938 0.0990876 -4.20017
10.5728 3.2316 0.0989517 -4.20223
10.5952 3.23381 0.0988162 -4.20429
10.6176 3.23603 0.0986812 -4.20634
10.64 3.23823 0.0985466 -4.20839
10.6624 3.24044 0.0984125 -4.21043
10.6848 3.24264 0.0982788 -4.21247
10.7072 3.24484 0.0981456 -4.2145
10.7296 3.24704 0.0980128 -4.21653
10.752 3.24923 0.0978805 -4.21856
10.7744 3.25143 0.0977487 -4.22058
10.7968 3.25361 0.0976172 -4.2226
10.8192 3.2558 0.0974863 -4.22461
10.8416 3.25798 0.0973557 -4.22663
10.864 3.26016 0.0972256 -4.22863
10.8864 3.26234 0.0970959 -4.23063
10.9088 3.26451 0.0969667 -4.23263
10.9312 3.26668 0.0968379 -4.23463
10.9536 3.26885 0.0967095 -4.23662
10.976 3.27101 0.0965816 -4.2386
10.9984 3.27318 0.096454 -4.24059
11.0208 3.27533 0.0963269 -4.24256
11.0432 3.27749 0.0962002 -4.24454
11.0656 3.27964 0.0960739 -4.24651
11.088 3.2818 0.095948 -4.24848
11.1104 3.28394 0.0958226 -4.25044
11.1328 3.28609 0.0956975 -4.2524
11.1552 3.28823 0.0955729 -4.25435
11.1776 3.29037 0.0954487 -4.2563
11.2 3.29251 0.0953248 -4.25825
11.2224 3.29464 0.0952014 -4.2602
11.2448 3.29677 0.0950784 -4.26214
11.2672 3.2989 0.0949557 -4.26407
11.2896 3.30103 0.0948335 -4.26601
11.312 3.30315 0.0947116 -4.26793
11.3344 3.30527 0.0945902 -4.26986
11.3568 3.30739 0.0944691 -4.27178
11.3792 3.3095 0.0943484 -4.2737
11.4016 3.31161 0.0942281 -4.27561
11.424 3.31372 0.0941082 -4.27752
11.4464 3.31583 0.0939887 -4.27943
11.4688 3.31793 0.0938695 -4.28133
11.4912 3.32003 0.0937507 -4.28323
11.5136 3.32213 0.0936323 -4.28513
11.536 3.32423 0.0935143 -4.28702
11.5584 3.32632 0.0933966 -4.28891
11.5808 3.32841 0.0932793 -4.29079
11.6032 3.3305 0.0931624 -4.29268
11.6256 3.33259 0.0930459 -4.29455
11.648 3.33467 0.0929297 -4.29643
11.6704 3.33675 0.0928138 -4.2983
11.6928 3.33883 0.0926984 -4.30017
11.7152 3.3409 0.0925832 -4.30203
11.7376 3.34298 0.0924685 -4.30389
11.76 3.34505 0.0923541 -4.30575
11.7824 3.34711 0.09224 -4.3076
11.8048 3.34918 0.0921263 -4.30945
11.8272 3.35124 0.092013 -4.3113
11.8496 3.3533 0.0919 -4.31314
11.872 3.35536 0.0917873 -4.31498
11.8944 3.35741 0.091675 -4.31682
11.9168 3.35946 0.0915631 -4.31865
11.9392 3.36151 0.0914514 -4.32048
11.9616 3.36356 0.0913402 -4.32231
11.984 3.36561 0.0912292 -4.32413
12.0064 3.36765 0.0911186 -4.32595
12.0288 3.36969 0.0910083 -4.32777
12.0512 3.37173 0.0908984 -4.32958
12.0736 3.37376 0.0907888 -4.3314
12.096 3.37579 0.0906795 -4.3332
12.1184 3.37782 0.0905705 -4.33501
12.1408 3.37985 0.0904619 -4.33681
12.1632 3.38188 0.0903536 -4.3386
12.1856 3.3839 0.0902456 -4.3404
12.208 3.38592 0.090138 -4.34219
12.2304 3.38794 0.0900306 -4.34398
12.2528 3.38995 0.0899236 -4.34576
12.2752 3.39197 0.0898169 -4.34754
12.2976 3.39398 0.0897105 -4.34932
12.32 3.39598 0.0896045 -4.35109
12.3424 3.39799 0.0894987 -4.35287
12.3648 3.39999 0.0893933 -4.35463
12.3872 3.402 0.0892881 -4.3564
12.4096 3.40399 0.0891833 -4.35816
12.432 3.40599 0.0890788 -4.35992
12.4544 3.40798 0.0889746 -4.36168
12.4768 3.40998 0.0888707 -4.36343
12.4992 3.41197 0.0887671 -4.36518
12.5216 3.41395 0.0886637 -4.36693
12.544 3.41594 0.0885607 -4.36867
12.5664 3.41792 0.088458 -4.37041
12.5888 3.4199 0.0883556 -4.37215
12.6112 3.42188 0.0882535 -4.37388
12.6336 3.42385 0.0881517 -4.37562
12.656 3.42583 0.0880502 -4.37734
12.6784 3.4278 0.0879489 -4.37907
12.7008 3.42977 0.087848 -4.38079
12.7232 3.43174 0.0877473 -4.38251
12.7456 3.4337 0.087647 -4.38423
12.768 3.43566 0.0875469 -4.38594
12.7904 3.43762 0.0874471 -4.38765
12.8128 3.43958 0.0873476 -4.38936
12.8352 3.44153 0.0872484 -4.39107
12.8576 3.44349 0.0871494 -4.39277
12.88 3.44544 0.0870507 -4.39447
12.9024 3.44739 0.0869524 -4.39617
12.9248 3.44933 0.0868542 -4.39786
12.9472 3.45128 0.0867564 -4.39955
12.9696 3.45322 0.0866589 -4.40124
12.992 3.45516 0.0865616 -4.40292
13.0144 3.4571 0.0864646 -4.40461
13.0368 3.45903 0.0863678 -4.40629
13.0592 3.46097 0.0862713 -4.40796
13.0816 3.4629 0.0861751 -4.40964
13.104 3.46483 0.0860792 -4.41131
13.1264 3.46676 0.0859835 -4.41297
13.1488 3.46868 0.0858881 -4.41464
13.1712 3.4706 0.085793 -4.4163
13.1936 3.47252 0.0856981 -4.41796
13.216 3.47444 0.0856035 -4.41962
13.2384 3.47636 0.0855092 -4.42127
13.2608 3.47827 0.0854151 -4.42293
13.2832 3.48019 0.0853212 -4.42458
13.3056 3.4821 0.0852276 -4.42622
13.328 3.484 0.0851343 -4.42786
13.3504 3.48591 0.0850413 -4.42951
13.3728 3.48781 0.0849484 -4.43114
13.3952 3.48972 0.0848559 -4.43278
13.4176 3.49162 0.0847636 -4.43441
13.44 3.49351 0.0846715 -4.43604
13.4624 3.49541 0.0845797 -4.43767
13.4848 3.4973 0.0844882 -4.43929
13.5072 3.49919 0.0843968 -4.44092
13.5296 3.50108 0.0843058 -4.44254
13.552 3.50297 0.084215 -4.44415
13.5744 3.50486 0.0841244 -4.44577
13.5968 3.50674 0.084034 -4.44738
13.6192 3.50862 0.083944 -4.44899
13.6416 3.5105 0.0838541 -4.4506
13.664 3.51238 0.0837645 -4.4522
13.6864 3.51425 0.0836751 -4.4538
13.7088 3.51613 0.083586 -4.4554
13.7312 3.518 0.0834971 -4.457
13.7536 3.51987 0.0834084 -4.45859
13.776 3.52173 0.08332 -4.46018
13.7984 3.5236 0.0832318 -4.46177
13.8208 3.52546 0.0831439 -4.46336
13.8432 3.52732 0.0830561 -4.46494
13.8656 3.52918 0.0829686 -4.46652
13.888 3.53104 0.0828814 -4.4681
13.9104 3.5329 0.0827943 -4.46968
13.9328 3.53475 0.0827075 -4.47125
13.9552 3.5366 0.0826209 -4.47282
13.9776 3.53845 0.0825346 -4.47439
14 3.5403 0.0824485 -4.47596
14.0224 3.54215 0.0823626 -4.47752
14.0448 3.54399 0.0822769 -4.47908
14.0672 3.54583 0.0821914 -4.48064
14.0896 3.54767 0.0821062 -4.4822
14.112 3.54951 0.0820212 -4.48375
14.1344 3.55135 0.0819364 -4.4853
14.1568 3.55318 0.0818518 -4.48685
14.1792 3.55501 0.0817674 -4.4884
14.2016 3.55684 0.0816833 -4.48994
14.224 3.55867 0.0815994 -4.49149
14.2464 3.5605 0.0815156 -4.49302
14.2688 3.56233 0.0814321 -4.49456
14.2912 3.56415 0.0813489 -4.4961
14.3136 3.56597 0.0812658 -4.49763
14.336 3.56779 0.0811829 -4.49916
14.3584 3.56961 0.0811003 -4.50069
14.3808 3.57142 0.0810178 -4.50221
14.4032 3.57324 0.0809356 -4.50374
14.4256 3.57505 0.0808536 -4.50526
14.448 3.57686 0.0807718 -4.50678
14.4704 3.57867 0.0806902 -4.50829
14.4928 3.58047 0.0806088 -4.50981
14.5152 3.58228 0.0805276 -4.51132
14.5376 3.58408 0.0804466 -4.51283
14.56 3.58588 0.0803658 -4.51434
14.5824 3.58768 0.0802852 -4.51584
14.6048 3.58948 0.0802048 -4.51734
14.6272 3.59127 0.0801246 -4.51884
14.6496 3.59307 0.0800447 -4.52034
14.672 3.59486 0.0799649 -4.52184
14.6944 3.59665 0.0798853 -4.52333
14.7168 3.59844 0.0798059 -4.52482
14.7392 3.60023 0.0797267 -4.52631
14.7616 3.60201 0.0796477 -4.5278
14.784 3.60379 0.0795689 -4.52929
14.8064 3.60558 0.0794903 -4.53077
14.8288 3.60736 0.0794119 -4.53225
14.8512 3.60913 0.0793337 -4.53373
14.8736 3.61091 0.0792556 -4.5352
14.896 3.61268 0.0791778 -4.53668
14.9184 3.61446 0.0791002 -4.53815
14.9408 3.61623 0.0790227 -4.53962
14.9632 3.618 0.0789455 -4.54109
14.9856 3.61976 0.0788684 -4.54255
15.008 3.62153 0.0787915 -4.54401
15.0304 3.62329 0.0787148 -4.54548
15.0528 3.62506 0.0786383 -4.54693
15.0752 3.62682 0.0785619 -4.54839
15.0976 3.62858 0.0784858 -4.54985
15.12 3.63033 0.0784098 -4.5513
15.1424 3.63209 0.0783341 -4.55275
15.1648 3.63384 0.0782585 -4.5542
15.1872 3.6356 0.0781831 -4.55564
15.2096 3.63735 0.0781078 -4.55709
15.232 3.63909 0.0780328 -4.55853
15.2544 3.64084 0.0779579 -4.55997
15.2768 3.64259 0.0778832 -4.56141
15.2992 3.64433 0.0778087 -4.56284
15.3216 3.64607 0.0777344 -4.56428
15.344 3.64781 0.0776602 -4.56571
15.3664 3.64955 0.0775862 -4.56714
15.3888 3.65129 0.0775124 -4.56857
15.4112 3.65302 0.0774388 -4.56999
15.4336 3.65476 0.0773654 -4.57142
15.456 3.65649 0.0772921 -4.57284
15.4784 3.65822 0.077219 -4.57426
15.5008 3.65995 0.077146 -4.57567
15.5232 3.66168 0.0770733 -4.57709
15.5456 3.6634 0.0770007 -4.5785
15.568 3.66513 0.0769283 -4.57992
15.5904 3.66685 0.076856 -4.58132
15.6128 3.66857 0.0767839 -4.58273
15.6352 3.67029 0.076712 -4.58414
15.6576 3.67201 0.0766403 -4.58554
15.68 3.67372 0.0765687 -4.58694
15.7024 3.67544 0.0764973 -4.58834
15.7248 3.67715 0.0764261 -4.58974
15.7472 3.67886 0.076355 -4.59114
15.7696 3.68057 0.0762841 -4.59253
15.792 3.68228 0.0762133 -4.59392
15.8144 3.68398 0.0761427 -4.59531
15.8368 3.68569 0.0760723 -4.5967
15.8592 3.68739 0.0760021 -4.59809
15.8816 3.68909 0.075932 -4.59947
15.904 3.69079 0.075862 -4.60085
15.9264 3.69249 0.0757923 -4.60223
15.9488 3.69419 0.0757226 -4.60361
15.9712 3.69589 0.0756532 -4.60499
15.9936 3.69758 0.0755839 -4.60636
16.016 3.69927 0.0755148 -4.60774
16.0384 3.70096 0.0754458 -4.60911
16.0608 3.70265 0.075377 -4.61048
16.0832 3.70434 0.0753083 -4.61184
16.1056 3.70603 0.0752398 -4.61321
16.128 3.70771 0.0751714 -4.61457
16.1504 3.70939 0.0751032 -4.61593
16.1728 3.71107 0.0750352 -4.61729
16.1952 3.71275 0.0749673 -4.61865
16.2176 3.71443 0.0748996 -4.62001
16.24 3.71611 0.074832 -4.62136
16.2624 3.71779 0.0747645 -4.62271
16.2848 3.71946 0.0746973 -4.62406
16.3072 3.72113 0.0746301 -4.62541
16.3296 3.7228 0.0745632 -4.62676
16.352 3.72447 0.0744963 -4.6281
16.3744 3.72614 0.0744297 -4.62945
16.3968 3.72781 0.0743631 -4.63079
16.4192 3.72947 0.0742967 -4.63213
16.4416 3.73114 0.0742305 -4.63347
16.464 3.7328 0.0741644 -4.6348
16.4864 3.73446 0.0740985 -4.63614
16.5088 3.73612 0.0740327 -4.63747
16.5312 3.73777 0.0739671 -4.6388
16.5536 3.73943 0.0739016 -4.64013
16.576 3.74109 0.0738362 -4.64146
16.5984 3.74274 0.073771 -4.64278
16.6208 3.74439 0.0737059 -4.64411
16.6432 3.74604 0.073641 -4.64543
16.6656 3.74769 0.0735762 -4.64675
16.688 3.74934 0.0735116 -4.64807
16.7104 3.75098 0.0734471 -4.64938
16.7328 3.75263 0.0733827 -4.6507
16.7552 3.75427 0.0733185 -4.65201
16.7776 3.75591 0.0732544 -4.65332
16.8 3.75755 0.0731905 -4.65463
16.8224 3.75919 0.0731267 -4.65594
16.8448 3.76083 0.073063 -4.65725
16.8672 3.76246 0.0729995 -4.65855
16.8896 3.7641 0.0729361 -4.65986
16.912 3.76573 0.0728729 -4.66116
16.9344 3.76736 0.0728098 -4.66246
16.9568 3.76899 0.0727468 -4.66375
16.9792 3.77062 0.072684 -4.66505
17.0016 3.77225 0.0726213 -4.66634
17.024 3.77388 0.0725587 -4.66764
17.0464 3.7755 0.0724963 -4.66893
17.0688 3.77712 0.072434 -4.67022
17.0912 3.77875 0.0723718 -4.67151
17.1136 3.78037 0.0723098 -4.67279
17.136 3.78198 0.0722479 -4.67408
17.1584 3.7836 0.0721861 -4.67536
17.1808 3.78522 0.0721245 -4.67664
17.2032 3.78683 0.072063 -4.67792
17.2256 3.78845 0.0720016 -4.6792
17.248 3.79006 0.0719404 -4.68048
17.2704 3.79167 0.0718793 -4.68175
17.2928 3.79328 0.0718183 -4.68302
17.3152 3.79489 0.0717575 -4.6843
17.3376 3.79649 0.0716967 -4.68557
17.36 3.7981 0.0716361 -4.68683
17.3824 3.7997 0.0715757 -4.6881
17.4048 3.80131 0.0715153 -4.68937
17.4272 3.80291 0.0714551 -4.69063
17.4496 3.80451 0.0713951 -4.69189
17.472 3.80611 0.0713351 -4.69315
17.4944 3.8077 0.0712753 -4.69441
17.5168 3.8093 0.0712156 -4.69567
17.5392 3.81089 0.071156 -4.69692
17.5616 3.81249 0.0710965 -4.69818
17.584 3.81408 0.0710372 -4.69943
17.6064 3.81567 0.070978 -4.70068
17.6288 3.81726 0.0709189 -4.70193
17.6512 3.81885 0.0708599 -4.70318
17.6736 3.82043 0.0708011 -4.70442
17.696 3.82202 0.0707424 -4.70567
17.7184 3.8236 0.0706838 -4.70691
17.7408 3.82519 0.0706253 -4.70815
17.7632 3.82677 0.0705669 -4.70939
17.7856 3.82835 0.0705087 -4.71063
17.808 3.82993 0.0704506 -4.71187
17.8304 3.8315 0.0703926 -4.7131
17.8528 3.83308 0.0703347 -4.71434
17.8752 3.83465 0.0702769 -4.71557
17.8976 3.83623 0.0702193 -4.7168
17.92 3.8378 0.0701618 -4.71803
17.9424 3.83937 0.0701044 -4.71926
17.9648 3.84094 0.0700471 -4.72048
17.9872 3.84251 0.0699899 -4.72171
18.0096 3.84408 0.0699329 -4.72293
18.032 3.84564 0.0698759 -4.72415
18.0544 3.84721 0.0698191 -4.72537
18.0768 3.84877 0.0697624 -4.72659
18.0992 3.85033 0.0697058 -4.72781
18.1216 3.85189 0.0696493 -4.72903
18.144 3.85345 0.069593 -4.73024
18.1664 3.85501 0.0695367 -4.73145
18.1888 3.85657 0.0694806 -4.73266
18.2112 3.85812 0.0694246 -4.73387
18.2336 3.85968 0.0693687 -4.73508
18.256 3.86123 0.0693129 -4.73629
18.2784 3.86278 0.0692572 -4.7375
18.3008 3.86433 0.0692016 -4.7387
18.3232 3.86588 0.0691462 -4.7399
18.3456 3.86743 0.0690908 -4.7411
18.368 3.86898 0.0690356 -4.7423
18.3904 3.87052 0.0689804 -4.7435
18.4128 3.87207 0.0689254 -4.7447
18.4352 3.87361 0.0688705 -4.7459
18.4576 3.87515 0.0688157 -4.74709
18.48 3.87669 0.068761 -4.74828
18.5024 3.87823 0.0687064 -4.74947
18.5248 3.87977 0.068652 -4.75066
18.5472 3.88131 0.0685976 -4.75185
18.5696 3.88285 0.0685433 -4.75304
18.592 3.88438 0.0684892 -4.75422
18.6144 3.88591 0.0684351 -4.75541
18.6368 3.88745 0.0683812 -4.75659
18.6592 3.88898 0.0683274 -4.75777
18.6816 3.89051 0.0682736 -4.75895
18.704 3.89204 0.06822 -4.76013
18.7264 3.89356 0.0681665 -4.76131
18.7488 3.89509 0.0681131 -4.76248
18.7712 3.89662 0.0680598 -4.76366
18.7936 3.89814 0.0680066 -4.76483
18.816 3.89966 0.0679535 -4.766
18.8384 3.90118 0.0679005 -4.76717
18.8608 3.9027 0.0678476 -4.76834
18.8832 3.90422 0.0677948 -4.76951
18.9056 3.90574 0.0677421 -4.77068
18.928 3.90726 0.0676895 -4.77184
18.9504 3.90877 0.067637 -4.773
18.9728 3.91029 0.0675847 -4.77417
18.9952 3.9118 0.0675324 -4.77533
19.0176 3.91331 0.0674802 -4.77649
19.04 3.91482 0.0674281 -4.77765
19.0624 3.91633 0.0673761 -4.7788
19.0848 3.91784 0.0673243 -4.77996
19.1072 3.91935 0.0672725 -4.78111
19.1296 3.92086 0.0672208 -4.78226
19.152 3.92236 0.0671692 -4.78342
19.1744 3.92387 0.0671177 -4.78457
19.1968 3.92537 0.0670664 -4.78572
19.2192 3.92687 0.0670151 -4.78686
19.2416 3.92837 0.0669639 -4.78801
19.264 3.92987 0.0669128 -4.78915
19.2864 3.93137 0.0668618 -4.7903
19.3088 3.93287 0.0668109 -4.79144
19.3312 3.93436 0.0667601 -4.79258
19.3536 3.93586 0.0667094 -4.79372
19.376 3.93735 0.0666588 -4.79486
19.3984 3.93884 0.0666083 -4.796
19.4208 3.94033 0.0665579 -4.79713
19.4432 3.94182 0.0665076 -4.79827
19.4656 3.94331 0.0664574 -4.7994
19.488 3.9448 0.0664072 -4.80053
19.5104 3.94629 0.0663572 -4.80166
19.5328 3.94778 0.0663073 -4.80279
19.5552 3.94926 0.0662574 -4.80392
19.5776 3.95074 0.0662077 -4.80505
19.6 3.95223 0.066158 -4.80617
19.6224 3.95371 0.0661084 -4.8073
19.6448 3.95519 0.066059 -4.80842
19.6672 3.95667 0.0660096 -4.80954
19.6896 3.95814 0.0659603 -4.81066
19.712 3.95962 0.0659111 -4.81178
19.7344 3.9611 0.065862 -4.8129
19.7568 3.96257 0.065813 -4.81402
19.7792 3.96405 0.065764 -4.81513
19.8016 3.96552 0.0657152 -4.81625
19.824 3.96699 0.0656665 -4.81736
19.8464 3.96846 0.0656178 -4.81847
19.8688 3.96993 0.0655693 -4.81958
19.8912 3.9714 0.0655208 -4.82069
19.9136 3.97287 0.0654724 -4.8218
19.936 3.97433 0.0654241 -4.8229
19.9584 3.9758 0.0653759 -4.82401
19.9808 3.97726 0.0653278 -4.82511
20.0032 3.97872 0.0652798 -4.82622
20.0256 3.98018 0.0652318 -4.82732
20.048 3.98165 0.065184 -4.82842
20.0704 3.9831 0.0651362 -4.82952
20.0928 3.98456 0.0650885 -4.83062
20.1152 3.98602 0.065041 -4.83172
20.1376 3.98748 0.0649935 -4.83281
20.16 3.98893 0.064946 -4.83391
20.1824 3.99039 0.0648987 -4.835
20.2048 3.99184 0.0648515 -4.83609
20.2272 3.99329 0.0648043 -4.83718
20.2496 3.99474 0.0647572 -4.83827
20.272 3.99619 0.0647103 -4.83936
20.2944 3.99764 0.0646634 -4.84045
20.3168 3.99909 0.0646165 -4.84154
20.3392 4.00054 0.0645698 -4.84262
20.3616 4.00198 0.0645232 -4.84371
20.384 4.00343 0.0644766 -4.84479
20.4064 4.00487 0.0644301 -4.84587
20.4288 4.00631 0.0643837 -4.84695
20.4512 4.00776 0.0643374 -4.84803
20.4736 4.0092 0.0642912 -4.84911
20.496 4.01064 0.064245 -4.85019
20.5184 4.01207 0.064199 -4.85126
20.5408 4.01351 0.064153 -4.85234
20.5632 4.01495 0.0641071 -4.85341
20.5856 4.01638 0.0640613 -4.85448
20.608 4.01782 0.0640156 -4.85555
20.6304 4.01925 0.0639699 -4.85662
20.6528 4.02068 0.0639243 -4.85769
20.6752 4.02212 0.0638788 -4.85876
20.6976 4.02355 0.0638334 -4.85983
20.72 4.02498 0.0637881 -4.86089
20.7424 4.0264 0.0637429 -4.86196
20.7648 4.02783 0.0636977 -4.86302
20.7872 4.02926 0.0636526 -4.86408
20.8096 4.03068 0.0636076 -4.86514
20.832 4.03211 0.0635627 -4.8662
20.8544 4.03353 0.0635178 -4.86726
20.8768 4.03495 0.063473 -4.86832
20.8992 4.03637 0.0634284 -4.86938
20.9216 4.03779 0.0633837 -4.87043
20.944 4.03921 0.0633392 -4.87149
20.9664 4.04063 0.0632947 -4.87254
20.9888 4.04205 0.0632504 -4.87359
21.0112 4.04347 0.0632061 -4.87464
21.0336 4.04488 0.0631618 -4.87569
21.056 4.0463 0.0631177 -4.87674
21.0784 4.04771 0.0630736 -4.87779
21.1008 4.04912 0.0630296 -4.87884
21.1232 4.05053 0.0629857 -4.87988
21.1456 4.05194 0.0629419 -4.88093
21.168 4.05335 0.0628981 -4.88197
21.1904 4.05476 0.0628544 -4.88301
21.2128 4.05617 0.0628108 -4.88405
21.2352 4.05757 0.0627673 -4.88509
21.2576 4.05898 0.0627238 -4.88613
21.28 4.06038 0.0626804 -4.88717
21.3024 4.06179 0.0626371 -4.88821
21.3248 4.06319 0.0625939 -4.88924
21.3472 4.06459 0.0625507 -4.89028
21.3696 4.06599 0.0625076 -4.89131
21.392 4.06739 0.0624646 -4.89234
21.4144 4.06879 0.0624217 -4.89338
21.4368 4.07019 0.0623788 -4.89441
21.4592 4.07159 0.062336 -4.89544
21.4816 4.07298 0.0622933 -4.89646
21.504 4.07438 0.0622507 -4.89749
21.5264 4.07577 0.0622081 -4.89852
21.5488 4.07716 0.0621656 -4.89954
21.5712 4.07856 0.0621232 -4.90057
21.5936 4.07995 0.0620808 -4.90159
21.616 4.08134 0.0620385 -4.90261
21.6384 4.08273 0.0619963 -4.90363
21.6608 4.08411 0.0619542 -4.90465
21.6832 4.0855 0.0619121 -4.90567
21.7056 4.08689 0.0618701 -4.90669
21.728 4.08827 0.0618282 -4.90771
21.7504 4.08966 0.0617863 -4.90872
21.7728 4.09104 0.0617446 -4.90974
21.7952 4.09242 0.0617029 -4.91075
21.8176 4.09381 0.0616612 -4.91176
21.84 4.09519 0.0616196 -4.91277
21.8624 4.09657 0.0615781 -4.91379
21.8848 4.09795 0.0615367 -4.91479
21.9072 4.09932 0.0614953 -4.9158
21.9296 4.1007 0.061454 -4.91681
21.952 4.10208 0.0614128 -4.91782
21.9744 4.10345 0.0613717 -4.91882
21.9968 4.10483 0.0613306 -4.91983
22.0192 4.1062 0.0612896 -4.92083
22.0416 4.10757 0.0612486 -4.92183
22.064 4.10894 0.0612077 -4.92284
22.0864 4.11031 0.0611669 -4.92384
22.1088 4.11168 0.0611262 -4.92484
22.1312 4.11305 0.0610855 -4.92583
22.1536 4.11442 0.0610449 -4.92683
22.176 4.11579 0.0610044 -4.92783
22.1984 4.11715 0.0609639 -4.92882
22.2208 4.11852 0.0609235 -4.92982
22.2432 4.11988 0.0608831 -4.93081
22.2656 4.12125 0.0608429 -4.9318
22.288 4.12261 0.0608027 -4.9328
22.3104 4.12397 0.0607625 -4.93379
22.3328 4.12533 0.0607224 -4.93478
22.3552 4.12669 0.0606824 -4.93577
22.3776 4.12805 0.0606425 -4.93675
22.4 4.12941 0.0606026 -4.93774
