-2.44 0.00734892 0.000202832 23.462 4.95668e-17
-2.43756 0.00734955 0.000313471 22.5909 2.82906e-16
-2.43512 0.00735045 0.000424078 21.986 9.4819e-16
-2.43268 0.00735162 0.000534648 21.5221 2.39709e-15
-2.43024 0.00735306 0.000645176 21.1456 5.08701e-15
-2.4278 0.00735477 0.000755659 20.8287 9.58124e-15
-2.42536 0.00735675 0.000866097 20.555 1.65491e-14
-2.42292 0.007359 0.000976486 20.3141 2.67662e-14
-2.42048 0.00736151 0.00108683 20.099 4.11145e-14
-2.41804 0.0073643 0.00119712 19.9046 6.05827e-14
-2.4156 0.00736736 0.00130736 19.7273 8.62663e-14
-2.41316 0.00737068 0.00141756 19.5642 1.19368e-13
-2.41072 0.00737427 0.00152771 19.4133 1.61198e-13
-2.40828 0.00737814 0.00163781 19.2727 2.13174e-13
-2.40584 0.00738227 0.00174788 19.1413 2.76821e-13
-2.4034 0.00738667 0.00185789 19.0177 3.53774e-13
-2.40096 0.00739133 0.00196787 18.9012 4.45776e-13
-2.39852 0.00739627 0.00207781 18.7909 5.54677e-13
-2.39608 0.00740147 0.00218772 18.6862 6.82439e-13
-2.39364 0.00740694 0.0022976 18.5866 8.31132e-13
-2.3912 0.00741268 0.00240744 18.4914 1.00294e-12
-2.38876 0.00741869 0.00251726 18.4005 1.20014e-12
-2.38632 0.00742497 0.00262706 18.3133 1.42516e-12
-2.38388 0.00743151 0.00273683 18.2296 1.68048e-12
-2.38144 0.00743832 0.00284659 18.149 1.96875e-12
-2.379 0.0074454 0.00295634 18.0714 2.2927e-12
-2.37656 0.00745275 0.00306607 17.9966 2.65518e-12
-2.37412 0.00746037 0.0031758 17.9242 3.05914e-12
-2.37168 0.00746825 0.00328553 17.8542 3.50768e-12
-2.36924 0.0074764 0.00339526 17.7864 4.00397e-12
-2.3668 0.00748482 0.003505 17.7207 4.55131e-12
-2.36436 0.0074935 0.00361475 17.6568 5.15314e-12
-2.36192 0.00750246 0.00372451 17.5948 5.81299e-12
-2.35948 0.00751168 0.00383429 17.5345 6.5345e-12
-2.35704 0.00752117 0.00394409 17.4757 7.32145e-12
-2.3546 0.00753093 0.00405391 17.4185 8.17773e-12
-2.35216 0.00754095 0.00416377 17.3626 9.10734e-12
-2.34972 0.00755125 0.00427366 17.3082 1.01144e-11
-2.34728 0.00756181 0.0043836 17.2549 1.12032e-11
-2.34484 0.00757264 0.00449357 17.2029 1.2378e-11
-2.3424 0.00758374 0.00460359 17.1521 1.36433e-11
-2.33996 0.0075951 0.00471367 17.1023 1.50039e-11
-2.33752 0.00760674 0.0048238 17.0536 1.64643e-11
-2.33508 0.00761864 0.004934 17.0058 1.80294e-11
-2.33264 0.00763082 0.00504426 16.959 1.97043e-11
-2.3302 0.00764326 0.00515459 16.9131 2.1494e-11
-2.32776 0.00765597 0.00526499 16.868 2.34037e-11
-2.32532 0.00766895 0.00537548 16.8238 2.54389e-11
-2.32288 0.0076822 0.00548605 16.7803 2.76049e-11
-2.32044 0.00769573 0.0055967 16.7376 2.99075e-11
-2.318 0.00770952 0.00570745 16.6957 3.23523e-11
-2.31556 0.00772358 0.0058183 16.6544 3.49453e-11
-2.31312 0.00773791 0.00592926 16.6138 3.76924e-11
-2.31068 0.00775251 0.00604032 16.5738 4.05998e-11
-2.30824 0.00776739 0.00615149 16.5344 4.36738e-11
-2.3058 0.00778253 0.00626278 16.4956 4.69208e-11
-2.30336 0.00779795 0.00637419 16.4574 5.03473e-11
-2.30092 0.00781364 0.00648572 16.4198 5.396e-11
-2.29848 0.0078296 0.00659739 16.3826 5.77658e-11
-2.29604 0.00784583 0.00670919 16.346 6.17717e-11
-2.2936 0.00786234 0.00682113 16.3099 6.59847e-11
-2.29116 0.00787912 0.00693322 16.2742 7.04121e-11
-2.28872 0.00789617 0.00704546 16.239 7.50614e-11
-2.28628 0.0079135 0.00715785 16.2042 7.994e-11
-2.28384 0.00793111 0.0072704 16.1699 8.50558e-11
-2.2814 0.00794898 0.00738311 16.1359 9.04164e-11
-2.27896 0.00796714 0.00749599 16.1024 9.60301e-11
-2.27652 0.00798556 0.00760905 16.0692 1.01905e-10
-2.27408 0.00800427 0.00772228 16.0364 1.08049e-10
-2.27164 0.00802325 0.0078357 16.004 1.14471e-10
-2.2692 0.00804251 0.00794931 15.972 1.2118e-10
-2.26676 0.00806204 0.0080631 15.9402 1.28184e-10
-2.26432 0.00808185 0.00817709 15.9088 1.35492e-10
-2.26188 0.00810195 0.00829129 15.8777 1.43114e-10
-2.25944 0.00812232 0.00840569 15.8469 1.51058e-10
-2.257 0.00814297 0.0085203 15.8165 1.59335e-10
-2.25456 0.00816389 0.00863513 15.7863 1.67953e-10
-2.25212 0.0081851 0.00875018 15.7564 1.76923e-10
-2.24968 0.0082066 0.00886546 15.7267 1.86255e-10
-2.24724 0.00822837 0.00898096 15.6974 1.95958e-10
-2.2448 0.00825042 0.0090967 15.6683 2.06044e-10
-2.24236 0.00827276 0.00921268 15.6394 2.16522e-10
-2.23992 0.00829538 0.0093289 15.6108 2.27404e-10
-2.23748 0.00831829 0.00944537 15.5824 2.387e-10
-2.23504 0.00834147 0.0095621 15.5543 2.50422e-10
-2.2326 0.00836495 0.00967908 15.5263 2.6258e-10
-2.23016 0.00838871 0.00979633 15.4986 2.75186e-10
-2.22772 0.00841276 0.00991385 15.4712 2.88253e-10
-2.22528 0.00843709 0.0100316 15.4439 3.01791e-10
-2.22284 0.00846171 0.0101497 15.4168 3.15813e-10
-2.2204 0.00848662 0.0102681 15.3899 3.30331e-10
-2.21796 0.00851182 0.0103867 15.3632 3.45358e-10
-2.21552 0.00853731 0.0105056 15.3367 3.60907e-10
-2.21308 0.00856309 0.0106248 15.3104 3.7699e-10
-2.21064 0.00858916 0.0107444 15.2843 3.9362e-10
-2.2082 0.00861552 0.0108642 15.2583 4.10812e-10
-2.20576 0.00864217 0.0109843 15.2325 4.28578e-10
-2.20332 0.00866912 0.0111048 15.2068 4.46933e-10
-2.20088 0.00869637 0.0112256 15.1814 4.6589e-10
-2.19844 0.0087239 0.0113467 15.156 4.85465e-10
-2.196 0.00875174 0.0114681 15.1309 5.05671e-10
-2.19356 0.00877987 0.0115899 15.1059 5.26524e-10
-2.19112 0.0088083 0.011712 15.081 5.48038e-10
-2.18868 0.00883702 0.0118344 15.0563 5.70229e-10
-2.18624 0.00886605 0.0119572 15.0317 5.93113e-10
-2.1838 0.00889537 0.0120804 15.0072 6.16704e-10
-2.18136 0.008925 0.0122039 14.9829 6.41021e-10
-2.17892 0.00895493 0.0123277 14.9587 6.66078e-10
-2.17648 0.00898516 0.012452 14.9346 6.91893e-10
-2.17404 0.0090157 0.0125766 14.9107 7.18483e-10
-2.1716 0.00904653 0.0127016 14.8869 7.45865e-10
-2.16916 0.00907768 0.0128269 14.8632 7.74056e-10
-2.16672 0.00910913 0.0129527 14.8396 8.03074e-10
-2.16428 0.00914089 0.0130789 14.8161 8.32938e-10
-2.16184 0.00917296 0.0132054 14.7927 8.63665e-10
-2.1594 0.00920533 0.0133323 14.7695 8.95276e-10
-2.15696 0.00923802 0.0134597 14.7463 9.27788e-10
-2.15452 0.00927102 0.0135875 14.7233 9.61221e-10
-2.15208 0.00930432 0.0137156 14.7003 9.95595e-10
-2.14964 0.00933795 0.0138442 14.6775 1.03093e-09
-2.1472 0.00937189 0.0139733 14.6547 1.06725e-09
-2.14476 0.00940614 0.0141027 14.6321 1.10457e-09
-2.14232 0.00944071 0.0142326 14.6095 1.14291e-09
-2.13988 0.00947559 0.0143629 14.587 1.1823e-09
-2.13744 0.0095108 0.0144937 14.5646 1.22275e-09
-2.135 0.00954632 0.0146249 14.5423 1.26429e-09
-2.13256 0.00958217 0.0147566 14.5201 1.30695e-09
-2.13012 0.00961834 0.0148888 14.498 1.35073e-09
-2.12768 0.00965483 0.0150214 14.4759 1.39568e-09
-2.12524 0.00969164 0.0151544 14.454 1.44181e-09
-2.1228 0.00972878 0.015288 14.4321 1.48914e-09
-2.12036 0.00976625 0.015422 14.4103 1.5377e-09
-2.11792 0.00980404 0.0155565 14.3885 1.58752e-09
-2.11548 0.00984216 0.0156915 14.3669 1.63862e-09
-2.11304 0.00988061 0.015827 14.3453 1.69103e-09
-2.1106 0.0099194 0.015963 14.3238 1.74476e-09
-2.10816 0.00995851 0.0160995 14.3023 1.79986e-09
-2.10572 0.00999796 0.0162365 14.2809 1.85635e-09
-2.10328 0.0100377 0.016374 14.2596 1.91424e-09
-2.10084 0.0100779 0.016512 14.2384 1.97359e-09
-2.0984 0.0101183 0.0166506 14.2172 2.0344e-09
-2.09596 0.0101591 0.0167897 14.1961 2.09671e-09
-2.09352 0.0102003 0.0169293 14.175 2.16055e-09
-2.09108 0.0102417 0.0170694 14.154 2.22595e-09
-2.08864 0.0102836 0.0172101 14.1331 2.29294e-09
-2.0862 0.0103257 0.0173514 14.1122 2.36156e-09
-2.08376 0.0103682 0.0174932 14.0914 2.43182e-09
-2.08132 0.0104111 0.0176356 14.0706 2.50378e-09
-2.07888 0.0104543 0.0177785 14.0499 2.57744e-09
-2.07644 0.0104979 0.017922 14.0292 2.65287e-09
-2.074 0.0105418 0.0180661 14.0086 2.73007e-09
-2.07156 0.010586 0.0182107 13.9881 2.8091e-09
-2.06912 0.0106306 0.0183559 13.9676 2.88998e-09
-2.06668 0.0106756 0.0185018 13.9471 2.97275e-09
-2.06424 0.0107209 0.0186482 13.9267 3.05745e-09
-2.0618 0.0107666 0.0187952 13.9064 3.14411e-09
-2.05936 0.0108126 0.0189428 13.8861 3.23277e-09
-2.05692 0.010859 0.0190911 13.8658 3.32348e-09
-2.05448 0.0109058 0.0192399 13.8456 3.41626e-09
-2.05204 0.0109529 0.0193894 13.8254 3.51116e-09
-2.0496 0.0110004 0.0195395 13.8053 3.60821e-09
-2.04716 0.0110483 0.0196902 13.7852 3.70747e-09
-2.04472 0.0110965 0.0198416 13.7652 3.80896e-09
-2.04228 0.0111451 0.0199936 13.7452 3.91274e-09
-2.03984 0.0111941 0.0201463 13.7252 4.01884e-09
-2.0374 0.0112434 0.0202996 13.7053 4.12732e-09
-2.03496 0.0112931 0.0204535 13.6855 4.23821e-09
-2.03252 0.0113432 0.0206082 13.6656 4.35155e-09
-2.03008 0.0113937 0.0207635 13.6458 4.4674e-09
-2.02764 0.0114446 0.0209194 13.6261 4.58581e-09
-2.0252 0.0114958 0.0210761 13.6063 4.70681e-09
-2.02276 0.0115474 0.0212334 13.5867 4.83047e-09
-2.02032 0.0115994 0.0213915 13.567 4.95682e-09
-2.01788 0.0116518 0.0215502 13.5474 5.08592e-09
-2.01544 0.0117046 0.0217096 13.5278 5.21782e-09
-2.013 0.0117578 0.0218698 13.5083 5.35257e-09
-2.01056 0.0118113 0.0220306 13.4888 5.49022e-09
-2.00812 0.0118653 0.0221922 13.4693 5.63083e-09
-2.00568 0.0119196 0.0223545 13.4498 5.77446e-09
-2.00324 0.0119744 0.0225175 13.4304 5.92115e-09
-2.0008 0.0120295 0.0226813 13.411 6.07097e-09
-1.99836 0.012085 0.0228458 13.3917 6.22397e-09
-1.99592 0.012141 0.023011 13.3723 6.38022e-09
-1.99348 0.0121973 0.023177 13.353 6.53976e-09
-1.99104 0.0122541 0.0233438 13.3338 6.70266e-09
-1.9886 0.0123112 0.0235113 13.3145 6.86899e-09
-1.98616 0.0123688 0.0236796 13.2953 7.03881e-09
-1.98372 0.0124268 0.0238487 13.2762 7.21218e-09
-1.98128 0.0124852 0.0240185 13.257 7.38916e-09
-1.97884 0.012544 0.0241892 13.2379 7.56982e-09
-1.9764 0.0126032 0.0243606 13.2188 7.75423e-09
-1.97396 0.0126629 0.0245329 13.1997 7.94246e-09
-1.97152 0.012723 0.0247059 13.1806 8.13458e-09
-1.96908 0.0127835 0.0248797 13.1616 8.33065e-09
-1.96664 0.0128444 0.0250544 13.1426 8.53075e-09
-1.9642 0.0129057 0.0252299 13.1237 8.73496e-09
-1.96176 0.0129675 0.0254062 13.1047 8.94335e-09
-1.95932 0.0130297 0.0255834 13.0858 9.15599e-09
-1.95688 0.0130924 0.0257614 13.0669 9.37296e-09
-1.95444 0.0131554 0.0259402 13.048 9.59434e-09
-1.952 0.0132189 0.0261199 13.0291 9.82021e-09
-1.94956 0.0132829 0.0263005 13.0103 1.00507e-08
-1.94712 0.0133473 0.0264819 12.9915 1.02858e-08
-1.94468 0.0134121 0.0266642 12.9727 1.05256e-08
-1.94224 0.0134774 0.0268474 12.9539 1.07703e-08
-1.9398 0.0135431 0.0270314 12.9352 1.10198e-08
-1.93736 0.0136093 0.0272164 12.9164 1.12744e-08
-1.93492 0.013676 0.0274022 12.8977 1.15341e-08
-1.93248 0.013743 0.027589 12.879 1.17989e-08
-1.93004 0.0138106 0.0277766 12.8603 1.2069e-08
-1.9276 0.0138786 0.0279652 12.8417 1.23445e-08
-1.92516 0.0139471 0.0281547 12.8231 1.26255e-08
-1.92272 0.014016 0.0283451 12.8044 1.2912e-08
-1.92028 0.0140854 0.0285365 12.7858 1.32042e-08
-1.91784 0.0141553 0.0287288 12.7673 1.35022e-08
-1.9154 0.0142256 0.0289221 12.7487 1.38061e-08
-1.91296 0.0142964 0.0291163 12.7302 1.41159e-08
-1.91052 0.0143677 0.0293115 12.7116 1.44318e-08
-1.90808 0.0144394 0.0295076 12.6931 1.47539e-08
-1.90564 0.0145117 0.0297047 12.6746 1.50823e-08
-1.9032 0.0145844 0.0299028 12.6562 1.54171e-08
-1.90076 0.0146576 0.0301019 12.6377 1.57585e-08
-1.89832 0.0147313 0.030302 12.6193 1.61065e-08
-1.89588 0.0148055 0.0305031 12.6008 1.64613e-08
-1.89344 0.0148801 0.0307052 12.5824 1.6823e-08
-1.891 0.0149553 0.0309083 12.564 1.71917e-08
-1.88856 0.015031 0.0311124 12.5456 1.75676e-08
-1.88612 0.0151071 0.0313176 12.5273 1.79507e-08
-1.88368 0.0151838 0.0315238 12.5089 1.83412e-08
-1.88124 0.015261 0.031731 12.4906 1.87392e-08
-1.8788 0.0153387 0.0319393 12.4722 1.9145e-08
-1.87636 0.0154168 0.0321486 12.4539 1.95585e-08
-1.87392 0.0154955 0.0323591 12.4356 1.99799e-08
-1.87148 0.0155748 0.0325706 12.4173 2.04095e-08
-1.86904 0.0156545 0.0327831 12.3991 2.08473e-08
-1.8666 0.0157347 0.0329968 12.3808 2.12934e-08
-1.86416 0.0158155 0.0332115 12.3626 2.17481e-08
-1.86172 0.0158968 0.0334274 12.3443 2.22115e-08
-1.85928 0.0159786 0.0336443 12.3261 2.26837e-08
-1.85684 0.016061 0.0338624 12.3079 2.31648e-08
-1.8544 0.0161439 0.0340816 12.2897 2.36552e-08
-1.85196 0.0162273 0.0343019 12.2715 2.41548e-08
-1.84952 0.0163113 0.0345234 12.2534 2.4664e-08
-1.84708 0.0163958 0.034746 12.2352 2.51827e-08
-1.84464 0.0164808 0.0349697 12.2171 2.57113e-08
-1.8422 0.0165665 0.0351947 12.1989 2.62499e-08
-1.83976 0.0166526 0.0354208 12.1808 2.67987e-08
-1.83732 0.0167393 0.035648 12.1627 2.73578e-08
-1.83488 0.0168266 0.0358765 12.1446 2.79275e-08
-1.83244 0.0169144 0.0361061 12.1265 2.85078e-08
-1.83 0.0170028 0.036337 12.1084 2.90991e-08
-1.82756 0.0170917 0.036569 12.0903 2.97015e-08
-1.82512 0.0171812 0.0368023 12.0723 3.03152e-08
-1.82268 0.0172713 0.0370367 12.0542 3.09405e-08
-1.82024 0.017362 0.0372724 12.0362 3.15774e-08
-1.8178 0.0174532 0.0375094 12.0181 3.22262e-08
-1.81536 0.017545 0.0377476 12.0001 3.28872e-08
-1.81292 0.0176374 0.037987 11.9821 3.35605e-08
-1.81048 0.0177304 0.0382278 11.9641 3.42464e-08
-1.80804 0.017824 0.0384697 11.9461 3.49451e-08
-1.8056 0.0179181 0.038713 11.9281 3.56568e-08
-1.80316 0.0180129 0.0389575 11.9102 3.63817e-08
-1.80072 0.0181082 0.0392034 11.8922 3.71201e-08
-1.79828 0.0182042 0.0394505 11.8742 3.78723e-08
-1.79584 0.0183008 0.039699 11.8563 3.86384e-08
-1.7934 0.0183979 0.0399488 11.8383 3.94187e-08
-1.79096 0.0184957 0.0401999 11.8204 4.02134e-08
-1.78852 0.0185941 0.0404523 11.8025 4.10229e-08
-1.78608 0.0186931 0.0407061 11.7846 4.18474e-08
-1.78364 0.0187927 0.0409613 11.7667 4.26871e-08
-1.7812 0.018893 0.0412178 11.7488 4.35423e-08
-1.77876 0.0189939 0.0414756 11.7309 4.44133e-08
-1.77632 0.0190954 0.0417349 11.713 4.53003e-08
-1.77388 0.0191976 0.0419955 11.6951 4.62038e-08
-1.77144 0.0193003 0.0422576 11.6773 4.71238e-08
-1.769 0.0194038 0.042521 11.6594 4.80608e-08
-1.76656 0.0195078 0.0427859 11.6415 4.9015e-08
-1.76412 0.0196126 0.0430522 11.6237 4.99867e-08
-1.76168 0.0197179 0.0433199 11.6058 5.09763e-08
-1.75924 0.019824 0.0435891 11.588 5.19841e-08
-1.7568 0.0199307 0.0438597 11.5702 5.30103e-08
-1.75436 0.020038 0.0441318 11.5524 5.40554e-08
-1.75192 0.020146 0.0444053 11.5346 5.51196e-08
-1.74948 0.0202547 0.0446803 11.5168 5.62032e-08
-1.74704 0.0203641 0.0449569 11.499 5.73067e-08
-1.7446 0.0204741 0.0452349 11.4812 5.84304e-08
-1.74216 0.0205848 0.0455144 11.4634 5.95745e-08
-1.73972 0.0206962 0.0457954 11.4456 6.07396e-08
-1.73728 0.0208083 0.046078 11.4278 6.19259e-08
-1.73484 0.0209211 0.0463621 11.4101 6.31339e-08
-1.7324 0.0210345 0.0466477 11.3923 6.43639e-08
-1.72996 0.0211487 0.0469349 11.3745 6.56163e-08
-1.72752 0.0212636 0.0472237 11.3568 6.68914e-08
-1.72508 0.0213792 0.047514 11.3391 6.81898e-08
-1.72264 0.0214955 0.0478059 11.3213 6.95118e-08
-1.7202 0.0216125 0.0480994 11.3036 7.08578e-08
-1.71776 0.0217302 0.0483945 11.2859 7.22283e-08
-1.71532 0.0218486 0.0486913 11.2681 7.36236e-08
-1.71288 0.0219678 0.0489896 11.2504 7.50442e-08
-1.71044 0.0220877 0.0492896 11.2327 7.64907e-08
-1.708 0.0222083 0.0495912 11.215 7.79633e-08
-1.70556 0.0223297 0.0498945 11.1973 7.94626e-08
-1.70312 0.0224518 0.0501995 11.1796 8.09891e-08
-1.70068 0.0225747 0.0505061 11.1619 8.25431e-08
-1.69824 0.0226983 0.0508144 11.1442 8.41253e-08
-1.6958 0.0228227 0.0511244 11.1266 8.57361e-08
-1.69336 0.0229478 0.0514361 11.1089 8.73761e-08
-1.69092 0.0230737 0.0517495 11.0912 8.90456e-08
-1.68848 0.0232003 0.0520647 11.0735 9.07453e-08
-1.68604 0.0233277 0.0523815 11.0559 9.24756e-08
-1.6836 0.0234559 0.0527002 11.0382 9.42372e-08
-1.68116 0.0235849 0.0530206 11.0206 9.60305e-08
-1.67872 0.0237147 0.0533427 11.0029 9.78562e-08
-1.67628 0.0238452 0.0536667 10.9853 9.97148e-08
-1.67384 0.0239766 0.0539924 10.9677 1.01607e-07
-1.6714 0.0241087 0.05432 10.95 1.03533e-07
-1.66896 0.0242417 0.0546493 10.9324 1.05494e-07
-1.66652 0.0243754 0.0549805 10.9148 1.0749e-07
-1.66408 0.02451 0.0553135 10.8971 1.09521e-07
-1.66164 0.0246453 0.0556483 10.8795 1.1159e-07
-1.6592 0.0247815 0.0559851 10.8619 1.13695e-07
-1.65676 0.0249185 0.0563236 10.8443 1.15839e-07
-1.65432 0.0250564 0.0566641 10.8267 1.18021e-07
-1.65188 0.0251951 0.0570065 10.8091 1.20242e-07
-1.64944 0.0253346 0.0573507 10.7915 1.22502e-07
-1.647 0.0254749 0.0576969 10.7739 1.24804e-07
-1.64456 0.0256162 0.058045 10.7563 1.27146e-07
-1.64212 0.0257582 0.0583951 10.7387 1.29531e-07
-1.63968 0.0259011 0.0587471 10.7212 1.31958e-07
-1.63724 0.0260449 0.059101 10.7036 1.34429e-07
-1.6348 0.0261895 0.059457 10.686 1.36944e-07
-1.63236 0.026335 0.0598149 10.6684 1.39504e-07
-1.62992 0.0264814 0.0601748 10.6509 1.4211e-07
-1.62748 0.0266287 0.0605367 10.6333 1.44762e-07
-1.62504 0.0267769 0.0609007 10.6157 1.47462e-07
-1.6226 0.0269259 0.0612667 10.5982 1.5021e-07
-1.62016 0.0270758 0.0616347 10.5806 1.53007e-07
-1.61772 0.0272267 0.0620048 10.5631 1.55855e-07
-1.61528 0.0273784 0.062377 10.5455 1.58753e-07
-1.61284 0.0275311 0.0627513 10.528 1.61702e-07
-1.6104 0.0276847 0.0631276 10.5104 1.64705e-07
-1.60796 0.0278391 0.0635061 10.4929 1.6776e-07
-1.60552 0.0279946 0.0638867 10.4754 1.70871e-07
-1.60308 0.0281509 0.0642695 10.4578 1.74037e-07
-1.60064 0.0283082 0.0646543 10.4403 1.77259e-07
-1.5982 0.0284664 0.0650414 10.4228 1.80539e-07
-1.59576 0.0286256 0.0654306 10.4052 1.83877e-07
-1.59332 0.0287857 0.065822 10.3877 1.87274e-07
-1.59088 0.0289468 0.0662156 10.3702 1.90732e-07
-1.58844 0.0291089 0.0666115 10.3527 1.94252e-07
-1.586 0.0292719 0.0670095 10.3352 1.97834e-07
-1.58356 0.0294359 0.0674098 10.3177 2.0148e-07
-1.58112 0.0296008 0.0678124 10.3001 2.05191e-07
-1.57868 0.0297668 0.0682172 10.2826 2.08968e-07
-1.57624 0.0299337 0.0686243 10.2651 2.12811e-07
-1.5738 0.0301017 0.0690337 10.2476 2.16724e-07
-1.57136 0.0302706 0.0694455 10.2301 2.20705e-07
-1.56892 0.0304406 0.0698595 10.2126 2.24758e-07
-1.56648 0.0306115 0.0702759 10.1952 2.28882e-07
-1.56404 0.0307835 0.0706946 10.1777 2.3308e-07
-1.5616 0.0309565 0.0711158 10.1602 2.37352e-07
-1.55916 0.0311306 0.0715392 10.1427 2.417e-07
-1.55672 0.0313057 0.0719651 10.1252 2.46125e-07
-1.55428 0.0314818 0.0723934 10.1077 2.50629e-07
-1.55184 0.0316589 0.0728242 10.0902 2.55213e-07
-1.5494 0.0318372 0.0732573 10.0728 2.59877e-07
-1.54696 0.0320164 0.0736929 10.0553 2.64625e-07
-1.54452 0.0321968 0.074131 10.0378 2.69457e-07
-1.54208 0.0323782 0.0745716 10.0204 2.74374e-07
-1.53964 0.0325607 0.0750147 10.0029 2.79379e-07
-1.5372 0.0327443 0.0754603 9.98542 2.84472e-07
-1.53476 0.0329289 0.0759084 9.96795 2.89655e-07
-1.53232 0.0331147 0.076359 9.95049 2.9493e-07
-1.52988 0.0333016 0.0768123 9.93303 3.00299e-07
-1.52744 0.0334895 0.0772681 9.91557 3.05762e-07
-1.525 0.0336786 0.0777265 9.89811 3.11322e-07
-1.52256 0.0338689 0.0781875 9.88066 3.16981e-07
-1.52012 0.0340602 0.0786511 9.86321 3.2274e-07
-1.51768 0.0342527 0.0791173 9.84576 3.286e-07
-1.51524 0.0344463 0.0795862 9.82831 3.34565e-07
-1.5128 0.0346411 0.0800578 9.81086 3.40634e-07
-1.51036 0.034837 0.0805321 9.79341 3.46811e-07
-1.50792 0.0350341 0.0810091 9.77597 3.53098e-07
-1.50548 0.0352323 0.0814887 9.75853 3.59495e-07
-1.50304 0.0354317 0.0819712 9.74109 3.66005e-07
-1.5006 0.0356323 0.0824563 9.72365 3.72631e-07
-1.49816 0.0358341 0.0829443 9.70621 3.79373e-07
-1.49572 0.0360371 0.083435 9.68878 3.86235e-07
-1.49328 0.0362413 0.0839285 9.67134 3.93217e-07
-1.49084 0.0364467 0.0844249 9.65391 4.00323e-07
-1.4884 0.0366533 0.0849241 9.63648 4.07555e-07
-1.48596 0.0368611 0.0854261 9.61905 4.14914e-07
-1.48352 0.0370702 0.085931 9.60163 4.22403e-07
-1.48108 0.0372804 0.0864388 9.5842 4.30024e-07
-1.47864 0.037492 0.0869495 9.56678 4.3778e-07
-1.4762 0.0377048 0.0874631 9.54935 4.45672e-07
-1.47376 0.0379188 0.0879796 9.53193 4.53704e-07
-1.47132 0.0381341 0.0884991 9.51451 4.61877e-07
-1.46888 0.0383507 0.0890216 9.49709 4.70194e-07
-1.46644 0.0385685 0.0895471 9.47968 4.78658e-07
-1.464 0.0387877 0.0900756 9.46226 4.87272e-07
-1.46156 0.0390081 0.0906071 9.44484 4.96037e-07
-1.45912 0.0392298 0.0911416 9.42743 5.04956e-07
-1.45668 0.0394529 0.0916793 9.41002 5.14033e-07
-1.45424 0.0396772 0.09222 9.39261 5.2327e-07
-1.4518 0.0399029 0.0927638 9.3752 5.3267e-07
-1.44936 0.0401299 0.0933107 9.35779 5.42235e-07
-1.44692 0.0403583 0.0938607 9.34038 5.51968e-07
-1.44448 0.040588 0.094414 9.32298 5.61873e-07
-1.44204 0.040819 0.0949704 9.30557 5.71953e-07
-1.4396 0.0410514 0.0955299 9.28817 5.8221e-07
-1.43716 0.0412852 0.0960927 9.27077 5.92647e-07
-1.43472 0.0415204 0.0966588 9.25337 6.03268e-07
-1.43228 0.0417569 0.0972281 9.23597 6.14077e-07
-1.42984 0.0419948 0.0978006 9.21857 6.25075e-07
-1.4274 0.0422342 0.0983765 9.20117 6.36267e-07
-1.42496 0.0424749 0.0989557 9.18377 6.47656e-07
-1.42252 0.0427171 0.0995381 9.16638 6.59245e-07
-1.42008 0.0429607 0.100124 9.14898 6.71039e-07
-1.41764 0.0432057 0.100713 9.13159 6.83039e-07
-1.4152 0.0434521 0.101306 9.1142 6.95251e-07
-1.41276 0.0437001 0.101902 9.09681 7.07678e-07
-1.41032 0.0439494 0.102501 9.07941 7.20323e-07
-1.40788 0.0442003 0.103104 9.06203 7.3319e-07
-1.40544 0.0444526 0.103711 9.04464 7.46284e-07
-1.403 0.0447064 0.10432 9.02725 7.59608e-07
-1.40056 0.0449617 0.104934 9.00986 7.73166e-07
-1.39812 0.0452185 0.105551 8.99248 7.86963e-07
-1.39568 0.0454768 0.106171 8.97509 8.01002e-07
-1.39324 0.0457366 0.106795 8.95771 8.15287e-07
-1.3908 0.0459979 0.107423 8.94032 8.29824e-07
-1.38836 0.0462608 0.108054 8.92294 8.44616e-07
-1.38592 0.0465252 0.108689 8.90556 8.59668e-07
-1.38348 0.0467912 0.109328 8.88818 8.74985e-07
-1.38104 0.0470588 0.10997 8.8708 8.90571e-07
-1.3786 0.0473279 0.110616 8.85342 9.0643e-07
-1.37616 0.0475986 0.111266 8.83604 9.22568e-07
-1.37372 0.0478709 0.111919 8.81866 9.3899e-07
-1.37128 0.0481447 0.112577 8.80128 9.55699e-07
-1.36884 0.0484202 0.113238 8.78391 9.72703e-07
-1.3664 0.0486973 0.113902 8.76653 9.90005e-07
-1.36396 0.0489761 0.114571 8.74916 1.00761e-06
-1.36152 0.0492564 0.115244 8.73178 1.02553e-06
-1.35908 0.0495385 0.11592 8.71441 1.04375e-06
-1.35664 0.0498221 0.116601 8.69704 1.0623e-06
-1.3542 0.0501075 0.117285 8.67966 1.08118e-06
-1.35176 0.0503945 0.117973 8.66229 1.10038e-06
-1.34932 0.0506832 0.118666 8.64492 1.11993e-06
-1.34688 0.0509736 0.119362 8.62755 1.13981e-06
-1.34444 0.0512657 0.120062 8.61018 1.16005e-06
-1.342 0.0515595 0.120767 8.59281 1.18064e-06
-1.33956 0.051855 0.121475 8.57545 1.20159e-06
-1.33712 0.0521523 0.122188 8.55808 1.22291e-06
-1.33468 0.0524513 0.122904 8.54071 1.2446e-06
-1.33224 0.0527521 0.123625 8.52334 1.26668e-06
-1.3298 0.0530546 0.12435 8.50598 1.28914e-06
-1.32736 0.0533589 0.125079 8.48861 1.31199e-06
-1.32492 0.053665 0.125813 8.47125 1.33525e-06
-1.32248 0.0539729 0.126551 8.45388 1.35891e-06
-1.32004 0.0542826 0.127293 8.43652 1.38299e-06
-1.3176 0.0545941 0.128039 8.41915 1.40749e-06
-1.31516 0.0549074 0.12879 8.40179 1.43242e-06
-1.31272 0.0552226 0.129545 8.38443 1.45779e-06
-1.31028 0.0555396 0.130304 8.36707 1.4836e-06
-1.30784 0.0558585 0.131068 8.3497 1.50987e-06
-1.3054 0.0561792 0.131836 8.33234 1.5366e-06
-1.30296 0.0565018 0.132609 8.31498 1.56379e-06
-1.30052 0.0568263 0.133386 8.29762 1.59146e-06
-1.29808 0.0571527 0.134168 8.28026 1.61962e-06
-1.29564 0.0574811 0.134954 8.2629 1.64827e-06
-1.2932 0.0578113 0.135745 8.24554 1.67742e-06
-1.29076 0.0581435 0.13654 8.22818 1.70708e-06
-1.28832 0.0584776 0.13734 8.21082 1.73727e-06
-1.28588 0.0588137 0.138145 8.19347 1.76798e-06
-1.28344 0.0591518 0.138954 8.17611 1.79923e-06
-1.281 0.0594918 0.139768 8.15875 1.83102e-06
-1.27856 0.0598339 0.140587 8.14139 1.86338e-06
-1.27612 0.0601779 0.141411 8.12404 1.8963e-06
-1.27368 0.060524 0.142239 8.10668 1.9298e-06
-1.27124 0.060872 0.143073 8.08932 1.96389e-06
-1.2688 0.0612222 0.143911 8.07197 1.99857e-06
-1.26636 0.0615743 0.144754 8.05461 2.03386e-06
-1.26392 0.0619286 0.145602 8.03726 2.06977e-06
-1.26148 0.0622849 0.146454 8.0199 2.10631e-06
-1.25904 0.0626433 0.147312 8.00255 2.14348e-06
-1.2566 0.0630038 0.148175 7.98519 2.18131e-06
-1.25416 0.0633664 0.149043 7.96784 2.2198e-06
-1.25172 0.0637311 0.149916 7.95048 2.25897e-06
-1.24928 0.0640979 0.150794 7.93313 2.29882e-06
-1.24684 0.064467 0.151677 7.91578 2.33937e-06
-1.2444 0.0648381 0.152565 7.89842 2.38063e-06
-1.24196 0.0652115 0.153459 7.88107 2.42262e-06
-1.23952 0.065587 0.154357 7.86372 2.46533e-06
-1.23708 0.0659648 0.155261 7.84636 2.5088e-06
-1.23464 0.0663447 0.15617 7.82901 2.55303e-06
-1.2322 0.0667269 0.157085 7.81166 2.59803e-06
-1.22976 0.0671113 0.158005 7.79431 2.64382e-06
-1.22732 0.0674979 0.15893 7.77695 2.69041e-06
-1.22488 0.0678869 0.159861 7.7596 2.73782e-06
-1.22244 0.0682781 0.160797 7.74225 2.78606e-06
-1.22 0.0686716 0.161738 7.7249 2.83514e-06
-1.21756 0.0690673 0.162685 7.70755 2.88508e-06
-1.21512 0.0694655 0.163638 7.69019 2.9359e-06
-1.21268 0.0698659 0.164596 7.67284 2.98761e-06
-1.21024 0.0702687 0.16556 7.65549 3.04022e-06
-1.2078 0.0706738 0.16653 7.63814 3.09375e-06
-1.20536 0.0710814 0.167505 7.62079 3.14822e-06
-1.20292 0.0714913 0.168485 7.60344 3.20364e-06
-1.20048 0.0719036 0.169472 7.58609 3.26004e-06
-1.19804 0.0723183 0.170464 7.56874 3.31742e-06
-1.1956 0.0727355 0.171462 7.55139 3.3758e-06
-1.19316 0.073155 0.172466 7.53404 3.43521e-06
-1.19072 0.0735771 0.173476 7.51668 3.49566e-06
-1.18828 0.0740016 0.174492 7.49933 3.55716e-06
-1.18584 0.0744286 0.175514 7.48198 3.61975e-06
-1.1834 0.0748581 0.176542 7.46463 3.68342e-06
-1.18096 0.0752901 0.177575 7.44728 3.74821e-06
-1.17852 0.0757247 0.178615 7.42993 3.81414e-06
-1.17608 0.0761618 0.179661 7.41258 3.88122e-06
-1.17364 0.0766014 0.180713 7.39523 3.94947e-06
-1.1712 0.0770437 0.181771 7.37788 4.01892e-06
-1.16876 0.0774885 0.182836 7.36053 4.08959e-06
-1.16632 0.0779359 0.183907 7.34318 4.16149e-06
-1.16388 0.078386 0.184984 7.32583 4.23465e-06
-1.16144 0.0788386 0.186067 7.30848 4.30909e-06
-1.159 0.079294 0.187157 7.29113 4.38483e-06
-1.15656 0.079752 0.188253 7.27378 4.4619e-06
-1.15412 0.0802127 0.189355 7.25643 4.54031e-06
-1.15168 0.080676 0.190464 7.23907 4.6201e-06
-1.14924 0.0811421 0.19158 7.22172 4.70129e-06
-1.1468 0.0816109 0.192702 7.20437 4.78389e-06
-1.14436 0.0820825 0.19383 7.18702 4.86794e-06
-1.14192 0.0825568 0.194966 7.16967 4.95346e-06
-1.13948 0.083034 0.196108 7.15232 5.04048e-06
-1.13704 0.0835139 0.197256 7.13497 5.12902e-06
-1.1346 0.0839966 0.198412 7.11762 5.21912e-06
-1.13216 0.0844821 0.199574 7.10027 5.31078e-06
-1.12972 0.0849705 0.200743 7.08291 5.40405e-06
-1.12728 0.0854617 0.201919 7.06556 5.49896e-06
-1.12484 0.0859559 0.203102 7.04821 5.59552e-06
-1.1224 0.0864529 0.204292 7.03086 5.69378e-06
-1.11996 0.0869528 0.205489 7.01351 5.79375e-06
-1.11752 0.0874557 0.206693 6.99615 5.89547e-06
-1.11508 0.0879615 0.207904 6.9788 5.99897e-06
-1.11264 0.0884703 0.209122 6.96145 6.10429e-06
-1.1102 0.088982 0.210347 6.9441 6.21144e-06
-1.10776 0.0894968 0.21158 6.92674 6.32047e-06
-1.10532 0.0900145 0.21282 6.90939 6.43141e-06
-1.10288 0.0905353 0.214067 6.89204 6.54429e-06
-1.10044 0.0910592 0.215321 6.87468 6.65915e-06
-1.098 0.0915861 0.216583 6.85733 6.77601e-06
-1.09556 0.0921161 0.217852 6.83998 6.89492e-06
-1.09312 0.0926492 0.219129 6.82262 7.01591e-06
-1.09068 0.0931855 0.220414 6.80527 7.13902e-06
-1.08824 0.0937248 0.221706 6.78791 7.26428e-06
-1.0858 0.0942674 0.223005 6.77056 7.39173e-06
-1.08336 0.0948131 0.224312 6.7532 7.52141e-06
-1.08092 0.095362 0.225627 6.73585 7.65337e-06
-1.07848 0.0959142 0.22695 6.71849 7.78763e-06
-1.07604 0.0964696 0.228281 6.70114 7.92424e-06
-1.0736 0.0970282 0.229619 6.68378 8.06324e-06
-1.07116 0.0975901 0.230965 6.66643 8.20467e-06
-1.06872 0.0981553 0.23232 6.64907 8.34857e-06
-1.06628 0.0987238 0.233682 6.63171 8.495e-06
-1.06384 0.0992957 0.235052 6.61436 8.64398e-06
-1.0614 0.0998709 0.236431 6.597 8.79558e-06
-1.05896 0.100449 0.237817 6.57964 8.94982e-06
-1.05652 0.101031 0.239212 6.56229 9.10677e-06
-1.05408 0.101617 0.240615 6.54493 9.26646e-06
-1.05164 0.102206 0.242027 6.52757 9.42894e-06
-1.0492 0.102798 0.243447 6.51021 9.59427e-06
-1.04676 0.103394 0.244875 6.49285 9.76249e-06
-1.04432 0.103993 0.246311 6.47549 9.93365e-06
-1.04188 0.104596 0.247757 6.45813 1.01078e-05
-1.03944 0.105202 0.24921 6.44077 1.0285e-05
-1.037 0.105812 0.250673 6.42341 1.04653e-05
-1.03456 0.106425 0.252144 6.40605 1.06488e-05
-1.03212 0.107042 0.253623 6.38869 1.08355e-05
-1.02968 0.107663 0.255112 6.37133 1.10254e-05
-1.02724 0.108287 0.256609 6.35397 1.12187e-05
-1.0248 0.108915 0.258115 6.33661 1.14153e-05
-1.02236 0.109547 0.25963 6.31925 1.16154e-05
-1.01992 0.110182 0.261155 6.30188 1.1819e-05
-1.01748 0.110821 0.262688 6.28452 1.20261e-05
-1.01504 0.111464 0.26423 6.26716 1.22369e-05
-1.0126 0.112111 0.265782 6.24979 1.24513e-05
-1.01016 0.112761 0.267342 6.23243 1.26696e-05
-1.00772 0.113415 0.268912 6.21506 1.28916e-05
-1.00528 0.114073 0.270491 6.1977 1.31175e-05
-1.00284 0.114735 0.27208 6.18033 1.33474e-05
-1.0004 0.115401 0.273678 6.16297 1.35813e-05
-0.99796 0.116071 0.275286 6.1456 1.38192e-05
-0.99552 0.116745 0.276903 6.12824 1.40614e-05
-0.99308 0.117422 0.27853 6.11087 1.43078e-05
-0.99064 0.118104 0.280166 6.0935 1.45585e-05
-0.9882 0.118789 0.281812 6.07613 1.48136e-05
-0.98576 0.119479 0.283468 6.05877 1.50731e-05
-0.98332 0.120173 0.285134 6.0414 1.53372e-05
-0.98088 0.120871 0.28681 6.02403 1.56059e-05
-0.97844 0.121572 0.288496 6.00666 1.58793e-05
-0.976 0.122278 0.290192 5.98929 1.61575e-05
-0.97356 0.122989 0.291898 5.97192 1.64406e-05
-0.97112 0.123703 0.293614 5.95455 1.67286e-05
-0.96868 0.124421 0.29534 5.93718 1.70217e-05
-0.96624 0.125144 0.297077 5.9198 1.73199e-05
-0.9638 0.125871 0.298824 5.90243 1.76233e-05
-0.96136 0.126602 0.300581 5.88506 1.7932e-05
-0.95892 0.127338 0.302349 5.86768 1.82461e-05
-0.95648 0.128078 0.304127 5.85031 1.85658e-05
-0.95404 0.128822 0.305916 5.83294 1.8891e-05
-0.9516 0.129571 0.307716 5.81556 1.92219e-05
-0.94916 0.130324 0.309527 5.79819 1.95586e-05
-0.94672 0.131081 0.311348 5.78081 1.99012e-05
-0.94428 0.131843 0.31318 5.76343 2.02498e-05
-0.94184 0.13261 0.315023 5.74606 2.06045e-05
-0.9394 0.133381 0.316877 5.72868 2.09654e-05
-0.93696 0.134156 0.318742 5.7113 2.13326e-05
-0.93452 0.134936 0.320619 5.69392 2.17062e-05
-0.93208 0.135721 0.322506 5.67654 2.20864e-05
-0.92964 0.13651 0.324405 5.65916 2.24732e-05
-0.9272 0.137304 0.326316 5.64178 2.28668e-05
-0.92476 0.138102 0.328237 5.6244 2.32673e-05
-0.92232 0.138906 0.33017 5.60702 2.36749e-05
-0.91988 0.139714 0.332115 5.58964 2.40895e-05
-0.91744 0.140526 0.334071 5.57225 2.45114e-05
-0.915 0.141344 0.33604 5.55487 2.49407e-05
-0.91256 0.142166 0.338019 5.53749 2.53775e-05
-0.91012 0.142993 0.340011 5.5201 2.58219e-05
-0.90768 0.143825 0.342015 5.50272 2.62742e-05
-0.90524 0.144662 0.344031 5.48533 2.67343e-05
-0.9028 0.145504 0.346058 5.46794 2.72025e-05
-0.90036 0.146351 0.348098 5.45056 2.76789e-05
-0.89792 0.147203 0.350151 5.43317 2.81636e-05
-0.89548 0.14806 0.352215 5.41578 2.86569e-05
-0.89304 0.148922 0.354292 5.39839 2.91587e-05
-0.8906 0.149789 0.356381 5.381 2.96694e-05
-0.88816 0.150661 0.358483 5.36361 3.0189e-05
-0.88572 0.151538 0.360598 5.34622 3.07176e-05
-0.88328 0.152421 0.362725 5.32883 3.12556e-05
-0.88084 0.153308 0.364865 5.31144 3.18029e-05
-0.8784 0.154201 0.367018 5.29404 3.23599e-05
-0.87596 0.155099 0.369184 5.27665 3.29266e-05
-0.87352 0.156003 0.371362 5.25925 3.35032e-05
-0.87108 0.156912 0.373554 5.24186 3.40899e-05
-0.86864 0.157826 0.37576 5.22446 3.46869e-05
-0.8662 0.158745 0.377978 5.20707 3.52943e-05
-0.86376 0.15967 0.38021 5.18967 3.59124e-05
-0.86132 0.160601 0.382455 5.17227 3.65412e-05
-0.85888 0.161537 0.384713 5.15487 3.71811e-05
-0.85644 0.162478 0.386986 5.13747 3.78322e-05
-0.854 0.163425 0.389272 5.12007 3.84948e-05
-0.85156 0.164378 0.391571 5.10267 3.91689e-05
-0.84912 0.165336 0.393885 5.08527 3.98548e-05
-0.84668 0.1663 0.396212 5.06787 4.05527e-05
-0.84424 0.16727 0.398554 5.05046 4.12628e-05
-0.8418 0.168245 0.40091 5.03306 4.19854e-05
-0.83936 0.169226 0.40328 5.01565 4.27206e-05
-0.83692 0.170213 0.405664 4.99825 4.34687e-05
-0.83448 0.171206 0.408062 4.98084 4.42299e-05
-0.83204 0.172204 0.410475 4.96343 4.50044e-05
-0.8296 0.173209 0.412903 4.94603 4.57925e-05
-0.82716 0.174219 0.415345 4.92862 4.65944e-05
-0.82472 0.175236 0.417802 4.91121 4.74103e-05
-0.82228 0.176258 0.420274 4.8938 4.82406e-05
-0.81984 0.177287 0.422761 4.87639 4.90853e-05
-0.8174 0.178321 0.425262 4.85897 4.99448e-05
-0.81496 0.179362 0.427779 4.84156 5.08194e-05
-0.81252 0.180409 0.430311 4.82415 5.17093e-05
-0.81008 0.181462 0.432859 4.80673 5.26148e-05
-0.80764 0.182521 0.435421 4.78931 5.35362e-05
-0.8052 0.183587 0.438 4.7719 5.44736e-05
-0.80276 0.184659 0.440594 4.75448 5.54275e-05
-0.80032 0.185737 0.443203 4.73706 5.63981e-05
-0.79788 0.186822 0.445828 4.71964 5.73857e-05
-0.79544 0.187913 0.44847 4.70222 5.83906e-05
-0.793 0.18901 0.451127 4.6848 5.9413e-05
-0.79056 0.190114 0.4538 4.66738 6.04534e-05
-0.78812 0.191225 0.45649 4.64995 6.15119e-05
-0.78568 0.192342 0.459195 4.63253 6.25891e-05
-0.78324 0.193466 0.461918 4.61511 6.3685e-05
-0.7808 0.194596 0.464656 4.59768 6.48002e-05
-0.77836 0.195733 0.467411 4.58025 6.59348e-05
-0.77592 0.196877 0.470183 4.56282 6.70894e-05
-0.77348 0.198028 0.472972 4.5454 6.82641e-05
-0.77104 0.199185 0.475778 4.52797 6.94594e-05
-0.7686 0.200349 0.4786 4.51053 7.06756e-05
-0.76616 0.201521 0.48144 4.4931 7.19131e-05
-0.76372 0.202699 0.484297 4.47567 7.31723e-05
-0.76128 0.203884 0.487171 4.45824 7.44535e-05
-0.75884 0.205076 0.490063 4.4408 7.57571e-05
-0.7564 0.206276 0.492972 4.42336 7.70835e-05
-0.75396 0.207482 0.495899 4.40593 7.84331e-05
-0.75152 0.208696 0.498844 4.38849 7.98064e-05
-0.74908 0.209916 0.501806 4.37105 8.12036e-05
-0.74664 0.211144 0.504787 4.35361 8.26253e-05
-0.7442 0.21238 0.507785 4.33617 8.40719e-05
-0.74176 0.213622 0.510802 4.31873 8.55438e-05
-0.73932 0.214872 0.513837 4.30128 8.70414e-05
-0.73688 0.21613 0.516891 4.28384 8.85652e-05
-0.73444 0.217395 0.519963 4.26639 9.01157e-05
-0.732 0.218667 0.523053 4.24894 9.16933e-05
-0.72956 0.219947 0.526163 4.2315 9.32984e-05
-0.72712 0.221235 0.529291 4.21405 9.49317e-05
-0.72468 0.22253 0.532438 4.1966 9.65934e-05
-0.72224 0.223833 0.535605 4.17914 9.82842e-05
-0.7198 0.225144 0.538791 4.16169 0.000100005
-0.71736 0.226463 0.541996 4.14424 0.000101755
-0.71492 0.227789 0.54522 4.12678 0.000103536
-0.71248 0.229123 0.548464 4.10932 0.000105348
-0.71004 0.230466 0.551728 4.09187 0.000107192
-0.7076 0.231816 0.555011 4.07441 0.000109068
-0.70516 0.233174 0.558315 4.05695 0.000110977
-0.70272 0.23454 0.561638 4.03949 0.000112919
-0.70028 0.235915 0.564982 4.02202 0.000114895
-0.69784 0.237298 0.568346 4.00456 0.000116905
-0.6954 0.238688 0.57173 3.98709 0.000118951
-0.69296 0.240088 0.575135 3.96963 0.000121032
-0.69052 0.241495 0.57856 3.95216 0.000123149
-0.68808 0.242911 0.582007 3.93469 0.000125304
-0.68564 0.244335 0.585474 3.91722 0.000127496
-0.6832 0.245768 0.588962 3.89975 0.000129726
-0.68076 0.24721 0.592472 3.88227 0.000131995
-0.67832 0.248659 0.596002 3.8648 0.000134304
-0.67588 0.250118 0.599554 3.84732 0.000136653
-0.67344 0.251585 0.603128 3.82984 0.000139042
-0.671 0.253061 0.606723 3.81236 0.000141474
-0.66856 0.254546 0.61034 3.79488 0.000143947
-0.66612 0.25604 0.613979 3.7774 0.000146464
-0.66368 0.257542 0.61764 3.75992 0.000149025
-0.66124 0.259054 0.621323 3.74243 0.00015163
-0.6588 0.260574 0.625028 3.72494 0.00015428
-0.65636 0.262104 0.628756 3.70746 0.000156976
-0.65392 0.263643 0.632506 3.68997 0.00015972
-0.65148 0.265191 0.636279 3.67248 0.000162511
-0.64904 0.266748 0.640074 3.65498 0.00016535
-0.6466 0.268314 0.643893 3.63749 0.000168238
-0.64416 0.26989 0.647734 3.61999 0.000171177
-0.64172 0.271475 0.651599 3.60249 0.000174167
-0.63928 0.27307 0.655487 3.58499 0.000177208
-0.63684 0.274674 0.659398 3.56749 0.000180302
-0.6344 0.276288 0.663333 3.54999 0.00018345
-0.63196 0.277911 0.667291 3.53249 0.000186652
-0.62952 0.279544 0.671273 3.51498 0.000189909
-0.62708 0.281187 0.675279 3.49747 0.000193223
-0.62464 0.28284 0.679309 3.47996 0.000196594
-0.6222 0.284502 0.683364 3.46245 0.000200023
-0.61976 0.286174 0.687442 3.44494 0.000203512
-0.61732 0.287857 0.691545 3.42742 0.00020706
-0.61488 0.289549 0.695672 3.4099 0.00021067
-0.61244 0.291252 0.699824 3.39239 0.000214342
-0.61 0.292964 0.704001 3.37486 0.000218077
-0.60756 0.294687 0.708202 3.35734 0.000221876
-0.60512 0.29642 0.712429 3.33982 0.00022574
-0.60268 0.298164 0.716681 3.32229 0.000229671
-0.60024 0.299918 0.720957 3.30476 0.000233669
-0.5978 0.301682 0.72526 3.28723 0.000237736
-0.59536 0.303457 0.729587 3.2697 0.000241872
-0.59292 0.305243 0.73394 3.25216 0.000246079
-0.59048 0.307039 0.738319 3.23462 0.000250358
-0.58804 0.308846 0.742724 3.21709 0.00025471
-0.5856 0.310663 0.747154 3.19954 0.000259136
-0.58316 0.312492 0.75161 3.182 0.000263637
-0.58072 0.314331 0.756093 3.16445 0.000268215
-0.57828 0.316181 0.760601 3.14691 0.000272871
-0.57584 0.318043 0.765136 3.12935 0.000277605
-0.5734 0.319915 0.769698 3.1118 0.00028242
-0.57096 0.321799 0.774285 3.09425 0.000287317
-0.56852 0.323694 0.7789 3.07669 0.000292296
-0.56608 0.3256 0.78354 3.05913 0.000297359
-0.56364 0.327518 0.788208 3.04156 0.000302507
-0.5612 0.329447 0.792903 3.024 0.000307742
-0.55876 0.331387 0.797624 3.00643 0.000313065
-0.55632 0.333339 0.802372 2.98886 0.000318477
-0.55388 0.335303 0.807148 2.97129 0.00032398
-0.55144 0.337278 0.81195 2.95371 0.000329574
-0.549 0.339265 0.81678 2.93613 0.000335262
-0.54656 0.341264 0.821637 2.91855 0.000341044
-0.54412 0.343274 0.826521 2.90096 0.000346923
-0.54168 0.345297 0.831432 2.88338 0.000352898
-0.53924 0.347332 0.836371 2.86579 0.000358973
-0.5368 0.349379 0.841338 2.84819 0.000365147
-0.53436 0.351438 0.846331 2.8306 0.000371424
-0.53192 0.353509 0.851353 2.813 0.000377803
-0.52948 0.355592 0.856401 2.79539 0.000384286
-0.52704 0.357688 0.861478 2.77779 0.000390876
-0.5246 0.359796 0.866581 2.76018 0.000397572
-0.52216 0.361917 0.871713 2.74256 0.000404377
-0.51972 0.36405 0.876872 2.72495 0.000411293
-0.51728 0.366196 0.882058 2.70733 0.000418319
-0.51484 0.368355 0.887272 2.6897 0.000425459
-0.5124 0.370526 0.892514 2.67208 0.000432713
-0.50996 0.37271 0.897782 2.65444 0.000440083
-0.50752 0.374907 0.903079 2.63681 0.00044757
-0.50508 0.377117 0.908402 2.61917 0.000455175
-0.50264 0.37934 0.913753 2.60153 0.0004629
-0.5002 0.381576 0.919131 2.58388 0.000470747
-0.49776 0.383826 0.924537 2.56623 0.000478717
-0.49532 0.386088 0.929969 2.54857 0.00048681
-0.49288 0.388364 0.935428 2.53092 0.000495029
-0.49044 0.390653 0.940914 2.51325 0.000503374
-0.488 0.392956 0.946426 2.49558 0.000511848
-0.48556 0.395272 0.951966 2.47791 0.00052045
-0.48312 0.397601 0.957531 2.46023 0.000529183
-0.48068 0.399944 0.963123 2.44255 0.000538048
-0.47824 0.402301 0.96874 2.42486 0.000547046
-0.4758 0.404672 0.974383 2.40717 0.000556177
-0.47336 0.407056 0.980052 2.38947 0.000565444
-0.47092 0.409455 0.985746 2.37177 0.000574847
-0.46848 0.411867 0.991465 2.35406 0.000584386
-0.46604 0.414293 0.997209 2.33635 0.000594064
-0.4636 0.416733 1.00298 2.31863 0.000603881
-0.46116 0.419188 1.00877 2.3009 0.000613838
-0.45872 0.421656 1.01459 2.28317 0.000623935
-0.45628 0.424139 1.02043 2.26543 0.000634174
-0.45384 0.426636 1.02629 2.24769 0.000644555
-0.4514 0.429147 1.03217 2.22994 0.000655078
-0.44896 0.431673 1.03808 2.21218 0.000665744
-0.44652 0.434213 1.04401 2.19442 0.000676553
-0.44408 0.436768 1.04996 2.17665 0.000687506
-0.44164 0.439337 1.05593 2.15888 0.000698603
-0.4392 0.44192 1.06192 2.14109 0.000709844
-0.43676 0.444519 1.06793 2.1233 0.000721228
-0.43432 0.447132 1.07396 2.1055 0.000732757
-0.43188 0.44976 1.08001 2.0877 0.000744429
-0.42944 0.452402 1.08607 2.06989 0.000756244
-0.427 0.45506 1.09216 2.05206 0.000768201
-0.42456 0.457732 1.09825 2.03423 0.000780301
-0.42212 0.460419 1.10437 2.0164 0.000792542
-0.41968 0.463122 1.11049 1.99855 0.000804922
-0.41724 0.465839 1.11664 1.98069 0.000817442
-0.4148 0.468571 1.12279 1.96283 0.000830099
-0.41236 0.471318 1.12896 1.94496 0.000842892
-0.40992 0.47408 1.13513 1.92707 0.00085582
-0.40748 0.476857 1.14132 1.90918 0.00086888
-0.40504 0.47965 1.14751 1.89128 0.00088207
-0.4026 0.482457 1.15371 1.87337 0.000895388
-0.40016 0.48528 1.15992 1.85545 0.000908832
-0.39772 0.488118 1.16613 1.83751 0.000922398
-0.39528 0.49097 1.17235 1.81957 0.000936084
-0.39284 0.493839 1.17856 1.80162 0.000949886
-0.3904 0.496722 1.18478 1.78365 0.000963801
-0.38796 0.49962 1.191 1.76567 0.000977824
-0.38552 0.502534 1.19721 1.74768 0.000991953
-0.38308 0.505463 1.20342 1.72968 0.00100618
-0.38064 0.508407 1.20962 1.71167 0.00102051
-0.3782 0.511366 1.21582 1.69365 0.00103492
-0.37576 0.51434 1.222 1.67561 0.00104942
-0.37332 0.517329 1.22817 1.65756 0.001064
-0.37088 0.520333 1.23433 1.63949 0.00107865
-0.36844 0.523353 1.24048 1.62142 0.00109337
-0.366 0.526387 1.2466 1.60333 0.00110815
-0.36356 0.529436 1.25271 1.58522 0.00112299
-0.36112 0.5325 1.25879 1.5671 0.00113787
-0.35868 0.535579 1.26484 1.54897 0.00115279
-0.35624 0.538672 1.27087 1.53082 0.00116774
-0.3538 0.541781 1.27687 1.51266 0.00118271
-0.35136 0.544903 1.28283 1.49449 0.0011977
-0.34892 0.548041 1.28876 1.4763 0.00121269
-0.34648 0.551193 1.29465 1.45809 0.00122767
-0.34404 0.554359 1.30049 1.43987 0.00124264
-0.3416 0.557539 1.30629 1.42163 0.00125758
-0.33916 0.560733 1.31204 1.40338 0.00127249
-0.33672 0.563942 1.31774 1.38511 0.00128735
-0.33428 0.567164 1.32338 1.36682 0.00130215
-0.33184 0.5704 1.32896 1.34852 0.00131687
-0.3294 0.573649 1.33448 1.33021 0.00133152
-0.32696 0.576912 1.33994 1.31187 0.00134607
-0.32452 0.580188 1.34532 1.29353 0.00136052
-0.32208 0.583477 1.35062 1.27516 0.00137484
-0.31964 0.586779 1.35585 1.25679 0.00138903
-0.3172 0.590094 1.36099 1.23839 0.00140307
-0.31476 0.593421 1.36605 1.21998 0.00141695
-0.31232 0.59676 1.37101 1.20156 0.00143066
-0.30988 0.600111 1.37588 1.18312 0.00144418
-0.30744 0.603474 1.38064 1.16467 0.00145749
-0.305 0.606848 1.3853 1.14621 0.00147058
-0.30256 0.610234 1.38985 1.12773 0.00148345
-0.30012 0.613631 1.39428 1.10924 0.00149606
-0.29768 0.617038 1.3986 1.09074 0.00150842
-0.29524 0.620456 1.40278 1.07222 0.0015205
-0.2928 0.623884 1.40684 1.0537 0.00153229
-0.29036 0.627321 1.41076 1.03517 0.00154377
-0.28792 0.630768 1.41454 1.01663 0.00155494
-0.28548 0.634224 1.41818 0.998083 0.00156577
-0.28304 0.637689 1.42166 0.979531 0.00157626
-0.2806 0.641162 1.42499 0.960975 0.00158639
-0.27816 0.644642 1.42816 0.942417 0.00159614
-0.27572 0.648131 1.43116 0.923858 0.00160551
-0.27328 0.651626 1.434 0.9053 0.00161448
-0.27084 0.655129 1.43666 0.886744 0.00162304
-0.2684 0.658637 1.43914 0.868194 0.00163118
-0.26596 0.662151 1.44143 0.84965 0.00163889
-0.26352 0.665671 1.44354 0.831116 0.00164616
-0.26108 0.669196 1.44546 0.812594 0.00165298
-0.25864 0.672725 1.44718 0.794086 0.00165934
-0.2562 0.676258 1.4487 0.775595 0.00166524
-0.25376 0.679794 1.45002 0.757125 0.00167066
-0.25132 0.683334 1.45113 0.738677 0.0016756
-0.24888 0.686876 1.45204 0.720255 0.00168007
-0.24644 0.69042 1.45273 0.701863 0.00168404
-0.244 0.693965 1.45321 0.683504 0.00168753
-0.24156 0.697511 1.45348 0.665181 0.00169052
-0.23912 0.701058 1.45352 0.646898 0.00169302
-0.23668 0.704604 1.45336 0.628658 0.00169503
-0.23424 0.70815 1.45297 0.610466 0.00169655
-0.2318 0.711694 1.45237 0.592325 0.00169758
-0.22936 0.715237 1.45155 0.57424 0.00169813
-0.22692 0.718778 1.45051 0.556214 0.00169819
-0.22448 0.722315 1.44926 0.538251 0.00169778
-0.22204 0.72585 1.44779 0.520355 0.0016969
-0.2196 0.729381 1.44611 0.502531 0.00169556
-0.21716 0.732907 1.44422 0.484783 0.00169376
-0.21472 0.736428 1.44212 0.467114 0.00169152
-0.21228 0.739944 1.43983 0.449528 0.00168885
-0.20984 0.743454 1.43733 0.43203 0.00168575
-0.2074 0.746958 1.43463 0.414623 0.00168225
-0.20496 0.750455 1.43175 0.397312 0.00167834
-0.20252 0.753945 1.42868 0.380099 0.00167404
-0.20008 0.757427 1.42542 0.362989 0.00166937
-0.19764 0.760901 1.42199 0.345985 0.00166433
-0.1952 0.764366 1.41839 0.32909 0.00165896
-0.19276 0.767822 1.41463 0.312307 0.00165324
-0.19032 0.771269 1.41071 0.29564 0.00164722
-0.18788 0.774707 1.40663 0.279091 0.00164088
-0.18544 0.778134 1.40241 0.262664 0.00163426
-0.183 0.78155 1.39805 0.246359 0.00162737
-0.18056 0.784956 1.39356 0.230181 0.00162022
-0.17812 0.788351 1.38894 0.21413 0.00161282
-0.17568 0.791734 1.3842 0.198209 0.00160519
-0.17324 0.795106 1.37935 0.182419 0.00159736
-0.1708 0.798465 1.37439 0.166763 0.00158932
-0.16836 0.801812 1.36934 0.151241 0.00158109
-0.16592 0.805147 1.36418 0.135855 0.0015727
-0.16348 0.80847 1.35895 0.120606 0.00156414
-0.16104 0.811779 1.35363 0.105494 0.00155544
-0.1586 0.815075 1.34823 0.0905195 0.00154661
-0.15616 0.818358 1.34277 0.075684 0.00153766
-0.15372 0.821628 1.33725 0.0609874 0.0015286
-0.15128 0.824884 1.33166 0.0464298 0.00151944
-0.14884 0.828126 1.32603 0.0320112 0.0015102
-0.1464 0.831355 1.32035 0.0177314 0.00150088
-0.14396 0.83457 1.31463 0.00359028 0.0014915
-0.14152 0.83777 1.30887 -0.0104127 0.00148207
-0.13908 0.840957 1.30308 -0.0242779 0.00147259
-0.13664 0.844129 1.29727 -0.0380061 0.00146307
-0.1342 0.847288 1.29143 -0.051598 0.00145353
-0.13176 0.850432 1.28557 -0.0650543 0.00144397
-0.12932 0.853561 1.2797 -0.078376 0.00143439
-0.12688 0.856676 1.27382 -0.0915642 0.00142481
-0.12444 0.859777 1.26793 -0.10462 0.00141523
-0.122 0.862864 1.26204 -0.117544 0.00140566
-0.11956 0.865936 1.25615 -0.130338 0.0013961
-0.11712 0.868994 1.25026 -0.143003 0.00138656
-0.11468 0.872037 1.24438 -0.15554 0.00137704
-0.11224 0.875067 1.2385 -0.167951 0.00136756
-0.1098 0.878081 1.23264 -0.180237 0.00135811
-0.10736 0.881082 1.22679 -0.1924 0.0013487
-0.10492 0.884068 1.22096 -0.20444 0.00133933
-0.10248 0.88704 1.21514 -0.21636 0.00133
-0.10004 0.889998 1.20934 -0.22816 0.00132073
-0.0976 0.892942 1.20357 -0.239843 0.00131151
-0.09516 0.895871 1.19781 -0.25141 0.00130234
-0.09272 0.898787 1.19208 -0.262862 0.00129323
-0.09028 0.901689 1.18638 -0.2742 0.00128418
-0.08784 0.904577 1.18071 -0.285428 0.0012752
-0.0854 0.907451 1.17506 -0.296545 0.00126627
-0.08296 0.910311 1.16945 -0.307553 0.00125742
-0.08052 0.913158 1.16386 -0.318455 0.00124863
-0.07808 0.915991 1.15831 -0.329251 0.00123991
-0.07564 0.91881 1.15279 -0.339943 0.00123126
-0.0732 0.921616 1.1473 -0.350532 0.00122268
-0.07076 0.924409 1.14185 -0.36102 0.00121418
-0.06832 0.927189 1.13644 -0.371409 0.00120574
-0.06588 0.929955 1.13105 -0.3817 0.00119739
-0.06344 0.932708 1.12571 -0.391894 0.0011891
-0.061 0.935448 1.1204 -0.401992 0.00118089
-0.05856 0.938176 1.11513 -0.411997 0.00117276
-0.05612 0.94089 1.10989 -0.421909 0.0011647
-0.05368 0.943592 1.1047 -0.431731 0.00115672
-0.05124 0.946281 1.09954 -0.441462 0.00114882
-0.0488 0.948958 1.09442 -0.451106 0.00114099
-0.04636 0.951622 1.08933 -0.460662 0.00113323
-0.04392 0.954274 1.08429 -0.470132 0.00112556
-0.04148 0.956913 1.07928 -0.479518 0.00111796
-0.03904 0.959541 1.07431 -0.488821 0.00111043
-0.0366 0.962156 1.06938 -0.498042 0.00110298
-0.03416 0.964759 1.06449 -0.507182 0.00109561
-0.03172 0.967351 1.05964 -0.516242 0.00108831
-0.02928 0.96993 1.05483 -0.525224 0.00108108
-0.02684 0.972498 1.05005 -0.534129 0.00107393
-0.0244 0.975055 1.04531 -0.542959 0.00106685
-0.02196 0.9776 1.04061 -0.551713 0.00105985
-0.01952 0.980133 1.03595 -0.560393 0.00105291
-0.01708 0.982655 1.03133 -0.569001 0.00104605
-0.01464 0.985166 1.02674 -0.577537 0.00103926
-0.0122 0.987666 1.02219 -0.586002 0.00103255
-0.00976 0.990154 1.01768 -0.594398 0.0010259
-0.00732 0.992632 1.0132 -0.602725 0.00101932
-0.00488 0.995099 1.00877 -0.610985 0.00101281
-0.00244 0.997555 1.00437 -0.619178 0.00100637
0 1 1 -0.627306 0.001
0.0184 1.0181 0.968223 -0.686578 0.000954058
0.0368 1.03564 0.938375 -0.742543 0.000911637
0.0552 1.05265 0.910325 -0.795528 0.00087244
0.0736 1.06915 0.883945 -0.845816 0.00083618
0.092 1.08519 0.859106 -0.893654 0.00080259
0.1104 1.10078 0.83569 -0.939259 0.000771424
0.1288 1.11595 0.813585 -0.982822 0.000742457
0.1472 1.13072 0.792688 -1.02451 0.000715487
0.1656 1.14513 0.772906 -1.06447 0.000690331
0.184 1.15917 0.754151 -1.10283 0.000666827
0.2024 1.17288 0.736347 -1.13972 0.000644829
0.2208 1.18628 0.719422 -1.17523 0.000624204
0.2392 1.19936 0.703311 -1.20947 0.000604837
0.2576 1.21216 0.687955 -1.24251 0.00058662
0.276 1.22468 0.673302 -1.27443 0.000569461
0.2944 1.23694 0.659302 -1.30531 0.000553272
0.3128 1.24895 0.64591 -1.3352 0.000537979
0.3312 1.26072 0.633087 -1.36417 0.000523511
0.3496 1.27225 0.620795 -1.39227 0.000509806
0.368 1.28357 0.609001 -1.41954 0.000496807
0.3864 1.29467 0.597672 -1.44603 0.000484464
0.4048 1.30556 0.586781 -1.47178 0.000472728
0.4232 1.31626 0.576302 -1.49683 0.000461559
0.4416 1.32677 0.566209 -1.52121 0.000450917
0.46 1.3371 0.556481 -1.54496 0.000440767
0.4784 1.34725 0.547097 -1.5681 0.000431076
0.4968 1.35724 0.538038 -1.59067 0.000421815
0.5152 1.36705 0.529287 -1.6127 0.000412957
0.5336 1.37672 0.520826 -1.63419 0.000404476
0.552 1.38622 0.512641 -1.65518 0.00039635
0.5704 1.39558 0.504717 -1.6757 0.000388557
0.5888 1.4048 0.497041 -1.69575 0.000381077
0.6072 1.41387 0.489602 -1.71535 0.000373894
0.6256 1.42282 0.482387 -1.73454 0.000366989
0.644 1.43163 0.475385 -1.75331 0.000360347
0.6624 1.44031 0.468587 -1.7717 0.000353955
0.6808 1.44887 0.461984 -1.7897 0.000347797
0.6992 1.45731 0.455566 -1.80734 0.000341863
0.7176 1.46564 0.449325 -1.82464 0.00033614
0.736 1.47385 0.443253 -1.84159 0.000330617
0.7544 1.48195 0.437343 -1.85822 0.000325285
0.7728 1.48995 0.431589 -1.87453 0.000320134
0.7912 1.49784 0.425983 -1.89054 0.000315154
0.8096 1.50562 0.420519 -1.90625 0.000310338
0.828 1.51331 0.415192 -1.92168 0.000305678
0.8464 1.5209 0.409996 -1.93683 0.000301167
0.8648 1.5284 0.404927 -1.95172 0.000296798
0.8832 1.5358 0.399978 -1.96635 0.000292564
0.9016 1.54312 0.395146 -1.98072 0.000288459
0.92 1.55035 0.390426 -1.99486 0.000284478
0.9384 1.55749 0.385813 -2.00876 0.000280615
0.9568 1.56455 0.381305 -2.02243 0.000276865
0.9752 1.57152 0.376897 -2.03587 0.000273223
0.9936 1.57842 0.372585 -2.04911 0.000269685
1.012 1.58523 0.368366 -2.06213 0.000266247
1.0304 1.59197 0.364237 -2.07494 0.000262904
1.0488 1.59864 0.360196 -2.08756 0.000259652
1.0672 1.60523 0.356238 -2.09999 0.000256489
1.0856 1.61175 0.35236 -2.11223 0.00025341
1.104 1.6182 0.348562 -2.12428 0.000250412
1.1224 1.62457 0.344839 -2.13616 0.000247492
1.1408 1.63089 0.341189 -2.14786 0.000244648
1.1592 1.63713 0.337611 -2.15939 0.000241876
1.1776 1.64331 0.334101 -2.17076 0.000239174
1.196 1.64943 0.330658 -2.18197 0.000236538
1.2144 1.65548 0.32728 -2.19301 0.000233968
1.2328 1.66147 0.323964 -2.20391 0.00023146
1.2512 1.6674 0.320708 -2.21466 0.000229012
1.2696 1.67327 0.317512 -2.22525 0.000226623
1.288 1.67909 0.314373 -2.23571 0.000224289
1.3064 1.68484 0.311289 -2.24603 0.00022201
1.3248 1.69054 0.308259 -2.25621 0.000219783
1.3432 1.69619 0.305282 -2.26625 0.000217607
1.3616 1.70178 0.302356 -2.27617 0.00021548
1.38 1.70731 0.299479 -2.28596 0.0002134
1.3984 1.7128 0.29665 -2.29562 0.000211366
1.4168 1.71823 0.293868 -2.30516 0.000209377
1.4352 1.72361 0.291131 -2.31458 0.00020743
1.4536 1.72894 0.288439 -2.32389 0.000205525
1.472 1.73423 0.28579 -2.33308 0.000203661
1.4904 1.73946 0.283183 -2.34215 0.000201836
1.5088 1.74465 0.280616 -2.35112 0.000200048
1.5272 1.74979 0.27809 -2.35998 0.000198298
1.5456 1.75488 0.275602 -2.36873 0.000196583
1.564 1.75993 0.273153 -2.37738 0.000194902
1.5824 1.76493 0.27074 -2.38593 0.000193256
1.6008 1.76989 0.268363 -2.39438 0.000191642
1.6192 1.77481 0.266021 -2.40273 0.00019006
1.6376 1.77968 0.263714 -2.41098 0.000188508
1.656 1.78452 0.26144 -2.41914 0.000186987
1.6744 1.78931 0.259199 -2.42721 0.000185494
1.6928 1.79405 0.256989 -2.43518 0.00018403
1.7112 1.79876 0.254811 -2.44307 0.000182594
1.7296 1.80343 0.252663 -2.45087 0.000181184
1.748 1.80806 0.250544 -2.45859 0.000179801
1.7664 1.81265 0.248455 -2.46622 0.000178443
1.7848 1.8172 0.246394 -2.47376 0.000177109
1.8032 1.82172 0.244361 -2.48123 0.0001758
1.8216 1.8262 0.242354 -2.48861 0.000174514
1.84 1.83064 0.240374 -2.49592 0.000173251
1.8584 1.83504 0.238421 -2.50315 0.00017201
1.8768 1.83941 0.236492 -2.5103 0.000170791
1.8952 1.84375 0.234588 -2.51738 0.000169593
1.9136 1.84804 0.232709 -2.52439 0.000168415
1.932 1.85231 0.230853 -2.53132 0.000167258
1.9504 1.85654 0.229021 -2.53818 0.00016612
1.9688 1.86074 0.227211 -2.54497 0.000165002
1.9872 1.8649 0.225423 -2.5517 0.000163902
2.0056 1.86903 0.223658 -2.55835 0.000162821
2.024 1.87313 0.221913 -2.56494 0.000161757
2.0424 1.8772 0.22019 -2.57146 0.00016071
2.0608 1.88124 0.218487 -2.57792 0.000159681
2.0792 1.88524 0.216804 -2.58431 0.000158668
2.0976 1.88921 0.215141 -2.59064 0.000157672
2.116 1.89316 0.213497 -2.59691 0.000156691
2.1344 1.89707 0.211873 -2.60312 0.000155726
2.1528 1.90095 0.210266 -2.60927 0.000154775
2.1712 1.90481 0.208678 -2.61536 0.00015384
2.1896 1.90863 0.207108 -2.62139 0.000152919
2.208 1.91243 0.205556 -2.62736 0.000152012
2.2264 1.9162 0.20402 -2.63328 0.00015112
2.2448 1.91994 0.202501 -2.63914 0.00015024
2.2632 1.92365 0.200999 -2.64495 0.000149374
2.2816 1.92734 0.199513 -2.6507 0.000148521
2.3 1.93099 0.198044 -2.6564 0.00014768
2.3184 1.93462 0.196589 -2.66204 0.000146852
2.3368 1.93823 0.19515 -2.66764 0.000146037
2.3552 1.94181 0.193727 -2.67318 0.000145233
2.3736 1.94536 0.192318 -2.67867 0.00014444
2.392 1.94888 0.190923 -2.68411 0.000143659
2.4104 1.95238 0.189543 -2.6895 0.00014289
2.4288 1.95586 0.188177 -2.69485 0.000142131
2.4472 1.95931 0.186824 -2.70014 0.000141383
2.4656 1.96273 0.185486 -2.70539 0.000140646
2.484 1.96613 0.18416 -2.7106 0.000139919
2.5024 1.96951 0.182848 -2.71575 0.000139202
2.5208 1.97286 0.181548 -2.72086 0.000138495
2.5392 1.97619 0.180261 -2.72593 0.000137797
2.5576 1.9795 0.178987 -2.73095 0.00013711
2.576 1.98278 0.177725 -2.73592 0.000136431
2.5944 1.98604 0.176474 -2.74086 0.000135762
2.6128 1.98927 0.175236 -2.74575 0.000135102
2.6312 1.99249 0.174009 -2.7506 0.000134451
2.6496 1.99568 0.172794 -2.75541 0.000133808
2.668 1.99884 0.17159 -2.76017 0.000133174
2.6864 2.00199 0.170397 -2.7649 0.000132548
2.7048 2.00511 0.169215 -2.76958 0.00013193
2.7232 2.00822 0.168043 -2.77423 0.000131321
2.7416 2.0113 0.166882 -2.77883 0.000130719
2.76 2.01436 0.165732 -2.7834 0.000130126
2.7784 2.0174 0.164591 -2.78793 0.000129539
2.7968 2.02042 0.163461 -2.79242 0.000128961
2.8152 2.02341 0.162341 -2.79687 0.00012839
2.8336 2.02639 0.16123 -2.80129 0.000127825
2.852 2.02935 0.160129 -2.80567 0.000127269
2.8704 2.03228 0.159037 -2.81001 0.000126719
2.8888 2.0352 0.157955 -2.81432 0.000126175
2.9072 2.0381 0.156882 -2.81859 0.000125639
2.9256 2.04097 0.155817 -2.82283 0.00012511
2.944 2.04383 0.154762 -2.82703 0.000124586
2.9624 2.04667 0.153715 -2.8312 0.00012407
2.9808 2.04949 0.152677 -2.83533 0.000123559
2.9992 2.05229 0.151648 -2.83943 0.000123055
3.0176 2.05507 0.150627 -2.8435 0.000122557
3.036 2.05783 0.149614 -2.84753 0.000122065
3.0544 2.06057 0.148609 -2.85153 0.000121579
3.0728 2.0633 0.147612 -2.8555 0.000121098
3.0912 2.06601 0.146623 -2.85944 0.000120624
3.1096 2.06869 0.145642 -2.86335 0.000120154
3.128 2.07137 0.144669 -2.86722 0.000119691
3.1464 2.07402 0.143703 -2.87107 0.000119233
3.1648 2.07665 0.142744 -2.87488 0.00011878
3.1832 2.07927 0.141793 -2.87866 0.000118333
3.2016 2.08187 0.140849 -2.88242 0.000117891
3.22 2.08445 0.139912 -2.88614 0.000117453
3.2384 2.08702 0.138982 -2.88984 0.000117021
3.2568 2.08957 0.138059 -2.8935 0.000116594
3.2752 2.0921 0.137143 -2.89714 0.000116172
3.2936 2.09462 0.136234 -2.90075 0.000115755
3.312 2.09711 0.135331 -2.90433 0.000115342
3.3304 2.0996 0.134435 -2.90788 0.000114934
3.3488 2.10206 0.133545 -2.9114 0.000114531
3.3672 2.10451 0.132662 -2.9149 0.000114132
3.3856 2.10694 0.131785 -2.91837 0.000113737
3.404 2.10936 0.130914 -2.92181 0.000113347
3.4224 2.11176 0.130049 -2.92523 0.000112962
3.4408 2.11415 0.129191 -2.92862 0.00011258
3.4592 2.11652 0.128338 -2.93198 0.000112203
3.4776 2.11887 0.127491 -2.93532 0.00011183
3.496 2.12121 0.12665 -2.93863 0.000111461
3.5144 2.12353 0.125814 -2.94191 0.000111096
3.5328 2.12584 0.124985 -2.94517 0.000110736
3.5512 2.12813 0.124161 -2.94841 0.000110379
3.5696 2.13041 0.123342 -2.95162 0.000110025
3.588 2.13267 0.122529 -2.95481 0.000109676
3.6064 2.13492 0.121721 -2.95797 0.000109331
3.6248 2.13715 0.120918 -2.96111 0.000108989
3.6432 2.13937 0.120121 -2.96422 0.000108651
3.6616 2.14157 0.119329 -2.96731 0.000108316
3.68 2.14376 0.118542 -2.97038 0.000107985
3.6984 2.14593 0.11776 -2.97342 0.000107658
3.7168 2.14809 0.116983 -2.97644 0.000107334
3.7352 2.15024 0.11621 -2.97944 0.000107013
3.7536 2.15237 0.115443 -2.98241 0.000106696
3.772 2.15448 0.11468 -2.98536 0.000106382
3.7904 2.15659 0.113922 -2.98829 0.000106071
3.8088 2.15868 0.113169 -2.9912 0.000105764
3.8272 2.16075 0.11242 -2.99409 0.00010546
3.8456 2.16281 0.111676 -2.99695 0.000105159
3.864 2.16486 0.110937 -2.99979 0.000104861
3.8824 2.1669 0.110202 -3.00261 0.000104566
3.9008 2.16892 0.109471 -3.00541 0.000104275
3.9192 2.17092 0.108744 -3.00819 0.000103986
3.9376 2.17292 0.108022 -3.01094 0.0001037
3.956 2.1749 0.107304 -3.01368 0.000103418
3.9744 2.17687 0.10659 -3.0164 0.000103138
3.9928 2.17882 0.10588 -3.01909 0.000102861
4.0112 2.18076 0.105175 -3.02176 0.000102586
4.0296 2.18269 0.104473 -3.02442 0.000102315
4.048 2.18461 0.103775 -3.02705 0.000102046
4.0664 2.18651 0.103081 -3.02967 0.00010178
4.0848 2.1884 0.102391 -3.03226 0.000101517
4.1032 2.19028 0.101705 -3.03484 0.000101257
4.1216 2.19214 0.101023 -3.03739 0.000100999
4.14 2.194 0.100344 -3.03993 0.000100743
4.1584 2.19584 0.0996695 -3.04244 0.00010049
4.1768 2.19767 0.0989982 -3.04494 0.00010024
4.1952 2.19948 0.0983306 -3.04742 9.99924e-05
4.2136 2.20128 0.0976665 -3.04988 9.97471e-05
4.232 2.20307 0.0970059 -3.05232 9.95043e-05
4.2504 2.20485 0.0963488 -3.05474 9.92639e-05
4.2688 2.20662 0.0956952 -3.05715 9.90259e-05
4.2872 2.20838 0.0950449 -3.05954 9.87903e-05
4.3056 2.21012 0.094398 -3.0619 9.8557e-05
4.324 2.21185 0.0937544 -3.06425 9.8326e-05
4.3424 2.21357 0.0931141 -3.06659 9.80973e-05
4.3608 2.21528 0.092477 -3.0689 9.78708e-05
4.3792 2.21697 0.0918432 -3.0712 9.76467e-05
4.3976 2.21866 0.0912125 -3.07348 9.74247e-05
4.416 2.22033 0.0905849 -3.07574 9.72049e-05
4.4344 2.22199 0.0899604 -3.07798 9.69873e-05
4.4528 2.22364 0.089339 -3.08021 9.67718e-05
4.4712 2.22528 0.0887206 -3.08242 9.65584e-05
4.4896 2.2269 0.0881052 -3.08462 9.63472e-05
4.508 2.22852 0.0874928 -3.08679 9.6138e-05
4.5264 2.23012 0.0868833 -3.08895 9.59309e-05
4.5448 2.23172 0.0862766 -3.0911 9.57258e-05
4.5632 2.2333 0.0856728 -3.09322 9.55227e-05
4.5816 2.23487 0.0850719 -3.09533 9.53216e-05
4.6 2.23643 0.0844737 -3.09743 9.51225e-05
4.6184 2.23798 0.0838783 -3.09951 9.49253e-05
4.6368 2.23952 0.0832856 -3.10157 9.473e-05
4.6552 2.24104 0.0826957 -3.10362 9.45367e-05
4.6736 2.24256 0.0821084 -3.10565 9.43453e-05
4.692 2.24406 0.0815237 -3.10766 9.41557e-05
4.7104 2.24556 0.0809416 -3.10966 9.3968e-05
4.7288 2.24704 0.0803621 -3.11164 9.37821e-05
4.7472 2.24852 0.0797852 -3.11361 9.3598e-05
4.7656 2.24998 0.0792108 -3.11556 9.34158e-05
4.784 2.25143 0.0786388 -3.1175 9.32353e-05
4.8024 2.25287 0.0780694 -3.11942 9.30565e-05
4.8208 2.2543 0.0775024 -3.12133 9.28796e-05
4.8392 2.25573 0.0769377 -3.12322 9.27043e-05
4.8576 2.25714 0.0763755 -3.12509 9.25308e-05
4.876 2.25854 0.0758156 -3.12695 9.2359e-05
4.8944 2.25993 0.0752581 -3.1288 9.21888e-05
4.9128 2.26131 0.0747028 -3.13063 9.20203e-05
4.9312 2.26267 0.0741499 -3.13245 9.18535e-05
4.9496 2.26403 0.0735992 -3.13425 9.16883e-05
4.968 2.26538 0.0730507 -3.13604 9.15247e-05
4.9864 2.26672 0.0725044 -3.13781 9.13627e-05
5.0048 2.26805 0.0719603 -3.13957 9.12023e-05
5.0232 2.26937 0.0714183 -3.14132 9.10435e-05
5.0416 2.27068 0.0708785 -3.14305 9.08863e-05
5.06 2.27198 0.0703408 -3.14477 9.07306e-05
5.0784 2.27327 0.0698052 -3.14647 9.05764e-05
5.0968 2.27455 0.0692716 -3.14816 9.04238e-05
5.1152 2.27582 0.0687401 -3.14983 9.02726e-05
5.1336 2.27708 0.0682106 -3.1515 9.0123e-05
5.152 2.27833 0.067683 -3.15314 8.99748e-05
5.1704 2.27957 0.0671575 -3.15478 8.98282e-05
5.1888 2.2808 0.0666339 -3.1564 8.96829e-05
5.2072 2.28202 0.0661122 -3.158 8.95391e-05
5.2256 2.28323 0.0655924 -3.1596 8.93968e-05
5.244 2.28443 0.0650745 -3.16118 8.92558e-05
5.2624 2.28563 0.0645585 -3.16274 8.91163e-05
5.2808 2.28681 0.0640443 -3.1643 8.89782e-05
5.2992 2.28798 0.0635319 -3.16584 8.88414e-05
5.3176 2.28915 0.0630213 -3.16736 8.8706e-05
5.336 2.2903 0.0625125 -3.16888 8.8572e-05
5.3544 2.29145 0.0620055 -3.17038 8.84393e-05
5.3728 2.29258 0.0615002 -3.17187 8.8308e-05
5.3912 2.29371 0.0609966 -3.17334 8.8178e-05
5.4096 2.29483 0.0604947 -3.1748 8.80493e-05
5.428 2.29594 0.0599945 -3.17625 8.7922e-05
5.4464 2.29704 0.059496 -3.17769 8.77959e-05
5.4648 2.29813 0.0589991 -3.17911 8.76711e-05
5.4832 2.29921 0.0585039 -3.18052 8.75476e-05
5.5016 2.30028 0.0580102 -3.18192 8.74254e-05
5.52 2.30134 0.0575182 -3.18331 8.73044e-05
5.5384 2.3024 0.0570277 -3.18468 8.71847e-05
5.5568 2.30344 0.0565387 -3.18605 8.70662e-05
5.5752 2.30448 0.0560514 -3.1874 8.69489e-05
5.5936 2.3055 0.0555655 -3.18873 8.68329e-05
5.612 2.30652 0.0550811 -3.19006 8.6718e-05
5.6304 2.30753 0.0545982 -3.19137 8.66044e-05
5.6488 2.30853 0.0541168 -3.19267 8.6492e-05
5.6672 2.30952 0.0536368 -3.19396 8.63807e-05
5.6856 2.31051 0.0531582 -3.19524 8.62707e-05
5.704 2.31148 0.0526811 -3.1965 8.61618e-05
5.7224 2.31244 0.0522054 -3.19775 8.6054e-05
5.7408 2.3134 0.051731 -3.19899 8.59474e-05
5.7592 2.31435 0.051258 -3.20022 8.5842e-05
5.7776 2.31529 0.0507864 -3.20144 8.57377e-05
5.796 2.31622 0.0503161 -3.20265 8.56345e-05
5.8144 2.31714 0.0498471 -3.20384 8.55325e-05
5.8328 2.31805 0.0493795 -3.20502 8.54315e-05
5.8512 2.31896 0.0489131 -3.20619 8.53317e-05
5.8696 2.31985 0.048448 -3.20735 8.5233e-05
5.888 2.32074 0.0479841 -3.2085 8.51353e-05
5.9064 2.32162 0.0475215 -3.20963 8.50388e-05
5.9248 2.32249 0.0470601 -3.21076 8.49433e-05
5.9432 2.32335 0.0466 -3.21187 8.48489e-05
5.9616 2.3242 0.046141 -3.21297 8.47556e-05
5.98 2.32505 0.0456832 -3.21407 8.46633e-05
5.9984 2.32588 0.0452266 -3.21514 8.45721e-05
6.0168 2.32671 0.0447711 -3.21621 8.44819e-05
6.0352 2.32753 0.0443168 -3.21727 8.43927e-05
6.0536 2.32834 0.0438636 -3.21832 8.43046e-05
6.072 2.32914 0.0434115 -3.21935 8.42175e-05
6.0904 2.32994 0.0429606 -3.22037 8.41314e-05
6.1088 2.33073 0.0425107 -3.22139 8.40464e-05
6.1272 2.3315 0.0420618 -3.22239 8.39623e-05
6.1456 2.33227 0.0416141 -3.22338 8.38793e-05
6.164 2.33304 0.0411674 -3.22436 8.37972e-05
6.1824 2.33379 0.0407217 -3.22533 8.37161e-05
6.2008 2.33453 0.040277 -3.22629 8.3636e-05
6.2192 2.33527 0.0398333 -3.22723 8.35569e-05
6.2376 2.336 0.0393907 -3.22817 8.34788e-05
6.256 2.33672 0.038949 -3.2291 8.34016e-05
6.2744 2.33743 0.0385082 -3.23001 8.33254e-05
6.2928 2.33814 0.0380685 -3.23092 8.32502e-05
6.3112 2.33883 0.0376296 -3.23181 8.31759e-05
6.3296 2.33952 0.0371917 -3.23269 8.31026e-05
6.348 2.3402 0.0367547 -3.23357 8.30302e-05
6.3664 2.34087 0.0363186 -3.23443 8.29587e-05
6.3848 2.34154 0.0358834 -3.23528 8.28882e-05
6.4032 2.3422 0.0354491 -3.23612 8.28186e-05
6.4216 2.34284 0.0350157 -3.23695 8.27499e-05
6.44 2.34348 0.0345831 -3.23777 8.26821e-05
6.4584 2.34412 0.0341513 -3.23858 8.26153e-05
6.4768 2.34474 0.0337204 -3.23938 8.25493e-05
6.4952 2.34536 0.0332903 -3.24017 8.24843e-05
6.5136 2.34597 0.032861 -3.24095 8.24202e-05
6.532 2.34657 0.0324325 -3.24172 8.23569e-05
6.5504 2.34716 0.0320047 -3.24247 8.22946e-05
6.5688 2.34774 0.0315778 -3.24322 8.22331e-05
6.5872 2.34832 0.0311516 -3.24396 8.21725e-05
6.6056 2.34889 0.0307261 -3.24469 8.21129e-05
6.624 2.34945 0.0303014 -3.2454 8.2054e-05
6.6424 2.35001 0.0298774 -3.24611 8.19961e-05
6.6608 2.35055 0.0294542 -3.24681 8.1939e-05
6.6792 2.35109 0.0290316 -3.24749 8.18828e-05
6.6976 2.35162 0.0286097 -3.24817 8.18275e-05
6.716 2.35214 0.0281886 -3.24884 8.1773e-05
6.7344 2.35266 0.027768 -3.24949 8.17194e-05
6.7528 2.35316 0.0273482 -3.25014 8.16666e-05
6.7712 2.35366 0.026929 -3.25078 8.16147e-05
6.7896 2.35416 0.0265104 -3.25141 8.15636e-05
6.808 2.35464 0.0260924 -3.25202 8.15133e-05
6.8264 2.35512 0.0256751 -3.25263 8.14639e-05
6.8448 2.35558 0.0252584 -3.25323 8.14153e-05
6.8632 2.35605 0.0248423 -3.25381 8.13676e-05
6.8816 2.3565 0.0244267 -3.25439 8.13207e-05
6.9 2.35694 0.0240118 -3.25496 8.12746e-05
6.9184 2.35738 0.0235973 -3.25552 8.12293e-05
6.9368 2.35781 0.0231835 -3.25606 8.11849e-05
6.9552 2.35824 0.0227702 -3.2566 8.11413e-05
6.9736 2.35865 0.0223574 -3.25713 8.10984e-05
6.992 2.35906 0.0219452 -3.25765 8.10564e-05
7.0104 2.35946 0.0215334 -3.25816 8.10153e-05
7.0288 2.35985 0.0211222 -3.25866 8.09749e-05
7.0472 2.36024 0.0207114 -3.25915 8.09353e-05
7.0656 2.36061 0.0203012 -3.25963 8.08965e-05
7.084 2.36098 0.0198914 -3.2601 8.08585e-05
7.1024 2.36134 0.019482 -3.26056 8.08214e-05
7.1208 2.3617 0.0190731 -3.26101 8.0785e-05
7.1392 2.36205 0.0186647 -3.26145 8.07494e-05
7.1576 2.36239 0.0182567 -3.26188 8.07146e-05
7.176 2.36272 0.0178491 -3.2623 8.06806e-05
7.1944 2.36304 0.0174419 -3.26271 8.06473e-05
7.2128 2.36336 0.0170352 -3.26312 8.06149e-05
7.2312 2.36367 0.0166288 -3.26351 8.05832e-05
7.2496 2.36397 0.0162228 -3.26389 8.05523e-05
7.268 2.36427 0.0158172 -3.26427 8.05222e-05
7.2864 2.36455 0.0154119 -3.26463 8.04929e-05
7.3048 2.36483 0.015007 -3.26499 8.04644e-05
7.3232 2.36511 0.0146025 -3.26533 8.04366e-05
7.3416 2.36537 0.0141982 -3.26567 8.04096e-05
7.36 2.36563 0.0137943 -3.266 8.03833e-05
7.3784 2.36588 0.0133908 -3.26631 8.03578e-05
7.3968 2.36612 0.0129875 -3.26662 8.03331e-05
7.4152 2.36636 0.0125845 -3.26692 8.03092e-05
7.4336 2.36658 0.0121818 -3.26721 8.0286e-05
7.452 2.36681 0.0117794 -3.26749 8.02636e-05
7.4704 2.36702 0.0113773 -3.26776 8.02419e-05
7.4888 2.36722 0.0109754 -3.26802 8.0221e-05
7.5072 2.36742 0.0105738 -3.26827 8.02009e-05
7.5256 2.36761 0.0101724 -3.26851 8.01815e-05
7.544 2.3678 0.00977124 -3.26874 8.01629e-05
7.5624 2.36797 0.00937031 -3.26897 8.0145e-05
7.5808 2.36814 0.00896959 -3.26918 8.01279e-05
7.5992 2.3683 0.00856907 -3.26939 8.01115e-05
7.6176 2.36846 0.00816875 -3.26958 8.00959e-05
7.636 2.3686 0.00776862 -3.26977 8.00811e-05
7.6544 2.36874 0.00736866 -3.26994 8.0067e-05
7.6728 2.36887 0.00696887 -3.27011 8.00536e-05
7.6912 2.369 0.00656924 -3.27027 8.0041e-05
7.7096 2.36912 0.00616976 -3.27042 8.00291e-05
7.728 2.36923 0.00577042 -3.27056 8.0018e-05
7.7464 2.36933 0.00537121 -3.27069 8.00076e-05
7.7648 2.36942 0.00497212 -3.27081 7.9998e-05
7.7832 2.36951 0.00457314 -3.27092 7.99891e-05
7.8016 2.36959 0.00417427 -3.27102 7.99809e-05
7.82 2.36967 0.00377549 -3.27111 7.99735e-05
7.8384 2.36973 0.0033768 -3.2712 7.99669e-05
7.8568 2.36979 0.00297819 -3.27127 7.9961e-05
7.8752 2.36984 0.00257964 -3.27133 7.99558e-05
7.8936 2.36988 0.00218115 -3.27139 7.99514e-05
7.912 2.36992 0.00178271 -3.27144 7.99477e-05
7.9304 2.36995 0.00138431 -3.27147 7.99447e-05
7.9488 2.36997 0.000985941 -3.2715 7.99425e-05
7.9672 2.36999 0.000587595 -3.27152 7.99411e-05
7.9856 2.36999 0.000189263 -3.27153 7.99403e-05
8.004 2.36999 -0.000209065 -3.27153 7.99403e-05
8.0224 2.36999 -0.000607398 -3.27152 7.99411e-05
8.0408 2.36997 -0.00100574 -3.2715 7.99426e-05
8.0592 2.36995 -0.00140411 -3.27147 7.99449e-05
8.0776 2.36992 -0.00180252 -3.27143 7.99478e-05
8.096 2.36988 -0.00220096 -3.27139 7.99516e-05
8.1144 2.36984 -0.00259945 -3.27133 7.9956e-05
8.1328 2.36979 -0.002998 -3.27127 7.99612e-05
8.1512 2.36973 -0.00339662 -3.27119 7.99672e-05
8.1696 2.36966 -0.00379532 -3.27111 7.99739e-05
8.188 2.36959 -0.0041941 -3.27101 7.99813e-05
8.2064 2.36951 -0.00459298 -3.27091 7.99895e-05
8.2248 2.36942 -0.00499196 -3.2708 7.99984e-05
8.2432 2.36932 -0.00539105 -3.27068 8.00081e-05
8.2616 2.36922 -0.00579027 -3.27055 8.00185e-05
8.28 2.36911 -0.00618962 -3.27041 8.00297e-05
8.2984 2.36899 -0.00658911 -3.27026 8.00416e-05
8.3168 2.36887 -0.00698874 -3.2701 8.00542e-05
8.3352 2.36874 -0.00738854 -3.26993 8.00676e-05
8.3536 2.3686 -0.00778851 -3.26976 8.00818e-05
8.372 2.36845 -0.00818865 -3.26957 8.00967e-05
8.3904 2.36829 -0.00858898 -3.26938 8.01123e-05
8.4088 2.36813 -0.0089895 -3.26917 8.01287e-05
8.4272 2.36796 -0.00939023 -3.26896 8.01459e-05
8.4456 2.36779 -0.00979118 -3.26873 8.01638e-05
8.464 2.3676 -0.0101923 -3.2685 8.01825e-05
8.4824 2.36741 -0.0105937 -3.26826 8.02019e-05
8.5008 2.36721 -0.0109954 -3.26801 8.02221e-05
8.5192 2.36701 -0.0113973 -3.26774 8.0243e-05
8.5376 2.36679 -0.0117994 -3.26747 8.02647e-05
8.556 2.36657 -0.0122018 -3.26719 8.02872e-05
8.5744 2.36635 -0.0126046 -3.2669 8.03104e-05
8.5928 2.36611 -0.0130075 -3.26661 8.03343e-05
8.6112 2.36587 -0.0134108 -3.2663 8.03591e-05
8.6296 2.36562 -0.0138144 -3.26598 8.03846e-05
8.648 2.36536 -0.0142183 -3.26565 8.04109e-05
8.6664 2.36509 -0.0146226 -3.26532 8.04379e-05
8.6848 2.36482 -0.0150271 -3.26497 8.04658e-05
8.7032 2.36454 -0.0154321 -3.26461 8.04943e-05
8.7216 2.36425 -0.0158373 -3.26425 8.05237e-05
8.74 2.36396 -0.016243 -3.26387 8.05539e-05
8.7584 2.36365 -0.016649 -3.26349 8.05848e-05
8.7768 2.36334 -0.0170554 -3.2631 8.06165e-05
8.7952 2.36303 -0.0174622 -3.26269 8.0649e-05
8.8136 2.3627 -0.0178694 -3.26228 8.06822e-05
8.832 2.36237 -0.018277 -3.26186 8.07163e-05
8.8504 2.36203 -0.018685 -3.26143 8.07511e-05
8.8688 2.36168 -0.0190935 -3.26098 8.07868e-05
8.8872 2.36133 -0.0195024 -3.26053 8.08232e-05
8.9056 2.36096 -0.0199117 -3.26007 8.08604e-05
8.924 2.36059 -0.0203215 -3.2596 8.08984e-05
8.9424 2.36022 -0.0207318 -3.25912 8.09372e-05
8.9608 2.35983 -0.0211426 -3.25863 8.09769e-05
8.9792 2.35944 -0.0215539 -3.25813 8.10173e-05
8.9976 2.35904 -0.0219656 -3.25762 8.10585e-05
9.016 2.35863 -0.0223779 -3.2571 8.11006e-05
9.0344 2.35821 -0.0227907 -3.25658 8.11434e-05
9.0528 2.35779 -0.0232041 -3.25604 8.11871e-05
9.0712 2.35736 -0.0236179 -3.25549 8.12316e-05
9.0896 2.35692 -0.0240324 -3.25493 8.12769e-05
9.108 2.35648 -0.0244474 -3.25436 8.1323e-05
9.1264 2.35602 -0.0248629 -3.25378 8.13699e-05
9.1448 2.35556 -0.0252791 -3.2532 8.14177e-05
9.1632 2.35509 -0.0256959 -3.2526 8.14663e-05
9.1816 2.35462 -0.0261132 -3.25199 8.15158e-05
9.2 2.35413 -0.0265312 -3.25137 8.15661e-05
9.2184 2.35364 -0.0269498 -3.25075 8.16172e-05
9.2368 2.35314 -0.027369 -3.25011 8.16692e-05
9.2552 2.35263 -0.0277889 -3.24946 8.1722e-05
9.2736 2.35212 -0.0282095 -3.24881 8.17757e-05
9.292 2.35159 -0.0286307 -3.24814 8.18302e-05
9.3104 2.35106 -0.0290526 -3.24746 8.18856e-05
9.3288 2.35052 -0.0294752 -3.24677 8.19418e-05
9.3472 2.34998 -0.0298985 -3.24608 8.1999e-05
9.3656 2.34942 -0.0303225 -3.24537 8.20569e-05
9.384 2.34886 -0.0307473 -3.24465 8.21158e-05
9.4024 2.34829 -0.0311728 -3.24392 8.21755e-05
9.4208 2.34772 -0.031599 -3.24318 8.22362e-05
9.4392 2.34713 -0.032026 -3.24244 8.22977e-05
9.4576 2.34654 -0.0324537 -3.24168 8.236e-05
9.476 2.34594 -0.0328823 -3.24091 8.24233e-05
9.4944 2.34533 -0.0333116 -3.24013 8.24875e-05
9.5128 2.34471 -0.0337418 -3.23934 8.25526e-05
9.5312 2.34409 -0.0341727 -3.23854 8.26186e-05
9.5496 2.34345 -0.0346045 -3.23773 8.26855e-05
9.568 2.34281 -0.0350372 -3.23691 8.27533e-05
9.5864 2.34216 -0.0354707 -3.23608 8.2822e-05
9.6048 2.34151 -0.035905 -3.23524 8.28916e-05
9.6232 2.34084 -0.0363403 -3.23438 8.29622e-05
9.6416 2.34017 -0.0367764 -3.23352 8.30337e-05
9.66 2.33949 -0.0372135 -3.23265 8.31062e-05
9.6784 2.3388 -0.0376514 -3.23177 8.31796e-05
9.6968 2.3381 -0.0380903 -3.23087 8.32539e-05
9.7152 2.3374 -0.0385301 -3.22997 8.33292e-05
9.7336 2.33668 -0.0389709 -3.22905 8.34055e-05
9.752 2.33596 -0.0394126 -3.22812 8.34827e-05
9.7704 2.33523 -0.0398554 -3.22719 8.35608e-05
9.7888 2.3345 -0.0402991 -3.22624 8.364e-05
9.8072 2.33375 -0.0407438 -3.22528 8.37201e-05
9.8256 2.333 -0.0411895 -3.22431 8.38013e-05
9.844 2.33224 -0.0416363 -3.22333 8.38834e-05
9.8624 2.33147 -0.0420841 -3.22234 8.39665e-05
9.8808 2.33069 -0.042533 -3.22134 8.40506e-05
9.8992 2.3299 -0.0429829 -3.22032 8.41357e-05
9.9176 2.32911 -0.043434 -3.2193 8.42218e-05
9.936 2.3283 -0.0438861 -3.21826 8.4309e-05
9.9544 2.32749 -0.0443394 -3.21722 8.43971e-05
9.9728 2.32667 -0.0447937 -3.21616 8.44863e-05
9.9912 2.32584 -0.0452493 -3.21509 8.45766e-05
10.0096 2.325 -0.0457059 -3.21401 8.46679e-05
10.028 2.32416 -0.0461638 -3.21292 8.47602e-05
10.0464 2.32331 -0.0466228 -3.21182 8.48536e-05
10.0648 2.32244 -0.047083 -3.2107 8.4948e-05
10.0832 2.32157 -0.0475445 -3.20958 8.50436e-05
10.1016 2.32069 -0.0480071 -3.20844 8.51402e-05
10.12 2.31981 -0.0484711 -3.20729 8.52379e-05
10.1384 2.31891 -0.0489362 -3.20613 8.53367e-05
10.1568 2.31801 -0.0494027 -3.20496 8.54365e-05
10.1752 2.31709 -0.0498704 -3.20378 8.55375e-05
10.1936 2.31617 -0.0503395 -3.20259 8.56396e-05
10.212 2.31524 -0.0508098 -3.20138 8.57429e-05
10.2304 2.3143 -0.0512815 -3.20016 8.58472e-05
10.2488 2.31335 -0.0517546 -3.19893 8.59527e-05
10.2672 2.3124 -0.052229 -3.19769 8.60594e-05
10.2856 2.31143 -0.0527048 -3.19644 8.61672e-05
10.304 2.31046 -0.053182 -3.19517 8.62761e-05
10.3224 2.30947 -0.0536606 -3.1939 8.63862e-05
10.3408 2.30848 -0.0541407 -3.19261 8.64975e-05
10.3592 2.30748 -0.0546222 -3.19131 8.661e-05
10.3776 2.30647 -0.0551051 -3.18999 8.67237e-05
10.396 2.30545 -0.0555896 -3.18867 8.68386e-05
10.4144 2.30443 -0.0560755 -3.18733 8.69547e-05
10.4328 2.30339 -0.056563 -3.18598 8.7072e-05
10.4512 2.30234 -0.057052 -3.18462 8.71906e-05
10.4696 2.30129 -0.0575426 -3.18324 8.73104e-05
10.488 2.30023 -0.0580347 -3.18185 8.74314e-05
10.5064 2.29915 -0.0585285 -3.18046 8.75537e-05
10.5248 2.29807 -0.0590238 -3.17904 8.76773e-05
10.5432 2.29698 -0.0595208 -3.17762 8.78021e-05
10.5616 2.29588 -0.0600194 -3.17618 8.79283e-05
10.58 2.29477 -0.0605196 -3.17473 8.80557e-05
10.5984 2.29366 -0.0610216 -3.17327 8.81844e-05
10.6168 2.29253 -0.0615253 -3.17179 8.83145e-05
10.6352 2.29139 -0.0620306 -3.1703 8.84459e-05
10.6536 2.29025 -0.0625378 -3.1688 8.85786e-05
10.672 2.28909 -0.0630466 -3.16729 8.87127e-05
10.6904 2.28793 -0.0635573 -3.16576 8.88482e-05
10.7088 2.28675 -0.0640698 -3.16422 8.8985e-05
10.7272 2.28557 -0.0645841 -3.16267 8.91232e-05
10.7456 2.28437 -0.0651002 -3.1611 8.92628e-05
10.764 2.28317 -0.0656182 -3.15952 8.94038e-05
10.7824 2.28196 -0.0661381 -3.15792 8.95462e-05
10.8008 2.28074 -0.0666598 -3.15632 8.96901e-05
10.8192 2.27951 -0.0671836 -3.1547 8.98354e-05
10.8376 2.27827 -0.0677092 -3.15306 8.99822e-05
10.856 2.27701 -0.0682368 -3.15141 9.01304e-05
10.8744 2.27575 -0.0687665 -3.14975 9.02801e-05
10.8928 2.27448 -0.0692981 -3.14808 9.04313e-05
10.9112 2.2732 -0.0698318 -3.14639 9.05841e-05
10.9296 2.27191 -0.0703675 -3.14468 9.07383e-05
10.948 2.27061 -0.0709053 -3.14296 9.08941e-05
10.9664 2.26931 -0.0714452 -3.14123 9.10514e-05
10.9848 2.26799 -0.0719873 -3.13949 9.12103e-05
11.0032 2.26666 -0.0725315 -3.13773 9.13707e-05
11.0216 2.26532 -0.0730779 -3.13595 9.15328e-05
11.04 2.26397 -0.0736265 -3.13416 9.16965e-05
11.0584 2.26261 -0.0741773 -3.13236 9.18617e-05
11.0768 2.26124 -0.0747304 -3.13054 9.20287e-05
11.0952 2.25986 -0.0752858 -3.12871 9.21972e-05
11.1136 2.25847 -0.0758434 -3.12686 9.23675e-05
11.132 2.25707 -0.0764034 -3.125 9.25394e-05
11.1504 2.25565 -0.0769658 -3.12312 9.2713e-05
11.1688 2.25423 -0.0775305 -3.12123 9.28883e-05
11.1872 2.2528 -0.0780976 -3.11932 9.30654e-05
11.2056 2.25136 -0.0786672 -3.1174 9.32442e-05
11.224 2.24991 -0.0792393 -3.11546 9.34248e-05
11.2424 2.24844 -0.0798138 -3.11351 9.36071e-05
11.2608 2.24697 -0.0803909 -3.11154 9.37913e-05
11.2792 2.24548 -0.0809705 -3.10956 9.39773e-05
11.2976 2.24399 -0.0815527 -3.10756 9.41651e-05
11.316 2.24248 -0.0821375 -3.10554 9.43547e-05
11.3344 2.24097 -0.0827249 -3.10351 9.45463e-05
11.3528 2.23944 -0.083315 -3.10147 9.47397e-05
11.3712 2.2379 -0.0839079 -3.0994 9.4935e-05
11.3896 2.23635 -0.0845034 -3.09733 9.51323e-05
11.408 2.23479 -0.0851017 -3.09523 9.53315e-05
11.4264 2.23322 -0.0857028 -3.09312 9.55327e-05
11.4448 2.23164 -0.0863067 -3.09099 9.57359e-05
11.4632 2.23004 -0.0869135 -3.08885 9.59411e-05
11.4816 2.22844 -0.0875232 -3.08669 9.61483e-05
11.5 2.22682 -0.0881357 -3.08451 9.63576e-05
11.5184 2.2252 -0.0887513 -3.08231 9.6569e-05
11.5368 2.22356 -0.0893698 -3.0801 9.67825e-05
11.5552 2.22191 -0.0899914 -3.07787 9.6998e-05
11.5736 2.22025 -0.090616 -3.07563 9.72158e-05
11.592 2.21857 -0.0912437 -3.07336 9.74357e-05
11.6104 2.21689 -0.0918746 -3.07108 9.76577e-05
11.6288 2.21519 -0.0925086 -3.06879 9.7882e-05
11.6472 2.21348 -0.0931458 -3.06647 9.81086e-05
11.6656 2.21176 -0.0937863 -3.06414 9.83374e-05
11.684 2.21003 -0.0944301 -3.06179 9.85685e-05
11.7024 2.20829 -0.0950771 -3.05942 9.88019e-05
11.7208 2.20653 -0.0957276 -3.05703 9.90377e-05
11.7392 2.20477 -0.0963814 -3.05462 9.92758e-05
11.7576 2.20299 -0.0970387 -3.0522 9.95163e-05
11.776 2.20119 -0.0976994 -3.04976 9.97593e-05
11.7944 2.19939 -0.0983637 -3.0473 0.000100005
11.8128 2.19757 -0.0990315 -3.04482 0.000100253
11.8312 2.19575 -0.099703 -3.04232 0.000100503
11.8496 2.19391 -0.100378 -3.0398 0.000100756
11.868 2.19205 -0.101057 -3.03726 0.000101011
11.8864 2.19019 -0.101739 -3.03471 0.000101269
11.9048 2.18831 -0.102426 -3.03213 0.00010153
11.9232 2.18642 -0.103116 -3.02954 0.000101794
11.9416 2.18451 -0.10381 -3.02692 0.00010206
11.96 2.1826 -0.104508 -3.02429 0.000102328
11.9784 2.18067 -0.10521 -3.02163 0.0001026
11.9968 2.17873 -0.105915 -3.01896 0.000102874
12.0152 2.17677 -0.106625 -3.01626 0.000103151
12.0336 2.1748 -0.107339 -3.01354 0.000103432
12.052 2.17282 -0.108058 -3.01081 0.000103714
12.0704 2.17082 -0.10878 -3.00805 0.000104
12.0888 2.16882 -0.109507 -3.00527 0.000104289
12.1072 2.1668 -0.110238 -3.00247 0.000104581
12.1256 2.16476 -0.110973 -2.99965 0.000104876
12.144 2.16271 -0.111713 -2.99681 0.000105174
12.1624 2.16065 -0.112458 -2.99394 0.000105475
12.1808 2.15857 -0.113206 -2.99106 0.000105779
12.1992 2.15648 -0.11396 -2.98815 0.000106087
12.2176 2.15438 -0.114718 -2.98522 0.000106398
12.236 2.15226 -0.115481 -2.98227 0.000106712
12.2544 2.15013 -0.116249 -2.97929 0.000107029
12.2728 2.14798 -0.117021 -2.97629 0.00010735
12.2912 2.14582 -0.117798 -2.97327 0.000107674
12.3096 2.14365 -0.118581 -2.97023 0.000108002
12.328 2.14146 -0.119368 -2.96716 0.000108333
12.3464 2.13926 -0.120161 -2.96407 0.000108667
12.3648 2.13704 -0.120958 -2.96095 0.000109006
12.3832 2.1348 -0.121761 -2.95781 0.000109348
12.4016 2.13256 -0.122569 -2.95465 0.000109693
12.42 2.13029 -0.123383 -2.95146 0.000110043
12.4384 2.12802 -0.124201 -2.94825 0.000110396
12.4568 2.12572 -0.125026 -2.94501 0.000110753
12.4752 2.12341 -0.125856 -2.94175 0.000111115
12.4936 2.12109 -0.126692 -2.93846 0.00011148
12.512 2.11875 -0.127533 -2.93515 0.000111849
12.5304 2.1164 -0.12838 -2.93181 0.000112222
12.5488 2.11403 -0.129233 -2.92845 0.000112599
12.5672 2.11164 -0.130092 -2.92506 0.000112981
12.5856 2.10924 -0.130957 -2.92164 0.000113367
12.604 2.10682 -0.131828 -2.9182 0.000113757
12.6224 2.10439 -0.132706 -2.91472 0.000114152
12.6408 2.10194 -0.133589 -2.91123 0.000114551
12.6592 2.09947 -0.134479 -2.9077 0.000114954
12.6776 2.09699 -0.135376 -2.90415 0.000115362
12.696 2.09449 -0.136279 -2.90057 0.000115775
12.7144 2.09198 -0.137189 -2.89696 0.000116193
12.7328 2.08944 -0.138105 -2.89332 0.000116615
12.7512 2.08689 -0.139028 -2.88965 0.000117043
12.7696 2.08433 -0.139958 -2.88596 0.000117475
12.788 2.08174 -0.140896 -2.88223 0.000117912
12.8064 2.07914 -0.14184 -2.87848 0.000118355
12.8248 2.07652 -0.142792 -2.87469 0.000118803
12.8432 2.07389 -0.14375 -2.87088 0.000119256
12.8616 2.07123 -0.144717 -2.86703 0.000119714
12.88 2.06856 -0.145691 -2.86315 0.000120178
12.8984 2.06587 -0.146672 -2.85925 0.000120647
12.9168 2.06316 -0.147662 -2.85531 0.000121122
12.9352 2.06044 -0.148659 -2.85134 0.000121603
12.9536 2.05769 -0.149664 -2.84733 0.000122089
12.972 2.05493 -0.150677 -2.8433 0.000122581
12.9904 2.05215 -0.151699 -2.83923 0.00012308
13.0088 2.04935 -0.152729 -2.83513 0.000123584
13.0272 2.04653 -0.153767 -2.83099 0.000124095
13.0456 2.04369 -0.154814 -2.82682 0.000124612
13.064 2.04083 -0.15587 -2.82262 0.000125136
13.0824 2.03795 -0.156935 -2.81838 0.000125666
13.1008 2.03505 -0.158008 -2.81411 0.000126202
13.1192 2.03214 -0.159091 -2.8098 0.000126746
13.1376 2.0292 -0.160183 -2.80545 0.000127296
13.156 2.02624 -0.161285 -2.80107 0.000127853
13.1744 2.02326 -0.162396 -2.79665 0.000128418
13.1928 2.02027 -0.163517 -2.7922 0.000128989
13.2112 2.01725 -0.164648 -2.7877 0.000129568
13.2296 2.01421 -0.165789 -2.78317 0.000130155
13.248 2.01115 -0.16694 -2.7786 0.000130749
13.2664 2.00806 -0.168101 -2.774 0.000131351
13.2848 2.00496 -0.169273 -2.76935 0.000131961
13.3032 2.00183 -0.170456 -2.76466 0.000132579
13.3216 1.99869 -0.171649 -2.75994 0.000133205
13.34 1.99552 -0.172854 -2.75517 0.00013384
13.3584 1.99233 -0.17407 -2.75036 0.000134483
13.3768 1.98911 -0.175297 -2.74551 0.000135134
13.3952 1.98588 -0.176536 -2.74061 0.000135795
13.4136 1.98262 -0.177787 -2.73568 0.000136465
13.432 1.97933 -0.17905 -2.7307 0.000137144
13.4504 1.97603 -0.180325 -2.72568 0.000137832
13.4688 1.9727 -0.181613 -2.72061 0.00013853
13.4872 1.96934 -0.182913 -2.7155 0.000139237
13.5056 1.96597 -0.184226 -2.71034 0.000139955
13.524 1.96256 -0.185552 -2.70513 0.000140682
13.5424 1.95914 -0.186891 -2.69988 0.00014142
13.5608 1.95569 -0.188244 -2.69458 0.000142168
13.5792 1.95221 -0.189611 -2.68924 0.000142928
13.5976 1.94871 -0.190992 -2.68384 0.000143698
13.616 1.94518 -0.192387 -2.6784 0.000144479
13.6344 1.94163 -0.193797 -2.6729 0.000145272
13.6528 1.93805 -0.195222 -2.66736 0.000146077
13.6712 1.93444 -0.196661 -2.66176 0.000146893
13.6896 1.93081 -0.198116 -2.65611 0.000147722
13.708 1.92715 -0.199587 -2.65041 0.000148563
13.7264 1.92347 -0.201074 -2.64466 0.000149417
13.7448 1.91975 -0.202577 -2.63885 0.000150284
13.7632 1.91601 -0.204096 -2.63299 0.000151164
13.7816 1.91224 -0.205632 -2.62707 0.000152057
13.8 1.90844 -0.207186 -2.62109 0.000152965
13.8184 1.90462 -0.208757 -2.61506 0.000153886
13.8368 1.90076 -0.210346 -2.60896 0.000154822
13.8552 1.89688 -0.211953 -2.60281 0.000155773
13.8736 1.89296 -0.213579 -2.5966 0.000156739
13.892 1.88902 -0.215223 -2.59033 0.000157721
13.9104 1.88504 -0.216887 -2.584 0.000158718
13.9288 1.88104 -0.218571 -2.5776 0.000159732
13.9472 1.877 -0.220275 -2.57114 0.000160762
13.9656 1.87293 -0.222 -2.56461 0.000161809
13.984 1.86883 -0.223745 -2.55802 0.000162874
14.0024 1.8647 -0.225512 -2.55136 0.000163956
14.0208 1.86053 -0.2273 -2.54464 0.000165057
14.0392 1.85633 -0.229111 -2.53784 0.000166176
14.0576 1.8521 -0.230945 -2.53098 0.000167315
14.076 1.84783 -0.232802 -2.52404 0.000168473
14.0944 1.84353 -0.234682 -2.51703 0.000169652
14.1128 1.8392 -0.236587 -2.50995 0.000170851
14.1312 1.83482 -0.238517 -2.50279 0.000172071
14.1496 1.83042 -0.240472 -2.49556 0.000173313
14.168 1.82597 -0.242453 -2.48825 0.000174577
14.1864 1.8215 -0.244461 -2.48086 0.000175864
14.2048 1.81698 -0.246496 -2.47339 0.000177175
14.2232 1.81242 -0.248558 -2.46584 0.000178509
14.2416 1.80783 -0.250649 -2.4582 0.000179869
14.26 1.8032 -0.252769 -2.45049 0.000181254
14.2784 1.79853 -0.254918 -2.44268 0.000182665
14.2968 1.79382 -0.257098 -2.43479 0.000184102
14.3152 1.78907 -0.259309 -2.42681 0.000185568
14.3336 1.78428 -0.261552 -2.41874 0.000187062
14.352 1.77944 -0.263828 -2.41057 0.000188585
14.3704 1.77457 -0.266137 -2.40231 0.000190137
14.3888 1.76965 -0.26848 -2.39396 0.000191721
14.4072 1.76469 -0.270859 -2.3855 0.000193337
14.4256 1.75968 -0.273274 -2.37695 0.000194985
14.444 1.75463 -0.275725 -2.3683 0.000196667
14.4624 1.74953 -0.278215 -2.35954 0.000198384
14.4808 1.74439 -0.280743 -2.35068 0.000200136
14.4992 1.7392 -0.283311 -2.3417 0.000201925
14.5176 1.73397 -0.28592 -2.33262 0.000203753
14.536 1.72868 -0.288572 -2.32343 0.000205619
14.5544 1.72335 -0.291266 -2.31412 0.000207526
14.5728 1.71796 -0.294005 -2.30469 0.000209475
14.5912 1.71253 -0.296789 -2.29514 0.000211466
14.6096 1.70704 -0.299621 -2.28547 0.000213503
14.628 1.7015 -0.3025 -2.27568 0.000215585
14.6464 1.69591 -0.305429 -2.26576 0.000217714
14.6648 1.69026 -0.308409 -2.2557 0.000219893
14.6832 1.68456 -0.311441 -2.24552 0.000222122
14.7016 1.6788 -0.314528 -2.23519 0.000224404
14.72 1.67298 -0.31767 -2.22473 0.00022674
14.7384 1.66711 -0.320869 -2.21412 0.000229133
14.7568 1.66117 -0.324127 -2.20337 0.000231583
14.7752 1.65518 -0.327446 -2.19247 0.000234094
14.7936 1.64912 -0.330828 -2.18141 0.000236668
14.812 1.643 -0.334274 -2.1702 0.000239306
14.8304 1.63682 -0.337787 -2.15882 0.000242012
14.8488 1.63057 -0.341369 -2.14728 0.000244788
14.8672 1.62426 -0.345022 -2.13557 0.000247636
14.8856 1.61788 -0.348749 -2.12369 0.000250559
14.904 1.61142 -0.352551 -2.11162 0.000253561
14.9224 1.6049 -0.356432 -2.09938 0.000256644
14.9408 1.59831 -0.360394 -2.08694 0.000259812
14.9592 1.59164 -0.364441 -2.07431 0.000263068
14.9776 1.5849 -0.368574 -2.06148 0.000266415
14.996 1.57807 -0.372797 -2.04845 0.000269858
15.0144 1.57118 -0.377113 -2.03521 0.000273401
15.0328 1.5642 -0.381527 -2.02175 0.000277048
15.0512 1.55713 -0.38604 -2.00807 0.000280804
15.0696 1.54999 -0.390658 -1.99416 0.000284673
15.088 1.54276 -0.395383 -1.98002 0.00028866
15.1064 1.53544 -0.400221 -1.96563 0.000292771
15.1248 1.52803 -0.405176 -1.95099 0.000297012
15.1432 1.52053 -0.410252 -1.93609 0.000301388
15.1616 1.51293 -0.415454 -1.92092 0.000305907
15.18 1.50524 -0.420788 -1.90548 0.000310574
15.1984 1.49745 -0.426258 -1.88975 0.000315398
15.2168 1.48955 -0.431871 -1.87373 0.000320385
15.2352 1.48155 -0.437634 -1.8574 0.000325546
15.2536 1.47344 -0.443551 -1.84075 0.000330887
15.272 1.46523 -0.449631 -1.82378 0.00033642
15.2904 1.4569 -0.455881 -1.80648 0.000342153
15.3088 1.44845 -0.462308 -1.78882 0.000348098
15.3272 1.43988 -0.468921 -1.77079 0.000354267
15.3456 1.43119 -0.475728 -1.75239 0.000360672
15.364 1.42238 -0.48274 -1.73359 0.000367326
15.3824 1.41343 -0.489966 -1.71439 0.000374244
15.4008 1.40434 -0.497417 -1.69476 0.000381442
15.4192 1.39512 -0.505105 -1.67469 0.000388936
15.4376 1.38575 -0.513041 -1.65415 0.000396746
15.456 1.37624 -0.52124 -1.63313 0.000404889
15.4744 1.36657 -0.529715 -1.61161 0.000413388
15.4928 1.35674 -0.538481 -1.58957 0.000422266
15.5112 1.34675 -0.547556 -1.56697 0.000431547
15.5296 1.33659 -0.556956 -1.54379 0.00044126
15.548 1.32625 -0.566702 -1.52001 0.000451434
15.5664 1.31573 -0.576813 -1.4956 0.000462102
15.5848 1.30503 -0.587313 -1.47051 0.000473298
15.6032 1.29412 -0.598225 -1.44473 0.000485062
15.6216 1.28301 -0.609576 -1.4182 0.000497437
15.64 1.27168 -0.621394 -1.39089 0.00051047
15.6584 1.26014 -0.633712 -1.36275 0.000524211
15.6768 1.24836 -0.646562 -1.33374 0.000538719
15.6952 1.23634 -0.659983 -1.3038 0.000554055
15.7136 1.22407 -0.674014 -1.27287 0.00057029
15.732 1.21153 -0.688702 -1.24089 0.0005875
15.7504 1.19872 -0.704093 -1.2078 0.000605772
15.7688 1.18562 -0.720243 -1.1735 0.000625199
15.7872 1.17221 -0.737211 -1.13792 0.000645889
15.8056 1.15848 -0.755061 -1.10096 0.000667959
15.824 1.14442 -0.773864 -1.06252 0.000691541
15.8424 1.13 -0.7937 -1.02248 0.000716783
15.8608 1.1152 -0.814655 -0.980702 0.000743848
15.8792 1.10001 -0.836822 -0.937042 0.00077292
15.8976 1.0844 -0.860306 -0.89133 0.000804201
15.916 1.06834 -0.885219 -0.843376 0.000837917
15.9344 1.05181 -0.911679 -0.79296 0.000874317
15.9528 1.03478 -0.939815 -0.739834 0.000913667
15.9712 1.01722 -0.969756 -0.683712 0.000956256
15.9896 0.999085 -1.00163 -0.624267 0.00100238
16.008 0.980346 -1.03556 -0.56112 0.00105233
16.0264 0.960963 -1.07163 -0.493839 0.00110637
16.0448 0.940896 -1.10988 -0.421931 0.00116469
16.0632 0.920106 -1.15026 -0.344839 0.00122729
16.0816 0.898555 -1.19254 -0.261952 0.00129396
16.1 0.876212 -1.23628 -0.172625 0.00136397
16.1184 0.853056 -1.28065 -0.07623 0.00143594
16.1368 0.829088 -1.32435 0.0277521 0.00150744
16.1552 0.804336 -1.36545 0.139593 0.00157476
16.1736 0.77887 -1.40149 0.259143 0.0016328
16.192 0.752809 -1.4297 0.385695 0.00167548
16.2104 0.726321 -1.44758 0.517975 0.00169675
16.2288 0.699612 -1.45353 0.654346 0.00169206
16.2472 0.672906 -1.44726 0.793136 0.00165965
16.2656 0.646422 -1.42971 0.932945 0.00160097
16.284 0.620351 -1.40266 1.07279 0.00152013
16.3024 0.59485 -1.36819 1.21209 0.00142285
16.3208 0.570035 -1.32834 1.35058 0.00131522
16.3392 0.545989 -1.28489 1.48819 0.00120289
16.3576 0.522764 -1.23928 1.62494 0.0010905
16.376 0.500389 -1.19264 1.76092 0.000981551
16.3944 0.478876 -1.1458 1.89623 0.00087841
16.4128 0.458221 -1.09937 2.03098 0.000782524
16.4312 0.438414 -1.05379 2.16525 0.000694608
16.4496 0.419435 -1.00935 2.29912 0.000614847
16.468 0.401262 -0.966263 2.43265 0.000543066
16.4864 0.383868 -0.924637 2.5659 0.000478866
16.5048 0.367225 -0.884545 2.69891 0.000421715
16.5232 0.351307 -0.846014 2.83171 0.000371023
16.5416 0.336083 -0.809044 2.96433 0.000326182
16.56 0.321524 -0.773617 3.0968 0.0002866
16.5784 0.307604 -0.739698 3.22912 0.000251715
16.5968 0.294295 -0.707245 3.36133 0.000221006
16.6152 0.281569 -0.676211 3.49342 0.000193999
16.6336 0.269402 -0.646543 3.6254 0.000170263
16.652 0.257768 -0.61819 3.7573 0.000149412
16.6704 0.246645 -0.591096 3.88911 0.000131103
16.6888 0.236008 -0.565209 4.02084 0.00011503
16.7072 0.225838 -0.540476 4.1525 0.000100923
16.7256 0.216112 -0.516847 4.28408 8.85434e-05
16.744 0.206811 -0.494272 4.41561 7.76809e-05
16.7624 0.197917 -0.472703 4.54707 6.81502e-05
16.7808 0.18941 -0.452095 4.67848 5.97884e-05
16.7992 0.181274 -0.432404 4.80983 5.24523e-05
16.8176 0.173492 -0.413587 4.94114 4.60163e-05
16.836 0.166049 -0.395606 5.07239 4.037e-05
16.8544 0.158929 -0.378421 5.20361 3.54164e-05
16.8728 0.152118 -0.361996 5.33478 3.10705e-05
16.8912 0.145603 -0.346296 5.46591 2.72578e-05
16.9096 0.13937 -0.331289 5.59701 2.39128e-05
16.928 0.133408 -0.316942 5.72807 2.09781e-05
16.9464 0.127703 -0.303226 5.8591 1.84033e-05
16.9648 0.122245 -0.290112 5.9901 1.61443e-05
16.9832 0.117023 -0.277572 6.12108 1.41624e-05
17.0016 0.112027 -0.265581 6.25203 1.24235e-05
17.02 0.107247 -0.254114 6.38296 1.08978e-05
17.0384 0.102673 -0.243146 6.51387 9.55915e-06
17.0568 0.098296 -0.232657 6.64477 8.38466e-06
17.0752 0.0941081 -0.222624 6.77564 7.35417e-06
17.0936 0.0901008 -0.213026 6.90651 6.45003e-06
17.112 0.0862662 -0.203845 7.03736 5.65674e-06
17.1304 0.0825969 -0.195061 7.16821 4.96073e-06
17.1488 0.0790856 -0.186658 7.29905 4.35006e-06
17.1672 0.0757256 -0.178617 7.42989 3.81428e-06
17.1856 0.0725104 -0.170924 7.56073 3.34422e-06
17.204 0.0694336 -0.163562 7.69158 2.93181e-06
17.2224 0.0664894 -0.156517 7.82243 2.57e-06
17.2408 0.0636719 -0.149774 7.95329 2.25259e-06
17.2592 0.0609759 -0.143321 8.08416 1.97413e-06
17.2776 0.058396 -0.137145 8.21505 1.72986e-06
17.296 0.0559273 -0.131233 8.34597 1.51558e-06
17.3144 0.0535651 -0.125574 8.4769 1.32763e-06
17.3328 0.0513048 -0.120156 8.60787 1.16277e-06
17.3512 0.0491419 -0.114969 8.73887 1.01818e-06
17.3696 0.0470725 -0.110003 8.86991 8.91378e-07
17.388 0.0450925 -0.105248 9.00099 7.80177e-07
17.4064 0.0431982 -0.100695 9.13212 6.82669e-07
17.4248 0.0413858 -0.0963348 9.26331 5.97174e-07
17.4432 0.0396519 -0.0921589 9.39457 5.22222e-07
17.4616 0.0379932 -0.0881593 9.5259 4.56519e-07
17.48 0.0364066 -0.0843281 9.6573 3.98931e-07
17.4984 0.034889 -0.080658 9.7888 3.48463e-07
17.5168 0.0334375 -0.0771418 9.9204 3.04242e-07
17.5352 0.0320493 -0.0737727 10.0521 2.655e-07
17.5536 0.0307218 -0.0705443 10.1839 2.31567e-07
17.572 0.0294524 -0.0674502 10.3159 2.0185e-07
17.5904 0.0282388 -0.0644845 10.448 1.75833e-07
17.6088 0.0270786 -0.0616416 10.5803 1.5306e-07
17.6272 0.0259697 -0.0589159 10.7128 1.33133e-07
17.6456 0.0249098 -0.0563021 10.8454 1.15702e-07
17.664 0.0238971 -0.0537953 10.9783 1.00459e-07
17.6824 0.0229295 -0.0513907 11.1115 8.71358e-08
17.7008 0.0220053 -0.0490835 11.2449 7.54951e-08
17.7192 0.0211227 -0.0468695 11.3786 6.53295e-08
17.7376 0.02028 -0.0447443 11.5126 5.64571e-08
17.756 0.0194756 -0.0427038 11.6471 4.8718e-08
17.7744 0.018708 -0.0407442 11.7819 4.19721e-08
17.7928 0.0179757 -0.0388617 11.9172 3.60965e-08
17.8112 0.0172774 -0.0370527 12.053 3.09832e-08
17.8296 0.0166118 -0.0353136 12.1894 2.65377e-08
17.848 0.0159775 -0.0336412 12.3264 2.26769e-08
17.8664 0.0153734 -0.0320323 12.4641 1.93279e-08
17.8848 0.0147983 -0.0304837 12.6026 1.64269e-08
17.9032 0.0142512 -0.0289924 12.742 1.39178e-08
17.9216 0.0137311 -0.0275556 12.8823 1.17513e-08
17.94 0.0132369 -0.0261705 13.0238 9.88447e-09
17.9584 0.0127677 -0.0248344 13.1666 8.27926e-09
17.9768 0.0123227 -0.0235447 13.3107 6.90249e-09
17.9952 0.011901 -0.0222989 13.4565 5.72498e-09
18.0136 0.0115018 -0.0210945 13.604 4.72113e-09
18.032 0.0111245 -0.0199291 13.7537 3.86845e-09
18.0504 0.0107682 -0.0188004 13.9057 3.14718e-09
18.0688 0.0104324 -0.0177061 14.0604 2.53995e-09
18.0872 0.0101164 -0.0166441 14.2182 2.0315e-09
18.1056 0.00981971 -0.0156121 14.3796 1.60842e-09
18.124 0.00954172 -0.014608 14.5452 1.25887e-09
18.1424 0.00928197 -0.0136297 14.7157 9.7246e-10
18.1608 0.00904 -0.0126752 14.8919 7.40022e-10
18.1792 0.00881539 -0.0117423 15.0748 5.53479e-10
18.1976 0.00860777 -0.0108291 15.2659 4.05717e-10
18.216 0.00841678 -0.00993339 15.4666 2.90468e-10
18.2344 0.00824212 -0.00905328 15.6791 2.02218e-10
18.2528 0.00808353 -0.00818669 15.9062 1.36121e-10
18.2712 0.00794078 -0.0073316 16.1514 8.79365e-11
18.2896 0.00781367 -0.00648596 16.4197 5.3968e-11
18.308 0.00770205 -0.00564777 16.7182 3.1017e-11
18.3264 0.0076058 -0.00481501 17.0574 1.63439e-11
18.3448 0.00752484 -0.00398573 17.4538 7.63779e-12
18.3632 0.00745912 -0.00315805 17.9358 2.99085e-12
18.3816 0.00740862 -0.00233025 18.5578 8.79685e-13
18.4 0.00737337 -0.00150087 19.449 1.50123e-13
