-22.4 5.00077 -0.108946 -21.8251 -0.00751133
-22.3776 4.99833 -0.108982 -21.8192 -0.00752234
-22.3552 4.99589 -0.109018 -21.8134 -0.00753337
-22.3328 4.99344 -0.109054 -21.8075 -0.00754443
-22.3104 4.991 -0.10909 -21.8016 -0.00755552
-22.288 4.98856 -0.109126 -21.7957 -0.00756663
-22.2656 4.98611 -0.109163 -21.7899 -0.00757776
-22.2432 4.98367 -0.109199 -21.784 -0.00758893
-22.2208 4.98122 -0.109236 -21.7781 -0.00760011
-22.1984 4.97877 -0.109272 -21.7722 -0.00761133
-22.176 4.97632 -0.109309 -21.7663 -0.00762256
-22.1536 4.97388 -0.109345 -21.7604 -0.00763383
-22.1312 4.97143 -0.109382 -21.7545 -0.00764512
-22.1088 4.96898 -0.109419 -21.7486 -0.00765644
-22.0864 4.96652 -0.109455 -21.7426 -0.00766778
-22.064 4.96407 -0.109492 -21.7367 -0.00767915
-22.0416 4.96162 -0.109529 -21.7308 -0.00769054
-22.0192 4.95916 -0.109566 -21.7248 -0.00770197
-21.9968 4.95671 -0.109603 -21.7189 -0.00771341
-21.9744 4.95425 -0.10964 -21.7129 -0.00772489
-21.952 4.9518 -0.109677 -21.707 -0.00773639
-21.9296 4.94934 -0.109714 -21.701 -0.00774792
-21.9072 4.94688 -0.109752 -21.6951 -0.00775947
-21.8848 4.94442 -0.109789 -21.6891 -0.00777106
-21.8624 4.94196 -0.109826 -21.6831 -0.00778267
-21.84 4.9395 -0.109864 -21.6772 -0.0077943
-21.8176 4.93704 -0.109901 -21.6712 -0.00780597
-21.7952 4.93458 -0.109939 -21.6652 -0.00781766
-21.7728 4.93212 -0.109976 -21.6592 -0.00782937
-21.7504 4.92965 -0.110014 -21.6532 -0.00784112
-21.728 4.92719 -0.110052 -21.6472 -0.00785289
-21.7056 4.92472 -0.110089 -21.6412 -0.00786469
-21.6832 4.92226 -0.110127 -21.6352 -0.00787652
-21.6608 4.91979 -0.110165 -21.6292 -0.00788838
-21.6384 4.91732 -0.110203 -21.6232 -0.00790026
-21.616 4.91485 -0.110241 -21.6171 -0.00791217
-21.5936 4.91238 -0.110279 -21.6111 -0.00792411
-21.5712 4.90991 -0.110317 -21.6051 -0.00793608
-21.5488 4.90744 -0.110355 -21.599 -0.00794808
-21.5264 4.90497 -0.110393 -21.593 -0.0079601
-21.504 4.90249 -0.110432 -21.5869 -0.00797216
-21.4816 4.90002 -0.11047 -21.5809 -0.00798424
-21.4592 4.89755 -0.110508 -21.5748 -0.00799635
-21.4368 4.89507 -0.110547 -21.5687 -0.00800849
-21.4144 4.89259 -0.110585 -21.5627 -0.00802066
-21.392 4.89012 -0.110624 -21.5566 -0.00803285
-21.3696 4.88764 -0.110663 -21.5505 -0.00804508
-21.3472 4.88516 -0.110701 -21.5444 -0.00805734
-21.3248 4.88268 -0.11074 -21.5383 -0.00806962
-21.3024 4.8802 -0.110779 -21.5322 -0.00808193
-21.28 4.87771 -0.110818 -21.5261 -0.00809428
-21.2576 4.87523 -0.110857 -21.52 -0.00810665
-21.2352 4.87275 -0.110896 -21.5139 -0.00811905
-21.2128 4.87026 -0.110935 -21.5078 -0.00813148
-21.1904 4.86778 -0.110974 -21.5016 -0.00814395
-21.168 4.86529 -0.111013 -21.4955 -0.00815644
-21.1456 4.86281 -0.111052 -21.4894 -0.00816896
-21.1232 4.86032 -0.111092 -21.4832 -0.00818151
-21.1008 4.85783 -0.111131 -21.4771 -0.00819409
-21.0784 4.85534 -0.11117 -21.4709 -0.0082067
-21.056 4.85285 -0.11121 -21.4648 -0.00821935
-21.0336 4.85036 -0.11125 -21.4586 -0.00823202
-21.0112 4.84786 -0.111289 -21.4524 -0.00824472
-20.9888 4.84537 -0.111329 -21.4463 -0.00825746
-20.9664 4.84288 -0.111369 -21.4401 -0.00827022
-20.944 4.84038 -0.111408 -21.4339 -0.00828302
-20.9216 4.83789 -0.111448 -21.4277 -0.00829585
-20.8992 4.83539 -0.111488 -21.4215 -0.0083087
-20.8768 4.83289 -0.111528 -21.4153 -0.00832159
-20.8544 4.83039 -0.111568 -21.4091 -0.00833451
-20.832 4.82789 -0.111609 -21.4029 -0.00834747
-20.8096 4.82539 -0.111649 -21.3967 -0.00836045
-20.7872 4.82289 -0.111689 -21.3905 -0.00837346
-20.7648 4.82039 -0.111729 -21.3842 -0.00838651
-20.7424 4.81788 -0.11177 -21.378 -0.00839959
-20.72 4.81538 -0.11181 -21.3718 -0.0084127
-20.6976 4.81288 -0.111851 -21.3655 -0.00842584
-20.6752 4.81037 -0.111891 -21.3593 -0.00843902
-20.6528 4.80786 -0.111932 -21.353 -0.00845223
-20.6304 4.80536 -0.111973 -21.3467 -0.00846547
-20.608 4.80285 -0.112014 -21.3405 -0.00847874
-20.5856 4.80034 -0.112054 -21.3342 -0.00849204
-20.5632 4.79783 -0.112095 -21.3279 -0.00850538
-20.5408 4.79532 -0.112136 -21.3216 -0.00851875
-20.5184 4.7928 -0.112177 -21.3154 -0.00853215
-20.496 4.79029 -0.112219 -21.3091 -0.00854559
-20.4736 4.78778 -0.11226 -21.3028 -0.00855906
-20.4512 4.78526 -0.112301 -21.2965 -0.00857256
-20.4288 4.78274 -0.112342 -21.2901 -0.0085861
-20.4064 4.78023 -0.112384 -21.2838 -0.00859967
-20.384 4.77771 -0.112425 -21.2775 -0.00861327
-20.3616 4.77519 -0.112467 -21.2712 -0.00862691
-20.3392 4.77267 -0.112509 -21.2648 -0.00864058
-20.3168 4.77015 -0.11255 -21.2585 -0.00865428
-20.2944 4.76763 -0.112592 -21.2522 -0.00866802
-20.272 4.76511 -0.112634 -21.2458 -0.0086818
-20.2496 4.76258 -0.112676 -21.2395 -0.0086956
-20.2272 4.76006 -0.112718 -21.2331 -0.00870945
-20.2048 4.75753 -0.11276 -21.2267 -0.00872332
-20.1824 4.75501 -0.112802 -21.2203 -0.00873723
-20.16 4.75248 -0.112844 -21.214 -0.00875118
-20.1376 4.74995 -0.112886 -21.2076 -0.00876516
-20.1152 4.74742 -0.112929 -21.2012 -0.00877918
-20.0928 4.74489 -0.112971 -21.1948 -0.00879323
-20.0704 4.74236 -0.113013 -21.1884 -0.00880732
-20.048 4.73983 -0.113056 -21.182 -0.00882144
-20.0256 4.7373 -0.113099 -21.1756 -0.00883559
-20.0032 4.73476 -0.113141 -21.1691 -0.00884979
-19.9808 4.73223 -0.113184 -21.1627 -0.00886402
-19.9584 4.72969 -0.113227 -21.1563 -0.00887828
-19.936 4.72715 -0.11327 -21.1499 -0.00889258
-19.9136 4.72462 -0.113313 -21.1434 -0.00890692
-19.8912 4.72208 -0.113356 -21.137 -0.00892129
-19.8688 4.71954 -0.113399 -21.1305 -0.0089357
-19.8464 4.717 -0.113442 -21.124 -0.00895015
-19.824 4.71446 -0.113485 -21.1176 -0.00896463
-19.8016 4.71191 -0.113529 -21.1111 -0.00897915
-19.7792 4.70937 -0.113572 -21.1046 -0.00899371
-19.7568 4.70683 -0.113616 -21.0981 -0.0090083
-19.7344 4.70428 -0.113659 -21.0916 -0.00902293
-19.712 4.70173 -0.113703 -21.0851 -0.0090376
-19.6896 4.69919 -0.113746 -21.0786 -0.00905231
-19.6672 4.69664 -0.11379 -21.0721 -0.00906705
-19.6448 4.69409 -0.113834 -21.0656 -0.00908183
-19.6224 4.69154 -0.113878 -21.0591 -0.00909665
-19.6 4.68899 -0.113922 -21.0526 -0.00911151
-19.5776 4.68643 -0.113966 -21.046 -0.0091264
-19.5552 4.68388 -0.11401 -21.0395 -0.00914134
-19.5328 4.68133 -0.114055 -21.0329 -0.00915631
-19.5104 4.67877 -0.114099 -21.0264 -0.00917132
-19.488 4.67622 -0.114143 -21.0198 -0.00918637
-19.4656 4.67366 -0.114188 -21.0133 -0.00920146
-19.4432 4.6711 -0.114232 -21.0067 -0.00921658
-19.4208 4.66854 -0.114277 -21.0001 -0.00923175
-19.3984 4.66598 -0.114322 -20.9935 -0.00924696
-19.376 4.66342 -0.114366 -20.987 -0.0092622
-19.3536 4.66086 -0.114411 -20.9804 -0.00927748
-19.3312 4.65829 -0.114456 -20.9738 -0.00929281
-19.3088 4.65573 -0.114501 -20.9671 -0.00930817
-19.2864 4.65316 -0.114546 -20.9605 -0.00932358
-19.264 4.6506 -0.114592 -20.9539 -0.00933902
-19.2416 4.64803 -0.114637 -20.9473 -0.0093545
-19.2192 4.64546 -0.114682 -20.9407 -0.00937003
-19.1968 4.64289 -0.114728 -20.934 -0.00938559
-19.1744 4.64032 -0.114773 -20.9274 -0.0094012
-19.152 4.63775 -0.114819 -20.9207 -0.00941684
-19.1296 4.63518 -0.114864 -20.9141 -0.00943253
-19.1072 4.6326 -0.11491 -20.9074 -0.00944826
-19.0848 4.63003 -0.114956 -20.9007 -0.00946403
-19.0624 4.62745 -0.115002 -20.894 -0.00947984
-19.04 4.62488 -0.115048 -20.8874 -0.00949569
-19.0176 4.6223 -0.115094 -20.8807 -0.00951159
-18.9952 4.61972 -0.11514 -20.874 -0.00952753
-18.9728 4.61714 -0.115186 -20.8673 -0.0095435
-18.9504 4.61456 -0.115233 -20.8606 -0.00955952
-18.928 4.61198 -0.115279 -20.8538 -0.00957559
-18.9056 4.6094 -0.115326 -20.8471 -0.00959169
-18.8832 4.60681 -0.115372 -20.8404 -0.00960784
-18.8608 4.60423 -0.115419 -20.8337 -0.00962403
-18.8384 4.60164 -0.115466 -20.8269 -0.00964027
-18.816 4.59906 -0.115513 -20.8202 -0.00965654
-18.7936 4.59647 -0.115559 -20.8134 -0.00967286
-18.7712 4.59388 -0.115606 -20.8067 -0.00968923
-18.7488 4.59129 -0.115654 -20.7999 -0.00970564
-18.7264 4.5887 -0.115701 -20.7931 -0.00972209
-18.704 4.5861 -0.115748 -20.7863 -0.00973858
-18.6816 4.58351 -0.115795 -20.7795 -0.00975512
-18.6592 4.58092 -0.115843 -20.7727 -0.0097717
-18.6368 4.57832 -0.11589 -20.7659 -0.00978833
-18.6144 4.57573 -0.115938 -20.7591 -0.00980501
-18.592 4.57313 -0.115986 -20.7523 -0.00982172
-18.5696 4.57053 -0.116033 -20.7455 -0.00983848
-18.5472 4.56793 -0.116081 -20.7387 -0.00985529
-18.5248 4.56533 -0.116129 -20.7318 -0.00987214
-18.5024 4.56273 -0.116177 -20.725 -0.00988904
-18.48 4.56012 -0.116225 -20.7182 -0.00990599
-18.4576 4.55752 -0.116274 -20.7113 -0.00992298
-18.4352 4.55491 -0.116322 -20.7044 -0.00994001
-18.4128 4.55231 -0.11637 -20.6976 -0.00995709
-18.3904 4.5497 -0.116419 -20.6907 -0.00997422
-18.368 4.54709 -0.116468 -20.6838 -0.0099914
-18.3456 4.54448 -0.116516 -20.6769 -0.0100086
-18.3232 4.54187 -0.116565 -20.67 -0.0100259
-18.3008 4.53926 -0.116614 -20.6631 -0.0100432
-18.2784 4.53665 -0.116663 -20.6562 -0.0100606
-18.256 4.53404 -0.116712 -20.6493 -0.010078
-18.2336 4.53142 -0.116761 -20.6424 -0.0100954
-18.2112 4.5288 -0.11681 -20.6354 -0.0101129
-18.1888 4.52619 -0.11686 -20.6285 -0.0101305
-18.1664 4.52357 -0.116909 -20.6216 -0.0101481
-18.144 4.52095 -0.116959 -20.6146 -0.0101657
-18.1216 4.51833 -0.117008 -20.6077 -0.0101834
-18.0992 4.51571 -0.117058 -20.6007 -0.0102012
-18.0768 4.51308 -0.117108 -20.5937 -0.010219
-18.0544 4.51046 -0.117158 -20.5867 -0.0102368
-18.032 4.50784 -0.117208 -20.5798 -0.0102547
-18.0096 4.50521 -0.117258 -20.5728 -0.0102727
-17.9872 4.50258 -0.117308 -20.5658 -0.0102906
-17.9648 4.49995 -0.117358 -20.5588 -0.0103087
-17.9424 4.49733 -0.117408 -20.5517 -0.0103268
-17.92 4.49469 -0.117459 -20.5447 -0.0103449
-17.8976 4.49206 -0.117509 -20.5377 -0.0103631
-17.8752 4.48943 -0.11756 -20.5307 -0.0103814
-17.8528 4.4868 -0.117611 -20.5236 -0.0103996
-17.8304 4.48416 -0.117662 -20.5166 -0.010418
-17.808 4.48153 -0.117713 -20.5095 -0.0104364
-17.7856 4.47889 -0.117764 -20.5024 -0.0104548
-17.7632 4.47625 -0.117815 -20.4954 -0.0104733
-17.7408 4.47361 -0.117866 -20.4883 -0.0104919
-17.7184 4.47097 -0.117918 -20.4812 -0.0105105
-17.696 4.46833 -0.117969 -20.4741 -0.0105291
-17.6736 4.46568 -0.118021 -20.467 -0.0105478
-17.6512 4.46304 -0.118072 -20.4599 -0.0105666
-17.6288 4.46039 -0.118124 -20.4528 -0.0105854
-17.6064 4.45775 -0.118176 -20.4457 -0.0106043
-17.584 4.4551 -0.118228 -20.4385 -0.0106232
-17.5616 4.45245 -0.11828 -20.4314 -0.0106422
-17.5392 4.4498 -0.118332 -20.4243 -0.0106612
-17.5168 4.44715 -0.118384 -20.4171 -0.0106803
-17.4944 4.4445 -0.118437 -20.4099 -0.0106994
-17.472 4.44184 -0.118489 -20.4028 -0.0107186
-17.4496 4.43919 -0.118542 -20.3956 -0.0107378
-17.4272 4.43653 -0.118594 -20.3884 -0.0107571
-17.4048 4.43388 -0.118647 -20.3812 -0.0107765
-17.3824 4.43122 -0.1187 -20.374 -0.0107959
-17.36 4.42856 -0.118753 -20.3668 -0.0108154
-17.3376 4.4259 -0.118806 -20.3596 -0.0108349
-17.3152 4.42324 -0.118859 -20.3524 -0.0108544
-17.2928 4.42057 -0.118913 -20.3452 -0.0108741
-17.2704 4.41791 -0.118966 -20.3379 -0.0108938
-17.248 4.41524 -0.11902 -20.3307 -0.0109135
-17.2256 4.41258 -0.119073 -20.3234 -0.0109333
-17.2032 4.40991 -0.119127 -20.3162 -0.0109532
-17.1808 4.40724 -0.119181 -20.3089 -0.0109731
-17.1584 4.40457 -0.119235 -20.3017 -0.010993
-17.136 4.4019 -0.119289 -20.2944 -0.0110131
-17.1136 4.39923 -0.119343 -20.2871 -0.0110331
-17.0912 4.39655 -0.119397 -20.2798 -0.0110533
-17.0688 4.39388 -0.119452 -20.2725 -0.0110735
-17.0464 4.3912 -0.119506 -20.2652 -0.0110937
-17.024 4.38852 -0.119561 -20.2579 -0.0111141
-17.0016 4.38584 -0.119615 -20.2505 -0.0111344
-16.9792 4.38316 -0.11967 -20.2432 -0.0111549
-16.9568 4.38048 -0.119725 -20.2358 -0.0111754
-16.9344 4.3778 -0.11978 -20.2285 -0.0111959
-16.912 4.37512 -0.119835 -20.2211 -0.0112165
-16.8896 4.37243 -0.119891 -20.2138 -0.0112372
-16.8672 4.36975 -0.119946 -20.2064 -0.011258
-16.8448 4.36706 -0.120002 -20.199 -0.0112788
-16.8224 4.36437 -0.120057 -20.1916 -0.0112996
-16.8 4.36168 -0.120113 -20.1842 -0.0113205
-16.7776 4.35899 -0.120169 -20.1768 -0.0113415
-16.7552 4.3563 -0.120225 -20.1694 -0.0113626
-16.7328 4.3536 -0.120281 -20.162 -0.0113837
-16.7104 4.35091 -0.120337 -20.1545 -0.0114048
-16.688 4.34821 -0.120394 -20.1471 -0.0114261
-16.6656 4.34551 -0.12045 -20.1397 -0.0114473
-16.6432 4.34281 -0.120507 -20.1322 -0.0114687
-16.6208 4.34011 -0.120563 -20.1247 -0.0114901
-16.5984 4.33741 -0.12062 -20.1173 -0.0115116
-16.576 4.33471 -0.120677 -20.1098 -0.0115331
-16.5536 4.33201 -0.120734 -20.1023 -0.0115547
-16.5312 4.3293 -0.120791 -20.0948 -0.0115764
-16.5088 4.3266 -0.120848 -20.0873 -0.0115982
-16.4864 4.32389 -0.120906 -20.0798 -0.01162
-16.464 4.32118 -0.120963 -20.0723 -0.0116418
-16.4416 4.31847 -0.121021 -20.0647 -0.0116638
-16.4192 4.31576 -0.121079 -20.0572 -0.0116858
-16.3968 4.31304 -0.121137 -20.0497 -0.0117078
-16.3744 4.31033 -0.121195 -20.0421 -0.01173
-16.352 4.30762 -0.121253 -20.0345 -0.0117522
-16.3296 4.3049 -0.121311 -20.027 -0.0117744
-16.3072 4.30218 -0.121369 -20.0194 -0.0117967
-16.2848 4.29946 -0.121428 -20.0118 -0.0118191
-16.2624 4.29674 -0.121486 -20.0042 -0.0118416
-16.24 4.29402 -0.121545 -19.9966 -0.0118641
-16.2176 4.2913 -0.121604 -19.989 -0.0118867
-16.1952 4.28857 -0.121663 -19.9814 -0.0119094
-16.1728 4.28584 -0.121722 -19.9737 -0.0119322
-16.1504 4.28312 -0.121781 -19.9661 -0.011955
-16.128 4.28039 -0.121841 -19.9585 -0.0119778
-16.1056 4.27766 -0.1219 -19.9508 -0.0120008
-16.0832 4.27493 -0.12196 -19.9431 -0.0120238
-16.0608 4.2722 -0.12202 -19.9355 -0.0120469
-16.0384 4.26946 -0.12208 -19.9278 -0.01207
-16.016 4.26673 -0.12214 -19.9201 -0.0120933
-15.9936 4.26399 -0.1222 -19.9124 -0.0121166
-15.9712 4.26125 -0.12226 -19.9047 -0.0121399
-15.9488 4.25851 -0.122321 -19.897 -0.0121634
-15.9264 4.25577 -0.122381 -19.8892 -0.0121869
-15.904 4.25303 -0.122442 -19.8815 -0.0122105
-15.8816 4.25029 -0.122503 -19.8738 -0.0122341
-15.8592 4.24754 -0.122564 -19.866 -0.0122579
-15.8368 4.2448 -0.122625 -19.8582 -0.0122817
-15.8144 4.24205 -0.122686 -19.8505 -0.0123056
-15.792 4.2393 -0.122747 -19.8427 -0.0123295
-15.7696 4.23655 -0.122809 -19.8349 -0.0123535
-15.7472 4.2338 -0.122871 -19.8271 -0.0123776
-15.7248 4.23104 -0.122932 -19.8193 -0.0124018
-15.7024 4.22829 -0.122994 -19.8115 -0.0124261
-15.68 4.22553 -0.123056 -19.8037 -0.0124504
-15.6576 4.22278 -0.123118 -19.7958 -0.0124748
-15.6352 4.22002 -0.123181 -19.788 -0.0124993
-15.6128 4.21726 -0.123243 -19.7801 -0.0125238
-15.5904 4.2145 -0.123306 -19.7723 -0.0125485
-15.568 4.21173 -0.123369 -19.7644 -0.0125732
-15.5456 4.20897 -0.123431 -19.7565 -0.012598
-15.5232 4.2062 -0.123495 -19.7486 -0.0126228
-15.5008 4.20344 -0.123558 -19.7407 -0.0126478
-15.4784 4.20067 -0.123621 -19.7328 -0.0126728
-15.456 4.1979 -0.123684 -19.7249 -0.0126979
-15.4336 4.19513 -0.123748 -19.717 -0.0127231
-15.4112 4.19236 -0.123812 -19.7091 -0.0127484
-15.3888 4.18958 -0.123876 -19.7011 -0.0127737
-15.3664 4.18681 -0.12394 -19.6932 -0.0127991
-15.344 4.18403 -0.124004 -19.6852 -0.0128246
-15.3216 4.18125 -0.124068 -19.6772 -0.0128502
-15.2992 4.17847 -0.124133 -19.6693 -0.0128759
-15.2768 4.17569 -0.124197 -19.6613 -0.0129016
-15.2544 4.17291 -0.124262 -19.6533 -0.0129274
-15.232 4.17012 -0.124327 -19.6453 -0.0129534
-15.2096 4.16734 -0.124392 -19.6372 -0.0129793
-15.1872 4.16455 -0.124457 -19.6292 -0.0130054
-15.1648 4.16176 -0.124523 -19.6212 -0.0130316
-15.1424 4.15897 -0.124588 -19.6131 -0.0130578
-15.12 4.15618 -0.124654 -19.6051 -0.0130842
-15.0976 4.15339 -0.12472 -19.597 -0.0131106
-15.0752 4.15059 -0.124786 -19.5889 -0.0131371
-15.0528 4.1478 -0.124852 -19.5808 -0.0131637
-15.0304 4.145 -0.124918 -19.5727 -0.0131903
-15.008 4.1422 -0.124985 -19.5646 -0.0132171
-14.9856 4.1394 -0.125051 -19.5565 -0.0132439
-14.9632 4.1366 -0.125118 -19.5484 -0.0132709
-14.9408 4.13379 -0.125185 -19.5403 -0.0132979
-14.9184 4.13099 -0.125252 -19.5321 -0.013325
-14.896 4.12818 -0.125319 -19.524 -0.0133522
-14.8736 4.12537 -0.125387 -19.5158 -0.0133795
-14.8512 4.12257 -0.125454 -19.5076 -0.0134068
-14.8288 4.11975 -0.125522 -19.4994 -0.0134343
-14.8064 4.11694 -0.12559 -19.4912 -0.0134618
-14.784 4.11413 -0.125658 -19.483 -0.0134895
-14.7616 4.11131 -0.125726 -19.4748 -0.0135172
-14.7392 4.1085 -0.125794 -19.4666 -0.013545
-14.7168 4.10568 -0.125863 -19.4583 -0.013573
-14.6944 4.10286 -0.125932 -19.4501 -0.013601
-14.672 4.10004 -0.126 -19.4418 -0.0136291
-14.6496 4.09721 -0.126069 -19.4336 -0.0136573
-14.6272 4.09439 -0.126139 -19.4253 -0.0136855
-14.6048 4.09156 -0.126208 -19.417 -0.0137139
-14.5824 4.08873 -0.126277 -19.4087 -0.0137424
-14.56 4.0859 -0.126347 -19.4004 -0.013771
-14.5376 4.08307 -0.126417 -19.3921 -0.0137996
-14.5152 4.08024 -0.126487 -19.3838 -0.0138284
-14.4928 4.07741 -0.126557 -19.3754 -0.0138572
-14.4704 4.07457 -0.126628 -19.3671 -0.0138862
-14.448 4.07173 -0.126698 -19.3587 -0.0139152
-14.4256 4.06889 -0.126769 -19.3504 -0.0139444
-14.4032 4.06605 -0.12684 -19.342 -0.0139736
-14.3808 4.06321 -0.126911 -19.3336 -0.014003
-14.3584 4.06037 -0.126982 -19.3252 -0.0140324
-14.336 4.05752 -0.127053 -19.3168 -0.014062
-14.3136 4.05468 -0.127125 -19.3083 -0.0140916
-14.2912 4.05183 -0.127197 -19.2999 -0.0141213
-14.2688 4.04898 -0.127269 -19.2915 -0.0141512
-14.2464 4.04613 -0.127341 -19.283 -0.0141811
-14.224 4.04327 -0.127413 -19.2745 -0.0142112
-14.2016 4.04042 -0.127485 -19.2661 -0.0142413
-14.1792 4.03756 -0.127558 -19.2576 -0.0142716
-14.1568 4.0347 -0.127631 -19.2491 -0.0143019
-14.1344 4.03184 -0.127704 -19.2406 -0.0143324
-14.112 4.02898 -0.127777 -19.2321 -0.0143629
-14.0896 4.02612 -0.127851 -19.2235 -0.0143936
-14.0672 4.02325 -0.127924 -19.215 -0.0144244
-14.0448 4.02039 -0.127998 -19.2064 -0.0144552
-14.0224 4.01752 -0.128072 -19.1979 -0.0144862
-14 4.01465 -0.128146 -19.1893 -0.0145173
-13.9776 4.01178 -0.12822 -19.1807 -0.0145485
-13.9552 4.00891 -0.128295 -19.1721 -0.0145798
-13.9328 4.00603 -0.128369 -19.1635 -0.0146112
-13.9104 4.00316 -0.128444 -19.1549 -0.0146427
-13.888 4.00028 -0.128519 -19.1463 -0.0146743
-13.8656 3.9974 -0.128595 -19.1376 -0.0147061
-13.8432 3.99452 -0.12867 -19.129 -0.0147379
-13.8208 3.99163 -0.128746 -19.1203 -0.0147699
-13.7984 3.98875 -0.128822 -19.1116 -0.014802
-13.776 3.98586 -0.128898 -19.1029 -0.0148341
-13.7536 3.98297 -0.128974 -19.0942 -0.0148664
-13.7312 3.98008 -0.12905 -19.0855 -0.0148988
-13.7088 3.97719 -0.129127 -19.0768 -0.0149314
-13.6864 3.9743 -0.129204 -19.0681 -0.014964
-13.664 3.9714 -0.129281 -19.0593 -0.0149967
-13.6416 3.96851 -0.129358 -19.0506 -0.0150296
-13.6192 3.96561 -0.129435 -19.0418 -0.0150626
-13.5968 3.96271 -0.129513 -19.033 -0.0150957
-13.5744 3.95981 -0.129591 -19.0242 -0.0151289
-13.552 3.9569 -0.129669 -19.0154 -0.0151622
-13.5296 3.954 -0.129747 -19.0066 -0.0151957
-13.5072 3.95109 -0.129825 -18.9978 -0.0152292
-13.4848 3.94818 -0.129904 -18.9889 -0.0152629
-13.4624 3.94527 -0.129983 -18.9801 -0.0152967
-13.44 3.94236 -0.130062 -18.9712 -0.0153307
-13.4176 3.93944 -0.130141 -18.9624 -0.0153647
-13.3952 3.93653 -0.130221 -18.9535 -0.0153989
-13.3728 3.93361 -0.1303 -18.9446 -0.0154332
-13.3504 3.93069 -0.13038 -18.9357 -0.0154676
-13.328 3.92777 -0.13046 -18.9267 -0.0155021
-13.3056 3.92485 -0.130541 -18.9178 -0.0155368
-13.2832 3.92192 -0.130621 -18.9089 -0.0155716
-13.2608 3.91899 -0.130702 -18.8999 -0.0156065
-13.2384 3.91607 -0.130783 -18.8909 -0.0156415
-13.216 3.91314 -0.130864 -18.8819 -0.0156767
-13.1936 3.9102 -0.130946 -18.8729 -0.015712
-13.1712 3.90727 -0.131027 -18.8639 -0.0157474
-13.1488 3.90433 -0.131109 -18.8549 -0.015783
-13.1264 3.9014 -0.131191 -18.8459 -0.0158187
-13.104 3.89846 -0.131273 -18.8368 -0.0158545
-13.0816 3.89551 -0.131356 -18.8278 -0.0158904
-13.0592 3.89257 -0.131439 -18.8187 -0.0159265
-13.0368 3.88963 -0.131522 -18.8096 -0.0159627
-13.0144 3.88668 -0.131605 -18.8005 -0.015999
-12.992 3.88373 -0.131688 -18.7914 -0.0160355
-12.9696 3.88078 -0.131772 -18.7823 -0.0160721
-12.9472 3.87783 -0.131856 -18.7732 -0.0161088
-12.9248 3.87487 -0.13194 -18.764 -0.0161457
-12.9024 3.87192 -0.132024 -18.7549 -0.0161827
-12.88 3.86896 -0.132109 -18.7457 -0.0162199
-12.8576 3.866 -0.132194 -18.7365 -0.0162572
-12.8352 3.86303 -0.132279 -18.7273 -0.0162946
-12.8128 3.86007 -0.132364 -18.7181 -0.0163322
-12.7904 3.8571 -0.13245 -18.7089 -0.0163699
-12.768 3.85414 -0.132535 -18.6996 -0.0164077
-12.7456 3.85117 -0.132621 -18.6904 -0.0164457
-12.7232 3.8482 -0.132708 -18.6811 -0.0164838
-12.7008 3.84522 -0.132794 -18.6718 -0.0165221
-12.6784 3.84225 -0.132881 -18.6625 -0.0165605
-12.656 3.83927 -0.132968 -18.6532 -0.0165991
-12.6336 3.83629 -0.133055 -18.6439 -0.0166378
-12.6112 3.83331 -0.133142 -18.6346 -0.0166766
-12.5888 3.83032 -0.13323 -18.6252 -0.0167156
-12.5664 3.82734 -0.133318 -18.6159 -0.0167548
-12.544 3.82435 -0.133406 -18.6065 -0.0167941
-12.5216 3.82136 -0.133495 -18.5971 -0.0168335
-12.4992 3.81837 -0.133583 -18.5877 -0.0168731
-12.4768 3.81538 -0.133672 -18.5783 -0.0169129
-12.4544 3.81238 -0.133762 -18.5689 -0.0169528
-12.432 3.80939 -0.133851 -18.5595 -0.0169928
-12.4096 3.80639 -0.133941 -18.55 -0.017033
-12.3872 3.80339 -0.134031 -18.5405 -0.0170734
-12.3648 3.80038 -0.134121 -18.5311 -0.0171139
-12.3424 3.79738 -0.134212 -18.5216 -0.0171545
-12.32 3.79437 -0.134302 -18.5121 -0.0171954
-12.2976 3.79136 -0.134393 -18.5025 -0.0172363
-12.2752 3.78835 -0.134485 -18.493 -0.0172775
-12.2528 3.78533 -0.134576 -18.4835 -0.0173188
-12.2304 3.78232 -0.134668 -18.4739 -0.0173602
-12.208 3.7793 -0.13476 -18.4643 -0.0174018
-12.1856 3.77628 -0.134853 -18.4547 -0.0174436
-12.1632 3.77326 -0.134945 -18.4451 -0.0174856
-12.1408 3.77024 -0.135038 -18.4355 -0.0175277
-12.1184 3.76721 -0.135131 -18.4259 -0.0175699
-12.096 3.76418 -0.135225 -18.4162 -0.0176124
-12.0736 3.76115 -0.135319 -18.4065 -0.017655
-12.0512 3.75812 -0.135413 -18.3969 -0.0176978
-12.0288 3.75509 -0.135507 -18.3872 -0.0177407
-12.0064 3.75205 -0.135602 -18.3775 -0.0177838
-11.984 3.74901 -0.135696 -18.3677 -0.0178271
-11.9616 3.74597 -0.135792 -18.358 -0.0178705
-11.9392 3.74293 -0.135887 -18.3483 -0.0179141
-11.9168 3.73988 -0.135983 -18.3385 -0.0179579
-11.8944 3.73684 -0.136079 -18.3287 -0.0180019
-11.872 3.73379 -0.136175 -18.3189 -0.018046
-11.8496 3.73073 -0.136272 -18.3091 -0.0180904
-11.8272 3.72768 -0.136369 -18.2993 -0.0181349
-11.8048 3.72463 -0.136466 -18.2894 -0.0181795
-11.7824 3.72157 -0.136563 -18.2796 -0.0182244
-11.76 3.71851 -0.136661 -18.2697 -0.0182694
-11.7376 3.71545 -0.136759 -18.2598 -0.0183146
-11.7152 3.71238 -0.136857 -18.2499 -0.01836
-11.6928 3.70931 -0.136956 -18.24 -0.0184056
-11.6704 3.70625 -0.137055 -18.2301 -0.0184513
-11.648 3.70317 -0.137154 -18.2201 -0.0184973
-11.6256 3.7001 -0.137254 -18.2101 -0.0185434
-11.6032 3.69702 -0.137354 -18.2002 -0.0185897
-11.5808 3.69395 -0.137454 -18.1902 -0.0186363
-11.5584 3.69087 -0.137555 -18.1802 -0.0186829
-11.536 3.68778 -0.137655 -18.1701 -0.0187298
-11.5136 3.6847 -0.137757 -18.1601 -0.0187769
-11.4912 3.68161 -0.137858 -18.15 -0.0188242
-11.4688 3.67852 -0.13796 -18.14 -0.0188717
-11.4464 3.67543 -0.138062 -18.1299 -0.0189193
-11.424 3.67234 -0.138164 -18.1198 -0.0189672
-11.4016 3.66924 -0.138267 -18.1096 -0.0190152
-11.3792 3.66614 -0.13837 -18.0995 -0.0190635
-11.3568 3.66304 -0.138474 -18.0893 -0.0191119
-11.3344 3.65994 -0.138577 -18.0792 -0.0191606
-11.312 3.65684 -0.138681 -18.069 -0.0192094
-11.2896 3.65373 -0.138786 -18.0588 -0.0192585
-11.2672 3.65062 -0.13889 -18.0486 -0.0193078
-11.2448 3.64751 -0.138996 -18.0383 -0.0193572
-11.2224 3.64439 -0.139101 -18.0281 -0.0194069
-11.2 3.64127 -0.139207 -18.0178 -0.0194568
-11.1776 3.63815 -0.139313 -18.0075 -0.0195069
-11.1552 3.63503 -0.139419 -17.9972 -0.0195572
-11.1328 3.63191 -0.139526 -17.9869 -0.0196077
-11.1104 3.62878 -0.139633 -17.9766 -0.0196584
-11.088 3.62565 -0.13974 -17.9662 -0.0197094
-11.0656 3.62252 -0.139848 -17.9558 -0.0197605
-11.0432 3.61939 -0.139956 -17.9455 -0.0198119
-11.0208 3.61625 -0.140065 -17.9351 -0.0198635
-10.9984 3.61311 -0.140174 -17.9246 -0.0199153
-10.976 3.60997 -0.140283 -17.9142 -0.0199673
-10.9536 3.60683 -0.140392 -17.9037 -0.0200196
-10.9312 3.60368 -0.140502 -17.8933 -0.0200721
-10.9088 3.60053 -0.140613 -17.8828 -0.0201248
-10.8864 3.59738 -0.140723 -17.8723 -0.0201777
-10.864 3.59423 -0.140834 -17.8618 -0.0202308
-10.8416 3.59107 -0.140946 -17.8512 -0.0202842
-10.8192 3.58791 -0.141057 -17.8407 -0.0203378
-10.7968 3.58475 -0.14117 -17.8301 -0.0203917
-10.7744 3.58159 -0.141282 -17.8195 -0.0204458
-10.752 3.57842 -0.141395 -17.8089 -0.0205001
-10.7296 3.57526 -0.141508 -17.7982 -0.0205547
-10.7072 3.57208 -0.141622 -17.7876 -0.0206094
-10.6848 3.56891 -0.141736 -17.7769 -0.0206645
-10.6624 3.56574 -0.14185 -17.7662 -0.0207197
-10.64 3.56256 -0.141965 -17.7555 -0.0207753
-10.6176 3.55938 -0.14208 -17.7448 -0.020831
-10.5952 3.55619 -0.142196 -17.7341 -0.020887
-10.5728 3.553 -0.142312 -17.7233 -0.0209433
-10.5504 3.54982 -0.142428 -17.7125 -0.0209998
-10.528 3.54662 -0.142545 -17.7017 -0.0210565
-10.5056 3.54343 -0.142662 -17.6909 -0.0211135
-10.4832 3.54023 -0.14278 -17.6801 -0.0211708
-10.4608 3.53703 -0.142898 -17.6692 -0.0212283
-10.4384 3.53383 -0.143016 -17.6584 -0.021286
-10.416 3.53063 -0.143135 -17.6475 -0.021344
-10.3936 3.52742 -0.143254 -17.6366 -0.0214023
-10.3712 3.52421 -0.143374 -17.6256 -0.0214609
-10.3488 3.521 -0.143494 -17.6147 -0.0215197
-10.3264 3.51778 -0.143614 -17.6037 -0.0215787
-10.304 3.51456 -0.143735 -17.5928 -0.0216381
-10.2816 3.51134 -0.143857 -17.5817 -0.0216977
-10.2592 3.50812 -0.143978 -17.5707 -0.0217576
-10.2368 3.50489 -0.1441 -17.5597 -0.0218177
-10.2144 3.50166 -0.144223 -17.5486 -0.0218781
-10.192 3.49843 -0.144346 -17.5375 -0.0219388
-10.1696 3.49519 -0.14447 -17.5264 -0.0219998
-10.1472 3.49196 -0.144593 -17.5153 -0.022061
-10.1248 3.48872 -0.144718 -17.5042 -0.0221226
-10.1024 3.48547 -0.144843 -17.493 -0.0221844
-10.08 3.48223 -0.144968 -17.4818 -0.0222465
-10.0576 3.47898 -0.145094 -17.4706 -0.0223088
-10.0352 3.47573 -0.14522 -17.4594 -0.0223715
-10.0128 3.47247 -0.145346 -17.4482 -0.0224345
-9.9904 3.46922 -0.145473 -17.4369 -0.0224977
-9.968 3.46596 -0.145601 -17.4256 -0.0225613
-9.9456 3.46269 -0.145729 -17.4143 -0.0226251
-9.9232 3.45943 -0.145857 -17.403 -0.0226892
-9.9008 3.45616 -0.145986 -17.3916 -0.0227537
-9.8784 3.45289 -0.146116 -17.3803 -0.0228184
-9.856 3.44961 -0.146246 -17.3689 -0.0228835
-9.8336 3.44634 -0.146376 -17.3575 -0.0229488
-9.8112 3.44305 -0.146507 -17.3461 -0.0230145
-9.7888 3.43977 -0.146638 -17.3346 -0.0230804
-9.7664 3.43649 -0.14677 -17.3231 -0.0231467
-9.744 3.4332 -0.146902 -17.3116 -0.0232133
-9.7216 3.4299 -0.147035 -17.3001 -0.0232802
-9.6992 3.42661 -0.147168 -17.2886 -0.0233474
-9.6768 3.42331 -0.147302 -17.277 -0.023415
-9.6544 3.42001 -0.147436 -17.2655 -0.0234829
-9.632 3.41671 -0.147571 -17.2539 -0.0235511
-9.6096 3.4134 -0.147706 -17.2422 -0.0236196
-9.5872 3.41009 -0.147842 -17.2306 -0.0236884
-9.5648 3.40678 -0.147978 -17.2189 -0.0237576
-9.5424 3.40346 -0.148115 -17.2072 -0.0238271
-9.52 3.40014 -0.148253 -17.1955 -0.023897
-9.4976 3.39682 -0.14839 -17.1838 -0.0239672
-9.4752 3.39349 -0.148529 -17.172 -0.0240377
-9.4528 3.39016 -0.148668 -17.1603 -0.0241086
-9.4304 3.38683 -0.148807 -17.1485 -0.0241798
-9.408 3.3835 -0.148947 -17.1366 -0.0242514
-9.3856 3.38016 -0.149088 -17.1248 -0.0243233
-9.3632 3.37682 -0.149229 -17.1129 -0.0243956
-9.3408 3.37347 -0.14937 -17.101 -0.0244682
-9.3184 3.37013 -0.149513 -17.0891 -0.0245412
-9.296 3.36678 -0.149655 -17.0772 -0.0246145
-9.2736 3.36342 -0.149799 -17.0652 -0.0246882
-9.2512 3.36006 -0.149943 -17.0532 -0.0247623
-9.2288 3.3567 -0.150087 -17.0412 -0.0248368
-9.2064 3.35334 -0.150232 -17.0292 -0.0249116
-9.184 3.34997 -0.150377 -17.0171 -0.0249868
-9.1616 3.3466 -0.150524 -17.0051 -0.0250623
-9.1392 3.34323 -0.15067 -16.993 -0.0251383
-9.1168 3.33985 -0.150818 -16.9808 -0.0252146
-9.0944 3.33647 -0.150966 -16.9687 -0.0252913
-9.072 3.33309 -0.151114 -16.9565 -0.0253684
-9.0496 3.3297 -0.151263 -16.9443 -0.0254459
-9.0272 3.32631 -0.151413 -16.9321 -0.0255238
-9.0048 3.32292 -0.151563 -16.9198 -0.025602
-8.9824 3.31952 -0.151714 -16.9076 -0.0256807
-8.96 3.31612 -0.151865 -16.8953 -0.0257598
-8.9376 3.31272 -0.152018 -16.8829 -0.0258393
-8.9152 3.30931 -0.15217 -16.8706 -0.0259192
-8.8928 3.3059 -0.152324 -16.8582 -0.0259995
-8.8704 3.30249 -0.152478 -16.8458 -0.0260802
-8.848 3.29907 -0.152632 -16.8334 -0.0261613
-8.8256 3.29565 -0.152787 -16.8209 -0.0262429
-8.8032 3.29223 -0.152943 -16.8085 -0.0263248
-8.7808 3.2888 -0.1531 -16.796 -0.0264072
-8.7584 3.28537 -0.153257 -16.7834 -0.0264901
-8.736 3.28193 -0.153415 -16.7709 -0.0265733
-8.7136 3.27849 -0.153573 -16.7583 -0.026657
-8.6912 3.27505 -0.153733 -16.7457 -0.0267411
-8.6688 3.27161 -0.153892 -16.7331 -0.0268257
-8.6464 3.26816 -0.154053 -16.7204 -0.0269107
-8.624 3.26471 -0.154214 -16.7077 -0.0269962
-8.6016 3.26125 -0.154376 -16.695 -0.0270821
-8.5792 3.25779 -0.154538 -16.6823 -0.0271685
-8.5568 3.25433 -0.154702 -16.6695 -0.0272554
-8.5344 3.25086 -0.154866 -16.6567 -0.0273427
-8.512 3.24739 -0.15503 -16.6439 -0.0274304
-8.4896 3.24391 -0.155195 -16.631 -0.0275187
-8.4672 3.24044 -0.155361 -16.6182 -0.0276074
-8.4448 3.23695 -0.155528 -16.6053 -0.0276966
-8.4224 3.23347 -0.155696 -16.5923 -0.0277863
-8.4 3.22998 -0.155864 -16.5794 -0.0278764
-8.3776 3.22649 -0.156033 -16.5664 -0.0279671
-8.3552 3.22299 -0.156202 -16.5534 -0.0280582
-8.3328 3.21949 -0.156373 -16.5403 -0.0281498
-8.3104 3.21598 -0.156544 -16.5273 -0.028242
-8.288 3.21247 -0.156716 -16.5142 -0.0283346
-8.2656 3.20896 -0.156888 -16.501 -0.0284277
-8.2432 3.20545 -0.157062 -16.4879 -0.0285214
-8.2208 3.20193 -0.157236 -16.4747 -0.0286156
-8.1984 3.1984 -0.157411 -16.4615 -0.0287103
-8.176 3.19487 -0.157587 -16.4482 -0.0288055
-8.1536 3.19134 -0.157763 -16.4349 -0.0289012
-8.1312 3.18781 -0.15794 -16.4216 -0.0289975
-8.1088 3.18427 -0.158118 -16.4083 -0.0290943
-8.0864 3.18072 -0.158297 -16.3949 -0.0291917
-8.064 3.17717 -0.158477 -16.3815 -0.0292896
-8.0416 3.17362 -0.158658 -16.3681 -0.0293881
-8.0192 3.17007 -0.158839 -16.3547 -0.0294871
-7.9968 3.16651 -0.159021 -16.3412 -0.0295867
-7.9744 3.16294 -0.159204 -16.3277 -0.0296868
-7.952 3.15937 -0.159388 -16.3141 -0.0297875
-7.9296 3.1558 -0.159572 -16.3005 -0.0298888
-7.9072 3.15223 -0.159758 -16.2869 -0.0299906
-7.8848 3.14864 -0.159944 -16.2733 -0.0300931
-7.8624 3.14506 -0.160131 -16.2596 -0.0301961
-7.84 3.14147 -0.16032 -16.2459 -0.0302997
-7.8176 3.13788 -0.160509 -16.2322 -0.0304039
-7.7952 3.13428 -0.160698 -16.2184 -0.0305087
-7.7728 3.13068 -0.160889 -16.2046 -0.0306142
-7.7504 3.12707 -0.161081 -16.1908 -0.0307202
-7.728 3.12346 -0.161273 -16.1769 -0.0308269
-7.7056 3.11985 -0.161467 -16.163 -0.0309341
-7.6832 3.11623 -0.161661 -16.1491 -0.031042
-7.6608 3.1126 -0.161856 -16.1351 -0.0311506
-7.6384 3.10898 -0.162052 -16.1211 -0.0312598
-7.616 3.10534 -0.16225 -16.1071 -0.0313696
-7.5936 3.10171 -0.162448 -16.093 -0.0314801
-7.5712 3.09807 -0.162647 -16.0789 -0.0315912
-7.5488 3.09442 -0.162847 -16.0648 -0.031703
-7.5264 3.09077 -0.163048 -16.0506 -0.0318154
-7.504 3.08712 -0.163249 -16.0364 -0.0319286
-7.4816 3.08346 -0.163452 -16.0222 -0.0320424
-7.4592 3.07979 -0.163656 -16.0079 -0.0321569
-7.4368 3.07613 -0.163861 -15.9936 -0.0322721
-7.4144 3.07245 -0.164067 -15.9793 -0.0323879
-7.392 3.06878 -0.164274 -15.9649 -0.0325045
-7.3696 3.06509 -0.164482 -15.9505 -0.0326218
-7.3472 3.06141 -0.164691 -15.9361 -0.0327398
-7.3248 3.05772 -0.164901 -15.9216 -0.0328585
-7.3024 3.05402 -0.165112 -15.9071 -0.032978
-7.28 3.05032 -0.165324 -15.8925 -0.0330982
-7.2576 3.04661 -0.165537 -15.8779 -0.0332191
-7.2352 3.0429 -0.165751 -15.8633 -0.0333408
-7.2128 3.03919 -0.165966 -15.8486 -0.0334632
-7.1904 3.03547 -0.166183 -15.8339 -0.0335864
-7.168 3.03174 -0.1664 -15.8192 -0.0337104
-7.1456 3.02801 -0.166619 -15.8044 -0.0338351
-7.1232 3.02428 -0.166839 -15.7896 -0.0339606
-7.1008 3.02054 -0.167059 -15.7748 -0.0340869
-7.0784 3.01679 -0.167281 -15.7599 -0.034214
-7.056 3.01304 -0.167505 -15.745 -0.0343419
-7.0336 3.00929 -0.167729 -15.73 -0.0344706
-7.0112 3.00553 -0.167954 -15.715 -0.0346001
-6.9888 3.00176 -0.168181 -15.6999 -0.0347305
-6.9664 2.998 -0.168408 -15.6849 -0.0348617
-6.944 2.99422 -0.168637 -15.6697 -0.0349937
-6.9216 2.99044 -0.168868 -15.6546 -0.0351266
-6.8992 2.98665 -0.169099 -15.6394 -0.0352603
-6.8768 2.98286 -0.169332 -15.6241 -0.0353949
-6.8544 2.97907 -0.169565 -15.6088 -0.0355304
-6.832 2.97527 -0.1698 -15.5935 -0.0356667
-6.8096 2.97146 -0.170037 -15.5782 -0.035804
-6.7872 2.96765 -0.170274 -15.5628 -0.0359421
-6.7648 2.96383 -0.170513 -15.5473 -0.0360812
-6.7424 2.96001 -0.170753 -15.5318 -0.0362211
-6.72 2.95618 -0.170995 -15.5163 -0.036362
-6.6976 2.95235 -0.171238 -15.5007 -0.0365039
-6.6752 2.94851 -0.171482 -15.4851 -0.0366466
-6.6528 2.94467 -0.171727 -15.4694 -0.0367903
-6.6304 2.94082 -0.171974 -15.4537 -0.036935
-6.608 2.93696 -0.172222 -15.438 -0.0370806
-6.5856 2.9331 -0.172471 -15.4222 -0.0372273
-6.5632 2.92924 -0.172722 -15.4064 -0.0373749
-6.5408 2.92537 -0.172974 -15.3905 -0.0375235
-6.5184 2.92149 -0.173228 -15.3746 -0.0376731
-6.496 2.9176 -0.173483 -15.3586 -0.0378237
-6.4736 2.91372 -0.173739 -15.3426 -0.0379754
-6.4512 2.90982 -0.173997 -15.3266 -0.0381281
-6.4288 2.90592 -0.174257 -15.3105 -0.0382818
-6.4064 2.90201 -0.174518 -15.2943 -0.0384367
-6.384 2.8981 -0.17478 -15.2781 -0.0385925
-6.3616 2.89418 -0.175044 -15.2619 -0.0387495
-6.3392 2.89026 -0.175309 -15.2456 -0.0389075
-6.3168 2.88633 -0.175576 -15.2293 -0.0390667
-6.2944 2.88239 -0.175844 -15.2129 -0.039227
-6.272 2.87845 -0.176114 -15.1965 -0.0393884
-6.2496 2.8745 -0.176386 -15.18 -0.0395509
-6.2272 2.87055 -0.176659 -15.1635 -0.0397146
-6.2048 2.86659 -0.176934 -15.1469 -0.0398794
-6.1824 2.86262 -0.17721 -15.1303 -0.0400454
-6.16 2.85865 -0.177488 -15.1136 -0.0402126
-6.1376 2.85467 -0.177767 -15.0969 -0.040381
-6.1152 2.85069 -0.178048 -15.0801 -0.0405506
-6.0928 2.8467 -0.178331 -15.0633 -0.0407215
-6.0704 2.8427 -0.178616 -15.0465 -0.0408935
-6.048 2.83869 -0.178902 -15.0295 -0.0410668
-6.0256 2.83468 -0.17919 -15.0126 -0.0412414
-6.0032 2.83067 -0.17948 -14.9955 -0.0414172
-5.9808 2.82664 -0.179771 -14.9785 -0.0415944
-5.9584 2.82261 -0.180065 -14.9613 -0.0417728
-5.936 2.81858 -0.18036 -14.9442 -0.0419526
-5.9136 2.81453 -0.180656 -14.9269 -0.0421337
-5.8912 2.81048 -0.180955 -14.9097 -0.0423161
-5.8688 2.80643 -0.181256 -14.8923 -0.0424999
-5.8464 2.80236 -0.181558 -14.8749 -0.0426851
-5.824 2.79829 -0.181862 -14.8575 -0.0428716
-5.8016 2.79421 -0.182168 -14.84 -0.0430596
-5.7792 2.79013 -0.182476 -14.8224 -0.0432489
-5.7568 2.78604 -0.182786 -14.8048 -0.0434398
-5.7344 2.78194 -0.183098 -14.7871 -0.043632
-5.712 2.77784 -0.183412 -14.7694 -0.0438258
-5.6896 2.77372 -0.183728 -14.7516 -0.044021
-5.6672 2.76961 -0.184046 -14.7338 -0.0442177
-5.6448 2.76548 -0.184366 -14.7159 -0.044416
-5.6224 2.76135 -0.184688 -14.6979 -0.0446157
-5.6 2.75721 -0.185012 -14.6799 -0.0448171
-5.5776 2.75306 -0.185338 -14.6619 -0.04502
-5.5552 2.7489 -0.185667 -14.6437 -0.0452245
-5.5328 2.74474 -0.185997 -14.6255 -0.0454305
-5.5104 2.74057 -0.18633 -14.6073 -0.0456383
-5.488 2.73639 -0.186664 -14.589 -0.0458476
-5.4656 2.73221 -0.187001 -14.5706 -0.0460587
-5.4432 2.72801 -0.187341 -14.5522 -0.0462714
-5.4208 2.72381 -0.187682 -14.5337 -0.0464858
-5.3984 2.71961 -0.188026 -14.5151 -0.0467019
-5.376 2.71539 -0.188372 -14.4965 -0.0469198
-5.3536 2.71117 -0.18872 -14.4778 -0.0471395
-5.3312 2.70694 -0.189071 -14.4591 -0.0473609
-5.3088 2.7027 -0.189424 -14.4403 -0.0475841
-5.2864 2.69845 -0.18978 -14.4214 -0.0478092
-5.264 2.69419 -0.190137 -14.4024 -0.0480361
-5.2416 2.68993 -0.190498 -14.3834 -0.0482649
-5.2192 2.68566 -0.190861 -14.3644 -0.0484955
-5.1968 2.68138 -0.191226 -14.3452 -0.0487281
-5.1744 2.67709 -0.191594 -14.326 -0.0489627
-5.152 2.6728 -0.191965 -14.3067 -0.0491992
-5.1296 2.66849 -0.192338 -14.2874 -0.0494376
-5.1072 2.66418 -0.192714 -14.268 -0.0496781
-5.0848 2.65986 -0.193092 -14.2485 -0.0499207
-5.0624 2.65553 -0.193473 -14.2289 -0.0501653
-5.04 2.65119 -0.193857 -14.2093 -0.050412
-5.0176 2.64685 -0.194243 -14.1896 -0.0506608
-4.9952 2.64249 -0.194633 -14.1698 -0.0509117
-4.9728 2.63813 -0.195025 -14.15 -0.0511649
-4.9504 2.63375 -0.19542 -14.1301 -0.0514202
-4.928 2.62937 -0.195818 -14.1101 -0.0516777
-4.9056 2.62498 -0.196218 -14.09 -0.0519375
-4.8832 2.62058 -0.196622 -14.0699 -0.0521996
-4.8608 2.61617 -0.197029 -14.0497 -0.052464
-4.8384 2.61175 -0.197438 -14.0294 -0.0527307
-4.816 2.60733 -0.197851 -14.009 -0.0529998
-4.7936 2.60289 -0.198267 -13.9886 -0.0532713
-4.7712 2.59844 -0.198686 -13.9681 -0.0535453
-4.7488 2.59399 -0.199108 -13.9475 -0.0538217
-4.7264 2.58952 -0.199533 -13.9268 -0.0541006
-4.704 2.58505 -0.199962 -13.906 -0.0543821
-4.6816 2.58057 -0.200393 -13.8852 -0.0546661
-4.6592 2.57607 -0.200829 -13.8643 -0.0549527
-4.6368 2.57157 -0.201267 -13.8433 -0.055242
-4.6144 2.56706 -0.201709 -13.8222 -0.0555339
-4.592 2.56253 -0.202154 -13.801 -0.0558286
-4.5696 2.558 -0.202603 -13.7798 -0.056126
-4.5472 2.55346 -0.203055 -13.7584 -0.0564262
-4.5248 2.5489 -0.203511 -13.737 -0.0567292
-4.5024 2.54434 -0.20397 -13.7155 -0.057035
-4.48 2.53976 -0.204434 -13.6939 -0.0573438
-4.4576 2.53518 -0.2049 -13.6722 -0.0576555
-4.4352 2.53058 -0.205371 -13.6504 -0.0579702
-4.4128 2.52598 -0.205845 -13.6285 -0.058288
-4.3904 2.52136 -0.206323 -13.6066 -0.0586088
-4.368 2.51674 -0.206806 -13.5845 -0.0589327
-4.3456 2.5121 -0.207292 -13.5624 -0.0592598
-4.3232 2.50745 -0.207782 -13.5402 -0.05959
-4.3008 2.50279 -0.208276 -13.5178 -0.0599236
-4.2784 2.49812 -0.208774 -13.4954 -0.0602604
-4.256 2.49344 -0.209276 -13.4729 -0.0606006
-4.2336 2.48874 -0.209783 -13.4503 -0.0609442
-4.2112 2.48404 -0.210294 -13.4275 -0.0612912
-4.1888 2.47932 -0.210809 -13.4047 -0.0616417
-4.1664 2.47459 -0.211329 -13.3818 -0.0619958
-4.144 2.46985 -0.211853 -13.3588 -0.0623535
-4.1216 2.4651 -0.212381 -13.3357 -0.0627148
-4.0992 2.46034 -0.212914 -13.3125 -0.0630798
-4.0768 2.45556 -0.213452 -13.2891 -0.0634486
-4.0544 2.45078 -0.213994 -13.2657 -0.0638213
-4.032 2.44598 -0.214541 -13.2422 -0.0641978
-4.0096 2.44116 -0.215093 -13.2185 -0.0645783
-3.9872 2.43634 -0.21565 -13.1948 -0.0649627
-3.9648 2.4315 -0.216212 -13.1709 -0.0653513
-3.9424 2.42665 -0.216779 -13.147 -0.065744
-3.92 2.42179 -0.217351 -13.1229 -0.0661409
-3.8976 2.41692 -0.217928 -13.0987 -0.066542
-3.8752 2.41203 -0.21851 -13.0744 -0.0669475
-3.8528 2.40713 -0.219098 -13.05 -0.0673574
-3.8304 2.40221 -0.219691 -13.0254 -0.0677717
-3.808 2.39728 -0.22029 -13.0008 -0.0681906
-3.7856 2.39234 -0.220894 -12.976 -0.0686141
-3.7632 2.38739 -0.221504 -12.9511 -0.0690423
-3.7408 2.38242 -0.222119 -12.9261 -0.0694753
-3.7184 2.37744 -0.222741 -12.901 -0.0699132
-3.696 2.37244 -0.223368 -12.8757 -0.0703559
-3.6736 2.36743 -0.224001 -12.8503 -0.0708037
-3.6512 2.36241 -0.224641 -12.8248 -0.0712566
-3.6288 2.35737 -0.225286 -12.7992 -0.0717147
-3.6064 2.35231 -0.225938 -12.7734 -0.072178
-3.584 2.34724 -0.226596 -12.7475 -0.0726467
-3.5616 2.34216 -0.227261 -12.7215 -0.0731209
-3.5392 2.33706 -0.227932 -12.6953 -0.0736006
-3.5168 2.33195 -0.22861 -12.669 -0.074086
-3.4944 2.32682 -0.229295 -12.6426 -0.0745771
-3.472 2.32168 -0.229986 -12.616 -0.0750741
-3.4496 2.31652 -0.230685 -12.5893 -0.075577
-3.4272 2.31134 -0.23139 -12.5625 -0.076086
-3.4048 2.30615 -0.232103 -12.5355 -0.0766011
-3.3824 2.30094 -0.232823 -12.5083 -0.0771225
-3.36 2.29572 -0.233551 -12.481 -0.0776503
-3.3376 2.29048 -0.234286 -12.4536 -0.0781846
-3.3152 2.28523 -0.235029 -12.426 -0.0787256
-3.2928 2.27995 -0.23578 -12.3983 -0.0792733
-3.2704 2.27466 -0.236539 -12.3704 -0.0798278
-3.248 2.26936 -0.237305 -12.3423 -0.0803894
-3.2256 2.26403 -0.238081 -12.3141 -0.0809581
-3.2032 2.25869 -0.238864 -12.2858 -0.0815341
-3.1808 2.25333 -0.239656 -12.2572 -0.0821175
-3.1584 2.24795 -0.240457 -12.2286 -0.0827084
-3.136 2.24256 -0.241266 -12.1997 -0.083307
-3.1136 2.23714 -0.242084 -12.1707 -0.0839135
-3.0912 2.23171 -0.242912 -12.1415 -0.084528
-3.0688 2.22626 -0.243749 -12.1121 -0.0851506
-3.0464 2.22079 -0.244595 -12.0826 -0.0857816
-3.024 2.2153 -0.245451 -12.0529 -0.086421
-3.0016 2.2098 -0.246317 -12.023 -0.0870691
-2.9792 2.20427 -0.247193 -11.9929 -0.0877261
-2.9568 2.19872 -0.248079 -11.9626 -0.088392
-2.9344 2.19315 -0.248975 -11.9322 -0.0890671
-2.912 2.18757 -0.249882 -11.9016 -0.0897517
-2.8896 2.18196 -0.250799 -11.8707 -0.0904457
-2.8672 2.17633 -0.251728 -11.8397 -0.0911496
-2.8448 2.17068 -0.252667 -11.8085 -0.0918635
-2.8224 2.16501 -0.253619 -11.7771 -0.0925875
-2.8 2.15932 -0.254581 -11.7455 -0.093322
-2.7776 2.15361 -0.255556 -11.7137 -0.0940671
-2.7552 2.14787 -0.256542 -11.6816 -0.0948231
-2.7328 2.14211 -0.257541 -11.6494 -0.0955902
-2.7104 2.13633 -0.258552 -11.6169 -0.0963686
-2.688 2.13053 -0.259576 -11.5843 -0.0971586
-2.6656 2.1247 -0.260613 -11.5514 -0.0979605
-2.6432 2.11885 -0.261663 -11.5183 -0.0987746
-2.6208 2.11298 -0.262727 -11.4849 -0.099601
-2.5984 2.10708 -0.263805 -11.4514 -0.10044
-2.576 2.10116 -0.264897 -11.4176 -0.101292
-2.5536 2.09522 -0.266003 -11.3835 -0.102158
-2.5312 2.08925 -0.267124 -11.3493 -0.103036
-2.5088 2.08325 -0.26826 -11.3147 -0.103929
-2.4864 2.07723 -0.269411 -11.28 -0.104836
-2.464 2.07118 -0.270579 -11.2449 -0.105758
-2.4416 2.06511 -0.271762 -11.2097 -0.106695
-2.4192 2.059 -0.272961 -11.1741 -0.107647
-2.3968 2.05288 -0.274177 -11.1383 -0.108614
-2.3744 2.04672 -0.27541 -11.1022 -0.109598
-2.352 2.04054 -0.276661 -11.0659 -0.110598
-2.3296 2.03433 -0.27793 -11.0293 -0.111615
-2.3072 2.02809 -0.279217 -10.9924 -0.112649
-2.2848 2.02182 -0.280522 -10.9552 -0.113701
-2.2624 2.01552 -0.281847 -10.9177 -0.114771
-2.24 2.00919 -0.283192 -10.8799 -0.11586
-2.2176 2.00283 -0.284556 -10.8418 -0.116968
-2.1952 1.99644 -0.285941 -10.8034 -0.118095
-2.1728 1.99002 -0.287347 -10.7647 -0.119243
-2.1504 1.98357 -0.288774 -10.7257 -0.120412
-2.128 1.97708 -0.290224 -10.6864 -0.121601
-2.1056 1.97057 -0.291696 -10.6467 -0.122813
-2.0832 1.96402 -0.293191 -10.6067 -0.124047
-2.0608 1.95743 -0.29471 -10.5663 -0.125304
-2.0384 1.95081 -0.296253 -10.5256 -0.126585
-2.016 1.94416 -0.297822 -10.4846 -0.127891
-1.9936 1.93747 -0.299415 -10.4432 -0.129221
-1.9712 1.93075 -0.301035 -10.4014 -0.130578
-1.9488 1.92398 -0.302682 -10.3592 -0.131961
-1.9264 1.91719 -0.304357 -10.3167 -0.133371
-1.904 1.91035 -0.30606 -10.2738 -0.13481
-1.8816 1.90347 -0.307793 -10.2304 -0.136277
-1.8592 1.89656 -0.309555 -10.1867 -0.137775
-1.8368 1.88961 -0.311348 -10.1425 -0.139304
-1.8144 1.88261 -0.313173 -10.098 -0.140864
-1.792 1.87557 -0.31503 -10.053 -0.142457
-1.7696 1.8685 -0.316921 -10.0075 -0.144084
-1.7472 1.86138 -0.318846 -9.96161 -0.145746
-1.7248 1.85421 -0.320806 -9.91526 -0.147444
-1.7024 1.847 -0.322803 -9.86843 -0.14918
-1.68 1.83975 -0.324838 -9.82112 -0.150954
-1.6576 1.83245 -0.326912 -9.77333 -0.152768
-1.6352 1.8251 -0.329025 -9.72503 -0.154622
-1.6128 1.81771 -0.331179 -9.67622 -0.15652
-1.5904 1.81027 -0.333376 -9.62688 -0.158462
-1.568 1.80277 -0.335616 -9.577 -0.160449
-1.5456 1.79523 -0.337902 -9.52658 -0.162483
-1.5232 1.78764 -0.340234 -9.47559 -0.164566
-1.5008 1.77999 -0.342614 -9.42403 -0.166701
-1.4784 1.77229 -0.345044 -9.37188 -0.168887
-1.456 1.76453 -0.347525 -9.31912 -0.171128
-1.4336 1.75672 -0.350059 -9.26574 -0.173426
-1.4112 1.74885 -0.352649 -9.21173 -0.175783
-1.3888 1.74092 -0.355294 -9.15706 -0.1782
-1.3664 1.73293 -0.357999 -9.10172 -0.180681
-1.344 1.72488 -0.360765 -9.0457 -0.183228
-1.3216 1.71677 -0.363593 -8.98897 -0.185844
-1.2992 1.70859 -0.366488 -8.93152 -0.188531
-1.2768 1.70035 -0.369449 -8.87332 -0.191292
-1.2544 1.69204 -0.372482 -8.81436 -0.194131
-1.232 1.68366 -0.375587 -8.75461 -0.197051
-1.2096 1.67521 -0.378768 -8.69405 -0.200055
-1.1872 1.66669 -0.382029 -8.63266 -0.203147
-1.1648 1.6581 -0.385371 -8.57041 -0.206332
-1.1424 1.64943 -0.388798 -8.50728 -0.209612
-1.12 1.64068 -0.392315 -8.44324 -0.212993
-1.0976 1.63185 -0.395924 -8.37826 -0.216479
-1.0752 1.62294 -0.399629 -8.31231 -0.220075
-1.0528 1.61394 -0.403435 -8.24536 -0.223787
-1.0304 1.60486 -0.407347 -8.17738 -0.227621
-1.008 1.59569 -0.411368 -8.10833 -0.231581
-0.9856 1.58643 -0.415504 -8.03818 -0.235675
-0.9632 1.57708 -0.41976 -7.96689 -0.23991
-0.9408 1.56763 -0.424141 -7.89442 -0.244293
-0.9184 1.55808 -0.428655 -7.82073 -0.248832
-0.896 1.54842 -0.433306 -7.74577 -0.253536
-0.8736 1.53866 -0.438103 -7.6695 -0.258413
-0.8512 1.5288 -0.443052 -7.59186 -0.263473
-0.8288 1.51881 -0.448161 -7.51282 -0.268727
-0.8064 1.50872 -0.453439 -7.4323 -0.274187
-0.784 1.4985 -0.458894 -7.35025 -0.279865
-0.7616 1.48816 -0.464537 -7.26661 -0.285773
-0.7392 1.47769 -0.470378 -7.18131 -0.291927
-0.7168 1.46708 -0.476429 -7.09428 -0.298343
-0.6944 1.45634 -0.482701 -7.00545 -0.305037
-0.672 1.44546 -0.489207 -6.91472 -0.312027
-0.6496 1.43442 -0.495963 -6.82203 -0.319336
-0.6272 1.42323 -0.502984 -6.72727 -0.326983
-0.6048 1.41189 -0.510287 -6.63035 -0.334995
-0.5824 1.40037 -0.517891 -6.53115 -0.343398
-0.56 1.38868 -0.525815 -6.42957 -0.352221
-0.5376 1.37681 -0.534083 -6.32548 -0.361498
-0.5152 1.36475 -0.542719 -6.21873 -0.371264
-0.4928 1.3525 -0.55175 -6.10919 -0.38156
-0.4704 1.34003 -0.561206 -5.9967 -0.39243
-0.448 1.32735 -0.57112 -5.88108 -0.403925
-0.4256 1.31444 -0.581531 -5.76214 -0.416101
-0.4032 1.30129 -0.592478 -5.63968 -0.429021
-0.3808 1.28789 -0.604009 -5.51345 -0.442758
-0.3584 1.27423 -0.616175 -5.38321 -0.457391
-0.336 1.26028 -0.629037 -5.24868 -0.473015
-0.3136 1.24604 -0.642662 -5.10953 -0.489736
-0.2912 1.23149 -0.657127 -4.96541 -0.507675
-0.2688 1.2166 -0.67252 -4.81594 -0.526976
-0.2464 1.20135 -0.688944 -4.66064 -0.547804
-0.224 1.18572 -0.70652 -4.49902 -0.570355
-0.2016 1.16969 -0.725389 -4.33047 -0.594859
-0.1792 1.15321 -0.745719 -4.15431 -0.621593
-0.1568 1.13627 -0.767712 -3.96973 -0.650892
-0.1344 1.11881 -0.791613 -3.77579 -0.683162
-0.112 1.10079 -0.817727 -3.57133 -0.71891
-0.0896 1.08215 -0.846436 -3.35497 -0.75877
-0.0672 1.06284 -0.878234 -3.12498 -0.803553
-0.0448 1.04278 -0.913771 -2.87915 -0.85432
-0.0224 1.02187 -0.953937 -2.61464 -0.912486
