-22.4 -4.3452 0.0734882 -5.10432
-22.3776 -4.34355 0.0735246 -5.10318
-22.3552 -4.34191 0.0735612 -5.10204
-22.3328 -4.34026 0.0735978 -5.1009
-22.3104 -4.33861 0.0736345 -5.09976
-22.288 -4.33696 0.0736712 -5.09862
-22.2656 -4.33531 0.073708 -5.09748
-22.2432 -4.33366 0.0737449 -5.09633
-22.2208 -4.332 0.0737818 -5.09519
-22.1984 -4.33035 0.0738188 -5.09404
-22.176 -4.3287 0.0738558 -5.0929
-22.1536 -4.32704 0.0738929 -5.09175
-22.1312 -4.32539 0.0739301 -5.0906
-22.1088 -4.32373 0.0739674 -5.08945
-22.0864 -4.32207 0.0740047 -5.0883
-22.064 -4.32041 0.074042 -5.08715
-22.0416 -4.31876 0.0740795 -5.086
-22.0192 -4.3171 0.074117 -5.08485
-21.9968 -4.31543 0.0741545 -5.08369
-21.9744 -4.31377 0.0741921 -5.08254
-21.952 -4.31211 0.0742298 -5.08138
-21.9296 -4.31045 0.0742676 -5.08022
-21.9072 -4.30878 0.0743054 -5.07906
-21.8848 -4.30712 0.0743433 -5.0779
-21.8624 -4.30545 0.0743813 -5.07674
-21.84 -4.30379 0.0744193 -5.07558
-21.8176 -4.30212 0.0744574 -5.07442
-21.7952 -4.30045 0.0744955 -5.07325
-21.7728 -4.29878 0.0745337 -5.07209
-21.7504 -4.29711 0.074572 -5.07092
-21.728 -4.29544 0.0746104 -5.06976
-21.7056 -4.29377 0.0746488 -5.06859
-21.6832 -4.2921 0.0746873 -5.06742
-21.6608 -4.29042 0.0747258 -5.06625
-21.6384 -4.28875 0.0747645 -5.06508
-21.616 -4.28707 0.0748031 -5.06391
-21.5936 -4.2854 0.0748419 -5.06273
-21.5712 -4.28372 0.0748807 -5.06156
-21.5488 -4.28204 0.0749196 -5.06038
-21.5264 -4.28036 0.0749586 -5.05921
-21.504 -4.27869 0.0749976 -5.05803
-21.4816 -4.277 0.0750367 -5.05685
-21.4592 -4.27532 0.0750759 -5.05567
-21.4368 -4.27364 0.0751151 -5.05449
-21.4144 -4.27196 0.0751544 -5.05331
-21.392 -4.27027 0.0751938 -5.05212
-21.3696 -4.26859 0.0752333 -5.05094
-21.3472 -4.2669 0.0752728 -5.04975
-21.3248 -4.26522 0.0753124 -5.04857
-21.3024 -4.26353 0.075352 -5.04738
-21.28 -4.26184 0.0753917 -5.04619
-21.2576 -4.26015 0.0754315 -5.045
-21.2352 -4.25846 0.0754714 -5.04381
-21.2128 -4.25677 0.0755114 -5.04262
-21.1904 -4.25508 0.0755514 -5.04143
-21.168 -4.25339 0.0755915 -5.04023
-21.1456 -4.25169 0.0756316 -5.03904
-21.1232 -4.25 0.0756718 -5.03784
-21.1008 -4.2483 0.0757121 -5.03664
-21.0784 -4.24661 0.0757525 -5.03545
-21.056 -4.24491 0.075793 -5.03425
-21.0336 -4.24321 0.0758335 -5.03305
-21.0112 -4.24151 0.0758741 -5.03184
-20.9888 -4.23981 0.0759147 -5.03064
-20.9664 -4.23811 0.0759555 -5.02944
-20.944 -4.23641 0.0759963 -5.02823
-20.9216 -4.23471 0.0760372 -5.02703
-20.8992 -4.233 0.0760781 -5.02582
-20.8768 -4.2313 0.0761192 -5.02461
-20.8544 -4.22959 0.0761603 -5.0234
-20.832 -4.22789 0.0762015 -5.02219
-20.8096 -4.22618 0.0762427 -5.02098
-20.7872 -4.22447 0.0762841 -5.01976
-20.7648 -4.22276 0.0763255 -5.01855
-20.7424 -4.22105 0.076367 -5.01733
-20.72 -4.21934 0.0764085 -5.01612
-20.6976 -4.21763 0.0764502 -5.0149
-20.6752 -4.21591 0.0764919 -5.01368
-20.6528 -4.2142 0.0765337 -5.01246
-20.6304 -4.21249 0.0765755 -5.01124
-20.608 -4.21077 0.0766175 -5.01002
-20.5856 -4.20905 0.0766595 -5.00879
-20.5632 -4.20734 0.0767016 -5.00757
-20.5408 -4.20562 0.0767438 -5.00634
-20.5184 -4.2039 0.076786 -5.00511
-20.496 -4.20218 0.0768284 -5.00389
-20.4736 -4.20046 0.0768708 -5.00266
-20.4512 -4.19873 0.0769133 -5.00143
-20.4288 -4.19701 0.0769558 -5.00019
-20.4064 -4.19529 0.0769985 -4.99896
-20.384 -4.19356 0.0770412 -4.99773
-20.3616 -4.19183 0.077084 -4.99649
-20.3392 -4.19011 0.0771269 -4.99525
-20.3168 -4.18838 0.0771699 -4.99402
-20.2944 -4.18665 0.0772129 -4.99278
-20.272 -4.18492 0.0772561 -4.99154
-20.2496 -4.18319 0.0772993 -4.9903
-20.2272 -4.18146 0.0773426 -4.98905
-20.2048 -4.17972 0.0773859 -4.98781
-20.1824 -4.17799 0.0774294 -4.98656
-20.16 -4.17626 0.0774729 -4.98532
-20.1376 -4.17452 0.0775165 -4.98407
-20.1152 -4.17278 0.0775602 -4.98282
-20.0928 -4.17104 0.077604 -4.98157
-20.0704 -4.16931 0.0776479 -4.98032
-20.048 -4.16757 0.0776918 -4.97907
-20.0256 -4.16583 0.0777358 -4.97781
-20.0032 -4.16408 0.07778 -4.97656
-19.9808 -4.16234 0.0778242 -4.9753
-19.9584 -4.1606 0.0778684 -4.97405
-19.936 -4.15885 0.0779128 -4.97279
-19.9136 -4.15711 0.0779572 -4.97153
-19.8912 -4.15536 0.0780018 -4.97027
-19.8688 -4.15361 0.0780464 -4.969
-19.8464 -4.15186 0.0780911 -4.96774
-19.824 -4.15011 0.0781359 -4.96648
-19.8016 -4.14836 0.0781808 -4.96521
-19.7792 -4.14661 0.0782257 -4.96394
-19.7568 -4.14486 0.0782708 -4.96267
-19.7344 -4.1431 0.0783159 -4.9614
-19.712 -4.14135 0.0783611 -4.96013
-19.6896 -4.13959 0.0784064 -4.95886
-19.6672 -4.13784 0.0784518 -4.95759
-19.6448 -4.13608 0.0784973 -4.95631
-19.6224 -4.13432 0.0785429 -4.95503
-19.6 -4.13256 0.0785885 -4.95376
-19.5776 -4.1308 0.0786343 -4.95248
-19.5552 -4.12904 0.0786801 -4.9512
-19.5328 -4.12727 0.078726 -4.94992
-19.5104 -4.12551 0.078772 -4.94863
-19.488 -4.12375 0.0788181 -4.94735
-19.4656 -4.12198 0.0788643 -4.94606
-19.4432 -4.12021 0.0789106 -4.94478
-19.4208 -4.11844 0.078957 -4.94349
-19.3984 -4.11668 0.0790034 -4.9422
-19.376 -4.11491 0.07905 -4.94091
-19.3536 -4.11313 0.0790966 -4.93962
-19.3312 -4.11136 0.0791434 -4.93832
-19.3088 -4.10959 0.0791902 -4.93703
-19.2864 -4.10781 0.0792371 -4.93573
-19.264 -4.10604 0.0792841 -4.93444
-19.2416 -4.10426 0.0793312 -4.93314
-19.2192 -4.10248 0.0793784 -4.93184
-19.1968 -4.10071 0.0794257 -4.93054
-19.1744 -4.09893 0.0794731 -4.92923
-19.152 -4.09715 0.0795206 -4.92793
-19.1296 -4.09536 0.0795681 -4.92662
-19.1072 -4.09358 0.0796158 -4.92532
-19.0848 -4.0918 0.0796635 -4.92401
-19.0624 -4.09001 0.0797114 -4.9227
-19.04 -4.08823 0.0797593 -4.92139
-19.0176 -4.08644 0.0798074 -4.92008
-18.9952 -4.08465 0.0798555 -4.91876
-18.9728 -4.08286 0.0799038 -4.91745
-18.9504 -4.08107 0.0799521 -4.91613
-18.928 -4.07928 0.0800005 -4.91482
-18.9056 -4.07749 0.080049 -4.9135
-18.8832 -4.07569 0.0800977 -4.91218
-18.8608 -4.0739 0.0801464 -4.91086
-18.8384 -4.0721 0.0801952 -4.90953
-18.816 -4.07031 0.0802441 -4.90821
-18.7936 -4.06851 0.0802931 -4.90688
-18.7712 -4.06671 0.0803422 -4.90555
-18.7488 -4.06491 0.0803915 -4.90423
-18.7264 -4.06311 0.0804408 -4.9029
-18.704 -4.0613 0.0804902 -4.90156
-18.6816 -4.0595 0.0805397 -4.90023
-18.6592 -4.0577 0.0805893 -4.8989
-18.6368 -4.05589 0.080639 -4.89756
-18.6144 -4.05408 0.0806888 -4.89622
-18.592 -4.05228 0.0807387 -4.89489
-18.5696 -4.05047 0.0807888 -4.89355
-18.5472 -4.04866 0.0808389 -4.8922
-18.5248 -4.04684 0.0808891 -4.89086
-18.5024 -4.04503 0.0809394 -4.88952
-18.48 -4.04322 0.0809898 -4.88817
-18.4576 -4.0414 0.0810404 -4.88682
-18.4352 -4.03959 0.081091 -4.88548
-18.4128 -4.03777 0.0811417 -4.88413
-18.3904 -4.03595 0.0811926 -4.88277
-18.368 -4.03413 0.0812435 -4.88142
-18.3456 -4.03231 0.0812946 -4.88007
-18.3232 -4.03049 0.0813457 -4.87871
-18.3008 -4.02867 0.081397 -4.87735
-18.2784 -4.02685 0.0814484 -4.87599
-18.256 -4.02502 0.0814998 -4.87463
-18.2336 -4.02319 0.0815514 -4.87327
-18.2112 -4.02137 0.0816031 -4.87191
-18.1888 -4.01954 0.0816549 -4.87054
-18.1664 -4.01771 0.0817068 -4.86918
-18.144 -4.01588 0.0817588 -4.86781
-18.1216 -4.01405 0.0818109 -4.86644
-18.0992 -4.01221 0.0818632 -4.86507
-18.0768 -4.01038 0.0819155 -4.8637
-18.0544 -4.00854 0.0819679 -4.86232
-18.032 -4.00671 0.0820205 -4.86095
-18.0096 -4.00487 0.0820732 -4.85957
-17.9872 -4.00303 0.0821259 -4.85819
-17.9648 -4.00119 0.0821788 -4.85681
-17.9424 -3.99935 0.0822318 -4.85543
-17.92 -3.99751 0.0822849 -4.85405
-17.8976 -3.99566 0.0823382 -4.85266
-17.8752 -3.99382 0.0823915 -4.85128
-17.8528 -3.99197 0.082445 -4.84989
-17.8304 -3.99012 0.0824985 -4.8485
-17.808 -3.98827 0.0825522 -4.84711
-17.7856 -3.98642 0.082606 -4.84572
-17.7632 -3.98457 0.0826599 -4.84433
-17.7408 -3.98272 0.0827139 -4.84293
-17.7184 -3.98087 0.082768 -4.84153
-17.696 -3.97901 0.0828223 -4.84014
-17.6736 -3.97716 0.0828767 -4.83874
-17.6512 -3.9753 0.0829311 -4.83733
-17.6288 -3.97344 0.0829857 -4.83593
-17.6064 -3.97158 0.0830405 -4.83453
-17.584 -3.96972 0.0830953 -4.83312
-17.5616 -3.96786 0.0831502 -4.83171
-17.5392 -3.966 0.0832053 -4.8303
-17.5168 -3.96413 0.0832605 -4.82889
-17.4944 -3.96227 0.0833158 -4.82748
-17.472 -3.9604 0.0833712 -4.82606
-17.4496 -3.95853 0.0834268 -4.82465
-17.4272 -3.95666 0.0834825 -4.82323
-17.4048 -3.95479 0.0835382 -4.82181
-17.3824 -3.95292 0.0835941 -4.82039
-17.36 -3.95105 0.0836502 -4.81897
-17.3376 -3.94917 0.0837063 -4.81755
-17.3152 -3.9473 0.0837626 -4.81612
-17.2928 -3.94542 0.083819 -4.81469
-17.2704 -3.94354 0.0838755 -4.81326
-17.248 -3.94166 0.0839322 -4.81183
-17.2256 -3.93978 0.0839889 -4.8104
-17.2032 -3.9379 0.0840458 -4.80897
-17.1808 -3.93602 0.0841029 -4.80753
-17.1584 -3.93413 0.08416 -4.80609
-17.136 -3.93225 0.0842173 -4.80466
-17.1136 -3.93036 0.0842747 -4.80321
-17.0912 -3.92847 0.0843322 -4.80177
-17.0688 -3.92658 0.0843898 -4.80033
-17.0464 -3.92469 0.0844476 -4.79888
-17.024 -3.9228 0.0845055 -4.79744
-17.0016 -3.9209 0.0845636 -4.79599
-16.9792 -3.91901 0.0846217 -4.79454
-16.9568 -3.91711 0.08468 -4.79308
-16.9344 -3.91522 0.0847384 -4.79163
-16.912 -3.91332 0.084797 -4.79017
-16.8896 -3.91142 0.0848557 -4.78872
-16.8672 -3.90951 0.0849145 -4.78726
-16.8448 -3.90761 0.0849734 -4.7858
-16.8224 -3.90571 0.0850325 -4.78433
-16.8 -3.9038 0.0850917 -4.78287
-16.7776 -3.9019 0.0851511 -4.7814
-16.7552 -3.89999 0.0852106 -4.77994
-16.7328 -3.89808 0.0852702 -4.77847
-16.7104 -3.89617 0.0853299 -4.77699
-16.688 -3.89426 0.0853898 -4.77552
-16.6656 -3.89234 0.0854498 -4.77405
-16.6432 -3.89043 0.08551 -4.77257
-16.6208 -3.88851 0.0855703 -4.77109
-16.5984 -3.88659 0.0856307 -4.76961
-16.576 -3.88468 0.0856912 -4.76813
-16.5536 -3.88276 0.0857519 -4.76665
-16.5312 -3.88083 0.0858128 -4.76516
-16.5088 -3.87891 0.0858738 -4.76367
-16.4864 -3.87699 0.0859349 -4.76218
-16.464 -3.87506 0.0859961 -4.76069
-16.4416 -3.87313 0.0860575 -4.7592
-16.4192 -3.87121 0.0861191 -4.75771
-16.3968 -3.86928 0.0861808 -4.75621
-16.3744 -3.86734 0.0862426 -4.75471
-16.352 -3.86541 0.0863046 -4.75321
-16.3296 -3.86348 0.0863667 -4.75171
-16.3072 -3.86154 0.0864289 -4.75021
-16.2848 -3.85961 0.0864913 -4.7487
-16.2624 -3.85767 0.0865539 -4.74719
-16.24 -3.85573 0.0866165 -4.74568
-16.2176 -3.85379 0.0866794 -4.74417
-16.1952 -3.85185 0.0867424 -4.74266
-16.1728 -3.8499 0.0868055 -4.74115
-16.1504 -3.84796 0.0868688 -4.73963
-16.128 -3.84601 0.0869322 -4.73811
-16.1056 -3.84406 0.0869957 -4.73659
-16.0832 -3.84211 0.0870595 -4.73507
-16.0608 -3.84016 0.0871233 -4.73354
-16.0384 -3.83821 0.0871873 -4.73202
-16.016 -3.83626 0.0872515 -4.73049
-15.9936 -3.8343 0.0873158 -4.72896
-15.9712 -3.83234 0.0873803 -4.72743
-15.9488 -3.83039 0.0874449 -4.72589
-15.9264 -3.82843 0.0875097 -4.72436
-15.904 -3.82647 0.0875746 -4.72282
-15.8816 -3.8245 0.0876397 -4.72128
-15.8592 -3.82254 0.087705 -4.71974
-15.8368 -3.82057 0.0877703 -4.7182
-15.8144 -3.81861 0.0878359 -4.71665
-15.792 -3.81664 0.0879016 -4.7151
-15.7696 -3.81467 0.0879675 -4.71355
-15.7472 -3.8127 0.0880335 -4.712
-15.7248 -3.81072 0.0880997 -4.71045
-15.7024 -3.80875 0.088166 -4.7089
-15.68 -3.80678 0.0882325 -4.70734
-15.6576 -3.8048 0.0882991 -4.70578
-15.6352 -3.80282 0.088366 -4.70422
-15.6128 -3.80084 0.0884329 -4.70266
-15.5904 -3.79886 0.0885001 -4.70109
-15.568 -3.79687 0.0885674 -4.69952
-15.5456 -3.79489 0.0886348 -4.69795
-15.5232 -3.7929 0.0887025 -4.69638
-15.5008 -3.79092 0.0887702 -4.69481
-15.4784 -3.78893 0.0888382 -4.69323
-15.456 -3.78694 0.0889063 -4.69166
-15.4336 -3.78494 0.0889746 -4.69008
-15.4112 -3.78295 0.0890431 -4.6885
-15.3888 -3.78095 0.0891117 -4.68691
-15.3664 -3.77896 0.0891805 -4.68533
-15.344 -3.77696 0.0892494 -4.68374
-15.3216 -3.77496 0.0893186 -4.68215
-15.2992 -3.77296 0.0893879 -4.68056
-15.2768 -3.77095 0.0894573 -4.67897
-15.2544 -3.76895 0.089527 -4.67737
-15.232 -3.76694 0.0895968 -4.67577
-15.2096 -3.76494 0.0896668 -4.67417
-15.1872 -3.76293 0.0897369 -4.67257
-15.1648 -3.76092 0.0898072 -4.67097
-15.1424 -3.7589 0.0898777 -4.66936
-15.12 -3.75689 0.0899484 -4.66775
-15.0976 -3.75487 0.0900193 -4.66614
-15.0752 -3.75286 0.0900903 -4.66453
-15.0528 -3.75084 0.0901615 -4.66291
-15.0304 -3.74882 0.0902329 -4.6613
-15.008 -3.7468 0.0903045 -4.65968
-14.9856 -3.74477 0.0903762 -4.65806
-14.9632 -3.74275 0.0904482 -4.65643
-14.9408 -3.74072 0.0905203 -4.65481
-14.9184 -3.73869 0.0905926 -4.65318
-14.896 -3.73666 0.090665 -4.65155
-14.8736 -3.73463 0.0907377 -4.64992
-14.8512 -3.7326 0.0908105 -4.64828
-14.8288 -3.73056 0.0908835 -4.64665
-14.8064 -3.72852 0.0909568 -4.64501
-14.784 -3.72649 0.0910301 -4.64337
-14.7616 -3.72445 0.0911037 -4.64172
-14.7392 -3.7224 0.0911775 -4.64008
-14.7168 -3.72036 0.0912515 -4.63843
-14.6944 -3.71832 0.0913256 -4.63678
-14.672 -3.71627 0.0913999 -4.63513
-14.6496 -3.71422 0.0914745 -4.63347
-14.6272 -3.71217 0.0915492 -4.63182
-14.6048 -3.71012 0.0916241 -4.63016
-14.5824 -3.70807 0.0916992 -4.62849
-14.56 -3.70601 0.0917745 -4.62683
-14.5376 -3.70396 0.09185 -4.62517
-14.5152 -3.7019 0.0919257 -4.6235
-14.4928 -3.69984 0.0920016 -4.62183
-14.4704 -3.69778 0.0920776 -4.62015
-14.448 -3.69571 0.0921539 -4.61848
-14.4256 -3.69365 0.0922304 -4.6168
-14.4032 -3.69158 0.0923071 -4.61512
-14.3808 -3.68951 0.0923839 -4.61344
-14.3584 -3.68744 0.092461 -4.61175
-14.336 -3.68537 0.0925383 -4.61007
-14.3136 -3.6833 0.0926158 -4.60838
-14.2912 -3.68122 0.0926935 -4.60669
-14.2688 -3.67914 0.0927714 -4.60499
-14.2464 -3.67706 0.0928495 -4.6033
-14.224 -3.67498 0.0929278 -4.6016
-14.2016 -3.6729 0.0930063 -4.5999
-14.1792 -3.67082 0.093085 -4.59819
-14.1568 -3.66873 0.0931639 -4.59649
-14.1344 -3.66664 0.093243 -4.59478
-14.112 -3.66455 0.0933224 -4.59307
-14.0896 -3.66246 0.0934019 -4.59136
-14.0672 -3.66037 0.0934817 -4.58964
-14.0448 -3.65827 0.0935617 -4.58792
-14.0224 -3.65618 0.0936419 -4.5862
-14 -3.65408 0.0937223 -4.58448
-13.9776 -3.65198 0.0938029 -4.58275
-13.9552 -3.64988 0.0938837 -4.58102
-13.9328 -3.64777 0.0939648 -4.57929
-13.9104 -3.64567 0.0940461 -4.57756
-13.888 -3.64356 0.0941276 -4.57583
-13.8656 -3.64145 0.0942093 -4.57409
-13.8432 -3.63934 0.0942912 -4.57235
-13.8208 -3.63723 0.0943734 -4.5706
-13.7984 -3.63511 0.0944558 -4.56886
-13.776 -3.63299 0.0945384 -4.56711
-13.7536 -3.63088 0.0946212 -4.56536
-13.7312 -3.62876 0.0947043 -4.56361
-13.7088 -3.62663 0.0947876 -4.56185
-13.6864 -3.62451 0.0948711 -4.56009
-13.664 -3.62238 0.0949548 -4.55833
-13.6416 -3.62025 0.0950388 -4.55657
-13.6192 -3.61813 0.095123 -4.5548
-13.5968 -3.61599 0.0952074 -4.55303
-13.5744 -3.61386 0.0952921 -4.55126
-13.552 -3.61172 0.095377 -4.54949
-13.5296 -3.60959 0.0954621 -4.54771
-13.5072 -3.60745 0.0955475 -4.54593
-13.4848 -3.60531 0.0956331 -4.54415
-13.4624 -3.60316 0.095719 -4.54236
-13.44 -3.60102 0.0958051 -4.54058
-13.4176 -3.59887 0.0958914 -4.53879
-13.3952 -3.59672 0.095978 -4.53699
-13.3728 -3.59457 0.0960648 -4.5352
-13.3504 -3.59242 0.0961518 -4.5334
-13.328 -3.59026 0.0962391 -4.5316
-13.3056 -3.58811 0.0963267 -4.5298
-13.2832 -3.58595 0.0964145 -4.52799
-13.2608 -3.58379 0.0965025 -4.52618
-13.2384 -3.58163 0.0965908 -4.52437
-13.216 -3.57946 0.0966793 -4.52256
-13.1936 -3.57729 0.0967681 -4.52074
-13.1712 -3.57513 0.0968572 -4.51892
-13.1488 -3.57295 0.0969465 -4.5171
-13.1264 -3.57078 0.097036 -4.51527
-13.104 -3.56861 0.0971258 -4.51344
-13.0816 -3.56643 0.0972159 -4.51161
-13.0592 -3.56425 0.0973062 -4.50978
-13.0368 -3.56207 0.0973968 -4.50794
-13.0144 -3.55989 0.0974876 -4.5061
-12.992 -3.5577 0.0975787 -4.50426
-12.9696 -3.55552 0.0976701 -4.50241
-12.9472 -3.55333 0.0977617 -4.50056
-12.9248 -3.55114 0.0978536 -4.49871
-12.9024 -3.54894 0.0979458 -4.49686
-12.88 -3.54675 0.0980382 -4.495
-12.8576 -3.54455 0.0981309 -4.49314
-12.8352 -3.54235 0.0982239 -4.49128
-12.8128 -3.54015 0.0983171 -4.48941
-12.7904 -3.53795 0.0984106 -4.48755
-12.768 -3.53574 0.0985044 -4.48567
-12.7456 -3.53354 0.0985985 -4.4838
-12.7232 -3.53133 0.0986928 -4.48192
-12.7008 -3.52911 0.0987874 -4.48004
-12.6784 -3.5269 0.0988823 -4.47816
-12.656 -3.52468 0.0989775 -4.47627
-12.6336 -3.52247 0.0990729 -4.47438
-12.6112 -3.52025 0.0991687 -4.47249
-12.5888 -3.51802 0.0992647 -4.47059
-12.5664 -3.5158 0.099361 -4.4687
-12.544 -3.51357 0.0994576 -4.46679
-12.5216 -3.51134 0.0995545 -4.46489
-12.4992 -3.50911 0.0996516 -4.46298
-12.4768 -3.50688 0.0997491 -4.46107
-12.4544 -3.50464 0.0998468 -4.45916
-12.432 -3.50241 0.0999449 -4.45724
-12.4096 -3.50017 0.100043 -4.45532
-12.3872 -3.49792 0.100142 -4.4534
-12.3648 -3.49568 0.100241 -4.45147
-12.3424 -3.49343 0.10034 -4.44954
-12.32 -3.49118 0.10044 -4.44761
-12.2976 -3.48893 0.100539 -4.44567
-12.2752 -3.48668 0.10064 -4.44373
-12.2528 -3.48442 0.10074 -4.44179
-12.2304 -3.48217 0.100841 -4.43985
-12.208 -3.47991 0.100942 -4.4379
-12.1856 -3.47764 0.101043 -4.43595
-12.1632 -3.47538 0.101145 -4.43399
-12.1408 -3.47311 0.101247 -4.43203
-12.1184 -3.47084 0.101349 -4.43007
-12.096 -3.46857 0.101452 -4.42811
-12.0736 -3.4663 0.101555 -4.42614
-12.0512 -3.46402 0.101658 -4.42417
-12.0288 -3.46174 0.101762 -4.42219
-12.0064 -3.45946 0.101865 -4.42021
-11.984 -3.45718 0.10197 -4.41823
-11.9616 -3.4549 0.102074 -4.41625
-11.9392 -3.45261 0.102179 -4.41426
-11.9168 -3.45032 0.102284 -4.41227
-11.8944 -3.44803 0.10239 -4.41027
-11.872 -3.44573 0.102496 -4.40827
-11.8496 -3.44343 0.102602 -4.40627
-11.8272 -3.44113 0.102708 -4.40427
-11.8048 -3.43883 0.102815 -4.40226
-11.7824 -3.43653 0.102923 -4.40025
-11.76 -3.43422 0.10303 -4.39823
-11.7376 -3.43191 0.103138 -4.39621
-11.7152 -3.4296 0.103246 -4.39419
-11.6928 -3.42729 0.103355 -4.39217
-11.6704 -3.42497 0.103464 -4.39014
-11.648 -3.42265 0.103573 -4.3881
-11.6256 -3.42033 0.103683 -4.38607
-11.6032 -3.41801 0.103793 -4.38403
-11.5808 -3.41568 0.103903 -4.38198
-11.5584 -3.41335 0.104014 -4.37994
-11.536 -3.41102 0.104125 -4.37789
-11.5136 -3.40869 0.104236 -4.37583
-11.4912 -3.40635 0.104348 -4.37377
-11.4688 -3.40401 0.10446 -4.37171
-11.4464 -3.40167 0.104572 -4.36965
-11.424 -3.39933 0.104685 -4.36758
-11.4016 -3.39698 0.104798 -4.36551
-11.3792 -3.39463 0.104912 -4.36343
-11.3568 -3.39228 0.105026 -4.36135
-11.3344 -3.38993 0.10514 -4.35927
-11.312 -3.38757 0.105255 -4.35718
-11.2896 -3.38521 0.10537 -4.35509
-11.2672 -3.38285 0.105486 -4.35299
-11.2448 -3.38049 0.105601 -4.3509
-11.2224 -3.37812 0.105718 -4.34879
-11.2 -3.37575 0.105834 -4.34669
-11.1776 -3.37338 0.105951 -4.34458
-11.1552 -3.371 0.106069 -4.34246
-11.1328 -3.36863 0.106187 -4.34035
-11.1104 -3.36625 0.106305 -4.33822
-11.088 -3.36386 0.106423 -4.3361
-11.0656 -3.36148 0.106542 -4.33397
-11.0432 -3.35909 0.106662 -4.33184
-11.0208 -3.3567 0.106781 -4.3297
-10.9984 -3.35431 0.106902 -4.32756
-10.976 -3.35191 0.107022 -4.32541
-10.9536 -3.34951 0.107143 -4.32327
-10.9312 -3.34711 0.107265 -4.32111
-10.9088 -3.34471 0.107386 -4.31896
-10.8864 -3.3423 0.107509 -4.3168
-10.864 -3.33989 0.107631 -4.31463
-10.8416 -3.33748 0.107754 -4.31246
-10.8192 -3.33506 0.107878 -4.31029
-10.7968 -3.33265 0.108002 -4.30811
-10.7744 -3.33022 0.108126 -4.30593
-10.752 -3.3278 0.108251 -4.30375
-10.7296 -3.32538 0.108376 -4.30156
-10.7072 -3.32295 0.108502 -4.29936
-10.6848 -3.32051 0.108628 -4.29717
-10.6624 -3.31808 0.108754 -4.29496
-10.64 -3.31564 0.108881 -4.29276
-10.6176 -3.3132 0.109009 -4.29055
-10.5952 -3.31076 0.109137 -4.28833
-10.5728 -3.30831 0.109265 -4.28611
-10.5504 -3.30586 0.109394 -4.28389
-10.528 -3.30341 0.109523 -4.28166
-10.5056 -3.30096 0.109653 -4.27943
-10.4832 -3.2985 0.109783 -4.2772
-10.4608 -3.29604 0.109913 -4.27496
-10.4384 -3.29358 0.110044 -4.27271
-10.416 -3.29111 0.110176 -4.27046
-10.3936 -3.28864 0.110308 -4.26821
-10.3712 -3.28617 0.11044 -4.26595
-10.3488 -3.28369 0.110573 -4.26369
-10.3264 -3.28121 0.110707 -4.26143
-10.304 -3.27873 0.110841 -4.25915
-10.2816 -3.27625 0.110975 -4.25688
-10.2592 -3.27376 0.11111 -4.2546
-10.2368 -3.27127 0.111245 -4.25231
-10.2144 -3.26878 0.111381 -4.25003
-10.192 -3.26628 0.111517 -4.24773
-10.1696 -3.26378 0.111654 -4.24543
-10.1472 -3.26128 0.111792 -4.24313
-10.1248 -3.25877 0.111929 -4.24082
-10.1024 -3.25626 0.112068 -4.23851
-10.08 -3.25375 0.112207 -4.2362
-10.0576 -3.25124 0.112346 -4.23387
-10.0352 -3.24872 0.112486 -4.23155
-10.0128 -3.2462 0.112626 -4.22922
-9.9904 -3.24367 0.112767 -4.22688
-9.968 -3.24115 0.112908 -4.22454
-9.9456 -3.23861 0.11305 -4.2222
-9.9232 -3.23608 0.113193 -4.21985
-9.9008 -3.23354 0.113336 -4.21749
-9.8784 -3.231 0.113479 -4.21513
-9.856 -3.22846 0.113624 -4.21277
-9.8336 -3.22591 0.113768 -4.2104
-9.8112 -3.22336 0.113913 -4.20803
-9.7888 -3.22081 0.114059 -4.20565
-9.7664 -3.21825 0.114205 -4.20327
-9.744 -3.21569 0.114352 -4.20088
-9.7216 -3.21313 0.1145 -4.19848
-9.6992 -3.21056 0.114647 -4.19608
-9.6768 -3.20799 0.114796 -4.19368
-9.6544 -3.20542 0.114945 -4.19127
-9.632 -3.20284 0.115095 -4.18886
-9.6096 -3.20026 0.115245 -4.18644
-9.5872 -3.19768 0.115396 -4.18401
-9.5648 -3.19509 0.115547 -4.18159
-9.5424 -3.1925 0.115699 -4.17915
-9.52 -3.18991 0.115852 -4.17671
-9.4976 -3.18731 0.116005 -4.17427
-9.4752 -3.18471 0.116159 -4.17182
-9.4528 -3.18211 0.116313 -4.16936
-9.4304 -3.1795 0.116468 -4.1669
-9.408 -3.17689 0.116623 -4.16443
-9.3856 -3.17428 0.11678 -4.16196
-9.3632 -3.17166 0.116936 -4.15949
-9.3408 -3.16904 0.117094 -4.157
-9.3184 -3.16642 0.117252 -4.15452
-9.296 -3.16379 0.11741 -4.15202
-9.2736 -3.16116 0.11757 -4.14953
-9.2512 -3.15852 0.11773 -4.14702
-9.2288 -3.15588 0.11789 -4.14451
-9.2064 -3.15324 0.118051 -4.142
-9.184 -3.15059 0.118213 -4.13948
-9.1616 -3.14794 0.118376 -4.13695
-9.1392 -3.14529 0.118539 -4.13442
-9.1168 -3.14263 0.118703 -4.13188
-9.0944 -3.13997 0.118867 -4.12934
-9.072 -3.13731 0.119032 -4.12679
-9.0496 -3.13464 0.119198 -4.12424
-9.0272 -3.13197 0.119365 -4.12168
-9.0048 -3.12929 0.119532 -4.11911
-8.9824 -3.12661 0.1197 -4.11654
-8.96 -3.12393 0.119868 -4.11396
-8.9376 -3.12124 0.120038 -4.11138
-8.9152 -3.11855 0.120208 -4.10879
-8.8928 -3.11586 0.120378 -4.10619
-8.8704 -3.11316 0.12055 -4.10359
-8.848 -3.11046 0.120722 -4.10099
-8.8256 -3.10775 0.120894 -4.09837
-8.8032 -3.10504 0.121068 -4.09575
-8.7808 -3.10233 0.121242 -4.09313
-8.7584 -3.09961 0.121417 -4.0905
-8.736 -3.09689 0.121593 -4.08786
-8.7136 -3.09416 0.121769 -4.08522
-8.6912 -3.09143 0.121947 -4.08257
-8.6688 -3.0887 0.122124 -4.07991
-8.6464 -3.08596 0.122303 -4.07725
-8.624 -3.08322 0.122483 -4.07458
-8.6016 -3.08047 0.122663 -4.07191
-8.5792 -3.07772 0.122844 -4.06922
-8.5568 -3.07497 0.123026 -4.06654
-8.5344 -3.07221 0.123208 -4.06384
-8.512 -3.06945 0.123392 -4.06114
-8.4896 -3.06668 0.123576 -4.05844
-8.4672 -3.06391 0.123761 -4.05572
-8.4448 -3.06114 0.123946 -4.053
-8.4224 -3.05836 0.124133 -4.05028
-8.4 -3.05558 0.12432 -4.04754
-8.3776 -3.05279 0.124508 -4.0448
-8.3552 -3.05 0.124697 -4.04206
-8.3328 -3.0472 0.124887 -4.03931
-8.3104 -3.0444 0.125078 -4.03655
-8.288 -3.0416 0.12527 -4.03378
-8.2656 -3.03879 0.125462 -4.03101
-8.2432 -3.03598 0.125655 -4.02823
-8.2208 -3.03316 0.125849 -4.02544
-8.1984 -3.03034 0.126044 -4.02264
-8.176 -3.02752 0.12624 -4.01984
-8.1536 -3.02469 0.126437 -4.01704
-8.1312 -3.02185 0.126634 -4.01422
-8.1088 -3.01901 0.126833 -4.0114
-8.0864 -3.01617 0.127032 -4.00857
-8.064 -3.01332 0.127233 -4.00573
-8.0416 -3.01047 0.127434 -4.00289
-8.0192 -3.00761 0.127636 -4.00004
-7.9968 -3.00475 0.127839 -3.99718
-7.9744 -3.00189 0.128043 -3.99432
-7.952 -2.99902 0.128248 -3.99144
-7.9296 -2.99614 0.128454 -3.98856
-7.9072 -2.99326 0.128661 -3.98568
-7.8848 -2.99038 0.128868 -3.98278
-7.8624 -2.98749 0.129077 -3.97988
-7.84 -2.98459 0.129287 -3.97697
-7.8176 -2.9817 0.129497 -3.97405
-7.7952 -2.97879 0.129709 -3.97113
-7.7728 -2.97588 0.129922 -3.9682
-7.7504 -2.97297 0.130136 -3.96526
-7.728 -2.97005 0.13035 -3.96231
-7.7056 -2.96713 0.130566 -3.95935
-7.6832 -2.9642 0.130783 -3.95639
-7.6608 -2.96127 0.131 -3.95342
-7.6384 -2.95834 0.131219 -3.95044
-7.616 -2.95539 0.131439 -3.94745
-7.5936 -2.95245 0.13166 -3.94445
-7.5712 -2.9495 0.131882 -3.94145
-7.5488 -2.94654 0.132105 -3.93844
-7.5264 -2.94358 0.132329 -3.93542
-7.504 -2.94061 0.132554 -3.93239
-7.4816 -2.93764 0.132781 -3.92936
-7.4592 -2.93466 0.133008 -3.92631
-7.4368 -2.93168 0.133237 -3.92326
-7.4144 -2.92869 0.133466 -3.9202
-7.392 -2.9257 0.133697 -3.91713
-7.3696 -2.9227 0.133929 -3.91405
-7.3472 -2.9197 0.134162 -3.91096
-7.3248 -2.91669 0.134397 -3.90787
-7.3024 -2.91368 0.134632 -3.90477
-7.28 -2.91066 0.134869 -3.90165
-7.2576 -2.90764 0.135106 -3.89853
-7.2352 -2.90461 0.135345 -3.8954
-7.2128 -2.90157 0.135586 -3.89226
-7.1904 -2.89853 0.135827 -3.88912
-7.168 -2.89549 0.13607 -3.88596
-7.1456 -2.89244 0.136313 -3.88279
-7.1232 -2.88938 0.136559 -3.87962
-7.1008 -2.88632 0.136805 -3.87644
-7.0784 -2.88325 0.137053 -3.87324
-7.056 -2.88018 0.137302 -3.87004
-7.0336 -2.8771 0.137552 -3.86683
-7.0112 -2.87402 0.137803 -3.86361
-6.9888 -2.87093 0.138056 -3.86038
-6.9664 -2.86783 0.13831 -3.85714
-6.944 -2.86473 0.138566 -3.85389
-6.9216 -2.86163 0.138822 -3.85063
-6.8992 -2.85851 0.139081 -3.84736
-6.8768 -2.8554 0.13934 -3.84409
-6.8544 -2.85227 0.139601 -3.8408
-6.832 -2.84914 0.139863 -3.8375
-6.8096 -2.84601 0.140127 -3.83419
-6.7872 -2.84286 0.140392 -3.83088
-6.7648 -2.83972 0.140658 -3.82755
-6.7424 -2.83656 0.140926 -3.82421
-6.72 -2.8334 0.141196 -3.82086
-6.6976 -2.83024 0.141467 -3.81751
-6.6752 -2.82706 0.141739 -3.81414
-6.6528 -2.82389 0.142013 -3.81076
-6.6304 -2.8207 0.142288 -3.80737
-6.608 -2.81751 0.142565 -3.80397
-6.5856 -2.81432 0.142843 -3.80057
-6.5632 -2.81111 0.143123 -3.79715
-6.5408 -2.8079 0.143404 -3.79372
-6.5184 -2.80469 0.143687 -3.79027
-6.496 -2.80147 0.143972 -3.78682
-6.4736 -2.79824 0.144258 -3.78336
-6.4512 -2.795 0.144546 -3.77989
-6.4288 -2.79176 0.144835 -3.7764
-6.4064 -2.78851 0.145126 -3.77291
-6.384 -2.78526 0.145418 -3.7694
-6.3616 -2.782 0.145713 -3.76588
-6.3392 -2.77873 0.146009 -3.76235
-6.3168 -2.77546 0.146306 -3.75881
-6.2944 -2.77218 0.146606 -3.75526
-6.272 -2.76889 0.146907 -3.75169
-6.2496 -2.7656 0.14721 -3.74812
-6.2272 -2.7623 0.147514 -3.74453
-6.2048 -2.75899 0.147821 -3.74093
-6.1824 -2.75567 0.148129 -3.73732
-6.16 -2.75235 0.148439 -3.7337
-6.1376 -2.74902 0.14875 -3.73007
-6.1152 -2.74569 0.149064 -3.72642
-6.0928 -2.74235 0.149379 -3.72276
-6.0704 -2.739 0.149697 -3.71909
-6.048 -2.73564 0.150016 -3.71541
-6.0256 -2.73227 0.150337 -3.71171
-6.0032 -2.7289 0.15066 -3.708
-5.9808 -2.72553 0.150985 -3.70428
-5.9584 -2.72214 0.151312 -3.70055
-5.936 -2.71875 0.151641 -3.6968
-5.9136 -2.71535 0.151972 -3.69304
-5.8912 -2.71194 0.152305 -3.68927
-5.8688 -2.70852 0.15264 -3.68548
-5.8464 -2.7051 0.152977 -3.68169
-5.824 -2.70167 0.153316 -3.67787
-5.8016 -2.69823 0.153657 -3.67405
-5.7792 -2.69479 0.154001 -3.67021
-5.7568 -2.69133 0.154346 -3.66636
-5.7344 -2.68787 0.154694 -3.66249
-5.712 -2.6844 0.155044 -3.65861
-5.6896 -2.68092 0.155396 -3.65472
-5.6672 -2.67744 0.15575 -3.65081
-5.6448 -2.67395 0.156106 -3.64689
-5.6224 -2.67045 0.156465 -3.64296
-5.6 -2.66694 0.156826 -3.63901
-5.5776 -2.66342 0.15719 -3.63504
-5.5552 -2.6599 0.157556 -3.63106
-5.5328 -2.65636 0.157924 -3.62707
-5.5104 -2.65282 0.158294 -3.62306
-5.488 -2.64927 0.158667 -3.61904
-5.4656 -2.64571 0.159043 -3.615
-5.4432 -2.64215 0.15942 -3.61095
-5.4208 -2.63857 0.159801 -3.60688
-5.3984 -2.63499 0.160184 -3.6028
-5.376 -2.63139 0.160569 -3.5987
-5.3536 -2.62779 0.160957 -3.59458
-5.3312 -2.62418 0.161348 -3.59045
-5.3088 -2.62056 0.161741 -3.58631
-5.2864 -2.61694 0.162137 -3.58215
-5.264 -2.6133 0.162535 -3.57797
-5.2416 -2.60966 0.162936 -3.57378
-5.2192 -2.606 0.16334 -3.56957
-5.1968 -2.60234 0.163747 -3.56534
-5.1744 -2.59867 0.164157 -3.5611
-5.152 -2.59498 0.164569 -3.55684
-5.1296 -2.59129 0.164984 -3.55256
-5.1072 -2.58759 0.165403 -3.54827
-5.0848 -2.58388 0.165824 -3.54396
-5.0624 -2.58016 0.166248 -3.53963
-5.04 -2.57643 0.166675 -3.53528
-5.0176 -2.5727 0.167105 -3.53092
-4.9952 -2.56895 0.167538 -3.52654
-4.9728 -2.56519 0.167974 -3.52214
-4.9504 -2.56142 0.168414 -3.51772
-4.928 -2.55765 0.168856 -3.51329
-4.9056 -2.55386 0.169302 -3.50884
-4.8832 -2.55006 0.169751 -3.50437
-4.8608 -2.54625 0.170203 -3.49988
-4.8384 -2.54244 0.170659 -3.49537
-4.816 -2.53861 0.171118 -3.49084
-4.7936 -2.53477 0.17158 -3.48629
-4.7712 -2.53092 0.172046 -3.48173
-4.7488 -2.52706 0.172515 -3.47714
-4.7264 -2.52319 0.172988 -3.47254
-4.704 -2.51931 0.173464 -3.46791
-4.6816 -2.51542 0.173944 -3.46327
-4.6592 -2.51152 0.174428 -3.4586
-4.6368 -2.50761 0.174915 -3.45392
-4.6144 -2.50368 0.175406 -3.44921
-4.592 -2.49975 0.175901 -3.44448
-4.5696 -2.4958 0.176399 -3.43974
-4.5472 -2.49185 0.176902 -3.43497
-4.5248 -2.48788 0.177408 -3.43018
-4.5024 -2.4839 0.177918 -3.42537
-4.48 -2.47991 0.178433 -3.42053
-4.4576 -2.4759 0.178951 -3.41568
-4.4352 -2.47189 0.179474 -3.4108
-4.4128 -2.46786 0.18 -3.4059
-4.3904 -2.46383 0.180531 -3.40098
-4.368 -2.45978 0.181066 -3.39604
-4.3456 -2.45571 0.181606 -3.39107
-4.3232 -2.45164 0.18215 -3.38608
-4.3008 -2.44755 0.182698 -3.38106
-4.2784 -2.44345 0.183251 -3.37603
-4.256 -2.43934 0.183809 -3.37097
-4.2336 -2.43522 0.184371 -3.36588
-4.2112 -2.43108 0.184938 -3.36077
-4.1888 -2.42693 0.185509 -3.35564
-4.1664 -2.42277 0.186085 -3.35048
-4.144 -2.4186 0.186667 -3.34529
-4.1216 -2.41441 0.187253 -3.34008
-4.0992 -2.41021 0.187844 -3.33485
-4.0768 -2.40599 0.18844 -3.32959
-4.0544 -2.40177 0.189042 -3.3243
-4.032 -2.39753 0.189648 -3.31899
-4.0096 -2.39327 0.19026 -3.31365
-3.9872 -2.389 0.190877 -3.30828
-3.9648 -2.38472 0.1915 -3.30288
-3.9424 -2.38042 0.192128 -3.29746
-3.92 -2.37611 0.192762 -3.29201
-3.8976 -2.37179 0.193401 -3.28654
-3.8752 -2.36745 0.194047 -3.28103
-3.8528 -2.36309 0.194698 -3.2755
-3.8304 -2.35873 0.195355 -3.26993
-3.808 -2.35434 0.196017 -3.26434
-3.7856 -2.34994 0.196687 -3.25872
-3.7632 -2.34553 0.197362 -3.25307
-3.7408 -2.3411 0.198043 -3.24738
-3.7184 -2.33666 0.198731 -3.24167
-3.696 -2.3322 0.199425 -3.23593
-3.6736 -2.32772 0.200126 -3.23015
-3.6512 -2.32323 0.200834 -3.22434
-3.6288 -2.31873 0.201548 -3.2185
-3.6064 -2.3142 0.202269 -3.21263
-3.584 -2.30966 0.202997 -3.20673
-3.5616 -2.30511 0.203733 -3.20079
-3.5392 -2.30054 0.204475 -3.19482
-3.5168 -2.29595 0.205225 -3.18882
-3.4944 -2.29134 0.205982 -3.18278
-3.472 -2.28672 0.206746 -3.1767
-3.4496 -2.28208 0.207519 -3.1706
-3.4272 -2.27742 0.208299 -3.16445
-3.4048 -2.27275 0.209087 -3.15827
-3.3824 -2.26806 0.209883 -3.15205
-3.36 -2.26335 0.210687 -3.1458
-3.3376 -2.25862 0.211499 -3.13951
-3.3152 -2.25387 0.21232 -3.13318
-3.2928 -2.24911 0.213149 -3.12682
-3.2704 -2.24432 0.213987 -3.12041
-3.248 -2.23952 0.214834 -3.11397
-3.2256 -2.2347 0.21569 -3.10748
-3.2032 -2.22986 0.216555 -3.10096
-3.1808 -2.225 0.217429 -3.09439
-3.1584 -2.22011 0.218313 -3.08779
-3.136 -2.21521 0.219206 -3.08114
-3.1136 -2.21029 0.22011 -3.07445
-3.0912 -2.20535 0.221023 -3.06771
-3.0688 -2.20039 0.221946 -3.06094
-3.0464 -2.19541 0.22288 -3.05412
-3.024 -2.19041 0.223824 -3.04725
-3.0016 -2.18538 0.224779 -3.04034
-2.9792 -2.18034 0.225745 -3.03339
-2.9568 -2.17527 0.226721 -3.02638
-2.9344 -2.17018 0.22771 -3.01933
-2.912 -2.16507 0.228709 -3.01224
-2.8896 -2.15993 0.229721 -3.00509
-2.8672 -2.15478 0.230744 -2.9979
-2.8448 -2.1496 0.231779 -2.99065
-2.8224 -2.14439 0.232827 -2.98336
-2.8 -2.13917 0.233888 -2.97601
-2.7776 -2.13391 0.234961 -2.96861
-2.7552 -2.12864 0.236048 -2.96116
-2.7328 -2.12334 0.237148 -2.95366
-2.7104 -2.11801 0.238261 -2.9461
-2.688 -2.11267 0.239388 -2.93849
-2.6656 -2.10729 0.24053 -2.93082
-2.6432 -2.10189 0.241686 -2.92309
-2.6208 -2.09646 0.242857 -2.91531
-2.5984 -2.09101 0.244043 -2.90746
-2.576 -2.08553 0.245245 -2.89956
-2.5536 -2.08002 0.246462 -2.8916
-2.5312 -2.07449 0.247695 -2.88358
-2.5088 -2.06893 0.248944 -2.87549
-2.4864 -2.06333 0.25021 -2.86734
-2.464 -2.05772 0.251494 -2.85913
-2.4416 -2.05207 0.252795 -2.85085
-2.4192 -2.04639 0.254113 -2.8425
-2.3968 -2.04068 0.25545 -2.83409
-2.3744 -2.03495 0.256805 -2.82561
-2.352 -2.02918 0.25818 -2.81706
-2.3296 -2.02338 0.259574 -2.80844
-2.3072 -2.01755 0.260988 -2.79974
-2.2848 -2.01169 0.262422 -2.79098
-2.2624 -2.00579 0.263877 -2.78214
-2.24 -1.99987 0.265354 -2.77322
-2.2176 -1.9939 0.266852 -2.76422
-2.1952 -1.98791 0.268373 -2.75515
-2.1728 -1.98188 0.269916 -2.74599
-2.1504 -1.97582 0.271483 -2.73676
-2.128 -1.96972 0.273074 -2.72744
-2.1056 -1.96358 0.27469 -2.71804
-2.0832 -1.95741 0.27633 -2.70855
-2.0608 -1.9512 0.277997 -2.69897
-2.0384 -1.94496 0.27969 -2.6893
-2.016 -1.93867 0.281411 -2.67954
-1.9936 -1.93235 0.283159 -2.66969
-1.9712 -1.92599 0.284936 -2.65975
-1.9488 -1.91959 0.286742 -2.6497
-1.9264 -1.91314 0.288578 -2.63956
-1.904 -1.90666 0.290445 -2.62932
-1.8816 -1.90013 0.292344 -2.61898
-1.8592 -1.89356 0.294276 -2.60853
-1.8368 -1.88695 0.296241 -2.59797
-1.8144 -1.88029 0.29824 -2.5873
-1.792 -1.87358 0.300276 -2.57653
-1.7696 -1.86684 0.302347 -2.56563
-1.7472 -1.86004 0.304456 -2.55463
-1.7248 -1.8532 0.306604 -2.5435
-1.7024 -1.8463 0.308791 -2.53225
-1.68 -1.83936 0.31102 -2.52088
-1.6576 -1.83237 0.31329 -2.50938
-1.6352 -1.82533 0.315604 -2.49775
-1.6128 -1.81823 0.317963 -2.48598
-1.5904 -1.81108 0.320367 -2.47408
-1.568 -1.80388 0.32282 -2.46204
-1.5456 -1.79662 0.325322 -2.44986
-1.5232 -1.7893 0.327874 -2.43753
-1.5008 -1.78193 0.330479 -2.42505
-1.4784 -1.7745 0.333137 -2.41242
-1.456 -1.767 0.335852 -2.39963
-1.4336 -1.75945 0.338625 -2.38668
-1.4112 -1.75183 0.341457 -2.37356
-1.3888 -1.74415 0.344351 -2.36027
-1.3664 -1.73641 0.34731 -2.34681
-1.344 -1.72859 0.350334 -2.33316
-1.3216 -1.72071 0.353428 -2.31934
-1.2992 -1.71276 0.356592 -2.30532
-1.2768 -1.70473 0.359831 -2.2911
-1.2544 -1.69664 0.363146 -2.27669
-1.232 -1.68846 0.366541 -2.26207
-1.2096 -1.68021 0.370018 -2.24724
-1.1872 -1.67189 0.373581 -2.23219
-1.1648 -1.66348 0.377234 -2.21691
-1.1424 -1.65499 0.38098 -2.2014
-1.12 -1.64641 0.384822 -2.18565
-1.0976 -1.63775 0.388765 -2.16965
-1.0752 -1.62899 0.392814 -2.1534
-1.0528 -1.62015 0.396972 -2.13688
-1.0304 -1.61121 0.401244 -2.12009
-1.008 -1.60217 0.405636 -2.10302
-0.9856 -1.59303 0.410153 -2.08565
-0.9632 -1.58379 0.4148 -2.06799
-0.9408 -1.57445 0.419584 -2.05001
-0.9184 -1.565 0.424511 -2.0317
-0.896 -1.55543 0.429588 -2.01306
-0.8736 -1.54575 0.434823 -1.99407
-0.8512 -1.53595 0.440223 -1.97472
-0.8288 -1.52603 0.445797 -1.95499
-0.8064 -1.51598 0.451554 -1.93487
-0.784 -1.50579 0.457503 -1.91434
-0.7616 -1.49548 0.463655 -1.89338
-0.7392 -1.48502 0.470022 -1.87198
-0.7168 -1.47442 0.476614 -1.85012
-0.6944 -1.46367 0.483446 -1.82777
-0.672 -1.45276 0.490531 -1.80492
-0.6496 -1.44169 0.497884 -1.78153
-0.6272 -1.43045 0.505522 -1.7576
-0.6048 -1.41904 0.513463 -1.73307
-0.5824 -1.40745 0.521725 -1.70794
-0.56 -1.39566 0.530331 -1.68216
-0.5376 -1.38368 0.539302 -1.65571
-0.5152 -1.3715 0.548664 -1.62854
-0.4928 -1.3591 0.558445 -1.60062
-0.4704 -1.34648 0.568675 -1.5719
-0.448 -1.33362 0.579386 -1.54233
-0.4256 -1.32052 0.590616 -1.51187
-0.4032 -1.30716 0.602404 -1.48045
-0.3808 -1.29353 0.614796 -1.44801
-0.3584 -1.27961 0.62784 -1.41449
-0.336 -1.26539 0.641592 -1.37982
-0.3136 -1.25086 0.656114 -1.34389
-0.2912 -1.23599 0.671473 -1.30664
-0.2688 -1.22077 0.687747 -1.26794
-0.2464 -1.20517 0.705021 -1.22769
-0.224 -1.18918 0.723394 -1.18575
-0.2016 -1.17276 0.742973 -1.14197
-0.1792 -1.15588 0.763883 -1.0962
-0.1568 -1.13852 0.786263 -1.04824
-0.1344 -1.12065 0.81027 -0.997872
-0.112 -1.10221 0.836083 -0.944846
-0.0896 -1.08318 0.863901 -0.888872
-0.0672 -1.06349 0.893947 -0.829614
-0.0448 -1.04311 0.926467 -0.766677
-0.0224 -1.02197 0.961726 -0.699599
0 -1 1 -0.627837
0.004 -0.995986 1.00717 -0.614482
0.008 -0.991942 1.01445 -0.600954
0.012 -0.98787 1.02184 -0.587248
0.016 -0.983768 1.02933 -0.57336
0.02 -0.979635 1.03694 -0.559286
0.024 -0.975472 1.04465 -0.545021
0.028 -0.971278 1.05248 -0.53056
0.032 -0.967052 1.06042 -0.5159
0.036 -0.962794 1.06847 -0.501034
0.04 -0.958504 1.07664 -0.485959
0.044 -0.954181 1.08492 -0.470669
0.048 -0.949825 1.09332 -0.455158
0.052 -0.945434 1.10183 -0.439422
0.056 -0.94101 1.11046 -0.423454
0.06 -0.93655 1.1192 -0.40725
0.064 -0.932056 1.12805 -0.390803
0.068 -0.927526 1.13702 -0.374108
0.072 -0.92296 1.14609 -0.357159
0.076 -0.918357 1.15527 -0.339949
0.08 -0.913717 1.16456 -0.322474
0.084 -0.90904 1.17394 -0.304725
0.088 -0.904326 1.18343 -0.286698
0.092 -0.899573 1.19301 -0.268386
0.096 -0.894782 1.20267 -0.249783
0.1 -0.889951 1.21241 -0.230883
0.104 -0.885082 1.22223 -0.211678
0.108 -0.880173 1.23212 -0.192164
0.112 -0.875225 1.24206 -0.172335
0.116 -0.870237 1.25205 -0.152184
0.12 -0.865209 1.26207 -0.131706
0.124 -0.86014 1.27212 -0.110895
0.128 -0.855032 1.28217 -0.0897462
0.132 -0.849883 1.29222 -0.0682554
0.136 -0.844694 1.30224 -0.046418
0.14 -0.839465 1.31222 -0.0242302
0.144 -0.834196 1.32214 -0.00168864
0.148 -0.828888 1.33198 0.0212091
0.152 -0.823541 1.34171 0.0444651
0.156 -0.818155 1.35131 0.0680803
0.16 -0.81273 1.36075 0.092055
0.164 -0.807269 1.37001 0.116389
0.168 -0.801771 1.37906 0.141079
0.172 -0.796237 1.38786 0.166125
0.176 -0.790668 1.3964 0.191521
0.18 -0.785066 1.40463 0.217263
0.184 -0.779431 1.41253 0.243345
0.188 -0.773766 1.42006 0.269759
0.192 -0.768071 1.42721 0.296498
0.196 -0.762349 1.43392 0.323551
0.2 -0.756601 1.44019 0.350909
0.204 -0.750828 1.44597 0.37856
0.208 -0.745034 1.45125 0.406491
0.212 -0.739219 1.45599 0.434689
0.216 -0.733386 1.46019 0.46314
0.22 -0.727538 1.46382 0.491831
0.224 -0.721677 1.46687 0.520745
0.228 -0.715804 1.46932 0.549868
0.232 -0.709923 1.47116 0.579184
0.236 -0.704036 1.4724 0.608678
0.24 -0.698145 1.47303 0.638336
0.244 -0.692252 1.47304 0.668141
0.248 -0.686361 1.47246 0.698081
0.252 -0.680473 1.47127 0.728139
0.256 -0.674592 1.4695 0.758304
0.26 -0.668718 1.46715 0.788563
0.264 -0.662855 1.46425 0.818902
0.268 -0.657005 1.4608 0.849312
0.272 -0.651169 1.45683 0.879781
0.276 -0.645351 1.45235 0.9103
0.28 -0.639551 1.44739 0.940859
0.284 -0.633772 1.44197 0.971451
0.288 -0.628016 1.43612 1.00207
0.292 -0.622284 1.42985 1.0327
0.296 -0.616578 1.42318 1.06335
0.3 -0.610899 1.41615 1.094
0.304 -0.605249 1.40878 1.12466
0.308 -0.599629 1.40108 1.15531
0.312 -0.594041 1.39308 1.18596
0.316 -0.588485 1.38481 1.2166
0.32 -0.582963 1.37628 1.24723
0.324 -0.577475 1.3675 1.27784
0.328 -0.572023 1.35852 1.30844
0.332 -0.566607 1.34933 1.33902
0.336 -0.561229 1.33997 1.36958
0.34 -0.555888 1.33044 1.40012
0.344 -0.550585 1.32076 1.43064
0.348 -0.545322 1.31096 1.46114
0.352 -0.540098 1.30103 1.49161
0.356 -0.534914 1.29101 1.52207
0.36 -0.52977 1.2809 1.5525
0.364 -0.524667 1.27071 1.58292
0.368 -0.519604 1.26045 1.61331
0.372 -0.514583 1.25014 1.64367
0.376 -0.509603 1.23979 1.67402
0.38 -0.504665 1.22941 1.70435
0.384 -0.499768 1.219 1.73466
0.388 -0.494913 1.20857 1.76494
0.392 -0.490099 1.19813 1.79521
0.396 -0.485328 1.1877 1.82546
0.4 -0.480598 1.17727 1.85569
0.404 -0.47591 1.16685 1.8859
0.408 -0.471263 1.15645 1.9161
0.412 -0.466658 1.14608 1.94628
0.416 -0.462094 1.13573 1.97644
0.42 -0.457572 1.12542 2.00659
0.424 -0.453091 1.11514 2.03672
0.428 -0.448651 1.1049 2.06684
0.432 -0.444252 1.09471 2.09695
0.436 -0.439893 1.08457 2.12704
0.44 -0.435575 1.07448 2.15712
0.444 -0.431297 1.06445 2.18719
0.448 -0.427059 1.05447 2.21724
0.452 -0.422861 1.04455 2.24729
0.456 -0.418703 1.0347 2.27732
0.46 -0.414584 1.0249 2.30735
0.464 -0.410503 1.01517 2.33736
0.468 -0.406462 1.00551 2.36736
0.472 -0.402459 0.995916 2.39736
0.476 -0.398495 0.986391 2.42735
0.48 -0.394568 0.976936 2.45733
0.484 -0.390679 0.967553 2.4873
0.488 -0.386828 0.958242 2.51726
0.492 -0.383013 0.949004 2.54722
0.496 -0.379235 0.93984 2.57717
0.5 -0.375494 0.930749 2.60711
0.504 -0.371789 0.921733 2.63705
0.508 -0.36812 0.912792 2.66698
0.512 -0.364487 0.903926 2.69691
0.516 -0.360889 0.895136 2.72683
0.52 -0.357326 0.886421 2.75674
0.524 -0.353797 0.877782 2.78665
0.528 -0.350303 0.869218 2.81656
0.532 -0.346843 0.86073 2.84646
0.536 -0.343417 0.852317 2.87636
0.54 -0.340025 0.843979 2.90625
0.544 -0.336665 0.835717 2.93614
0.548 -0.333339 0.82753 2.96603
0.552 -0.330045 0.819417 2.99591
0.556 -0.326784 0.811379 3.02579
0.56 -0.323554 0.803415 3.05566
0.564 -0.320356 0.795525 3.08554
0.568 -0.31719 0.787708 3.11541
0.572 -0.314054 0.779964 3.14528
0.576 -0.31095 0.772293 3.17514
0.58 -0.307876 0.764694 3.205
0.584 -0.304832 0.757167 3.23486
0.588 -0.301819 0.749712 3.26472
0.592 -0.298834 0.742327 3.29458
0.596 -0.29588 0.735012 3.32443
0.6 -0.292954 0.727768 3.35428
0.604 -0.290058 0.720592 3.38413
0.608 -0.287189 0.713486 3.41398
0.612 -0.28435 0.706448 3.44383
0.616 -0.281538 0.699478 3.47367
0.62 -0.278754 0.692575 3.50352
0.624 -0.275997 0.685739 3.53336
0.628 -0.273268 0.678969 3.5632
0.632 -0.270565 0.672265 3.59304
0.636 -0.267889 0.665626 3.62288
0.64 -0.26524 0.659052 3.65272
0.644 -0.262617 0.652541 3.68255
0.648 -0.26002 0.646095 3.71239
0.652 -0.257448 0.639711 3.74222
0.656 -0.254902 0.633389 3.77205
0.66 -0.252381 0.627129 3.80189
0.664 -0.249885 0.620931 3.83172
0.668 -0.247413 0.614793 3.86155
0.672 -0.244966 0.608716 3.89138
0.676 -0.242544 0.602698 3.92121
0.68 -0.240145 0.596739 3.95103
0.684 -0.23777 0.590839 3.98086
0.688 -0.235418 0.584997 4.01069
0.692 -0.23309 0.579212 4.04051
0.696 -0.230784 0.573485 4.07034
0.7 -0.228502 0.567813 4.10017
0.704 -0.226242 0.562198 4.12999
0.708 -0.224004 0.556637 4.15981
0.712 -0.221788 0.551132 4.18964
0.716 -0.219595 0.545681 4.21946
0.72 -0.217423 0.540284 4.24928
0.724 -0.215272 0.53494 4.27911
0.728 -0.213143 0.529648 4.30893
0.732 -0.211035 0.524409 4.33875
0.736 -0.208948 0.519222 4.36857
0.74 -0.206881 0.514086 4.39839
0.744 -0.204835 0.509 4.42821
0.748 -0.202809 0.503965 4.45803
0.752 -0.200803 0.49898 4.48785
0.756 -0.198817 0.494044 4.51767
0.76 -0.196851 0.489156 4.54749
0.764 -0.194904 0.484317 4.57731
0.768 -0.192976 0.479526 4.60713
0.772 -0.191068 0.474782 4.63695
0.776 -0.189178 0.470085 4.66677
0.78 -0.187307 0.465435 4.69658
0.784 -0.185455 0.460831 4.7264
0.788 -0.18362 0.456272 4.75622
0.792 -0.181804 0.451758 4.78604
0.796 -0.180006 0.447289 4.81586
0.8 -0.178226 0.442864 4.84567
0.804 -0.176463 0.438483 4.87549
0.808 -0.174718 0.434145 4.90531
0.812 -0.17299 0.42985 4.93512
0.816 -0.171279 0.425598 4.96494
0.82 -0.169585 0.421388 4.99476
0.824 -0.167908 0.417219 5.02457
0.828 -0.166247 0.413092 5.05439
0.832 -0.164603 0.409005 5.08421
0.836 -0.162975 0.404959 5.11402
0.84 -0.161364 0.400953 5.14384
0.844 -0.159768 0.396987 5.17366
0.848 -0.158188 0.39306 5.20347
0.852 -0.156623 0.389172 5.23329
0.856 -0.155074 0.385322 5.2631
0.86 -0.15354 0.38151 5.29292
0.864 -0.152022 0.377736 5.32274
0.868 -0.150519 0.374 5.35255
0.872 -0.14903 0.3703 5.38237
0.876 -0.147556 0.366637 5.41218
0.88 -0.146097 0.363011 5.442
0.884 -0.144652 0.35942 5.47181
0.888 -0.143221 0.355865 5.50163
0.892 -0.141805 0.352345 5.53144
0.896 -0.140403 0.348859 5.56126
0.9 -0.139014 0.345409 5.59107
0.904 -0.137639 0.341992 5.62089
0.908 -0.136278 0.338609 5.6507
0.912 -0.13493 0.33526 5.68052
0.916 -0.133596 0.331944 5.71033
0.92 -0.132275 0.328661 5.74015
0.924 -0.130967 0.32541 5.76996
0.928 -0.129671 0.322191 5.79978
0.932 -0.128389 0.319004 5.82959
0.936 -0.127119 0.315849 5.85941
0.94 -0.125862 0.312725 5.88922
0.944 -0.124618 0.309632 5.91904
0.948 -0.123385 0.306569 5.94885
0.952 -0.122165 0.303537 5.97867
0.956 -0.120957 0.300535 6.00848
0.96 -0.119761 0.297562 6.0383
0.964 -0.118576 0.294619 6.06811
0.968 -0.117404 0.291705 6.09793
0.972 -0.116243 0.28882 6.12774
0.976 -0.115093 0.285964 6.15755
0.98 -0.113955 0.283135 6.18737
0.984 -0.112828 0.280335 6.21718
0.988 -0.111712 0.277562 6.247
0.992 -0.110607 0.274817 6.27681
0.996 -0.109514 0.272099 6.30663
1 -0.108431 0.269408 6.33644
1.004 -0.107358 0.266743 6.36626
1.008 -0.106297 0.264105 6.39607
1.012 -0.105245 0.261493 6.42589
1.016 -0.104205 0.258907 6.4557
1.02 -0.103174 0.256346 6.48551
1.024 -0.102154 0.253811 6.51533
1.028 -0.101144 0.251301 6.54514
1.032 -0.100143 0.248816 6.57496
1.036 -0.099153 0.246355 6.60477
1.04 -0.0981725 0.243918 6.63459
1.044 -0.0972016 0.241506 6.6644
1.048 -0.0962404 0.239118 6.69422
1.052 -0.0952887 0.236753 6.72403
1.056 -0.0943463 0.234411 6.75384
1.06 -0.0934133 0.232093 6.78366
1.064 -0.0924896 0.229798 6.81347
1.068 -0.0915749 0.227525 6.84329
1.072 -0.0906693 0.225275 6.8731
1.076 -0.0897727 0.223047 6.90292
1.08 -0.0888849 0.220841 6.93273
1.084 -0.0880059 0.218657 6.96254
1.088 -0.0871356 0.216495 6.99236
1.092 -0.086274 0.214354 7.02217
1.096 -0.0854208 0.212234 7.05199
1.1 -0.0845761 0.210135 7.0818
1.104 -0.0837397 0.208057 7.11162
1.108 -0.0829116 0.205999 7.14143
1.112 -0.0820917 0.203962 7.17124
1.116 -0.0812799 0.201945 7.20106
1.12 -0.0804761 0.199948 7.23087
1.124 -0.0796802 0.19797 7.26069
1.128 -0.0788923 0.196012 7.2905
1.132 -0.0781121 0.194074 7.32032
1.136 -0.0773397 0.192155 7.35013
1.14 -0.0765749 0.190254 7.37994
1.144 -0.0758176 0.188373 7.40976
1.148 -0.0750679 0.18651 7.43957
1.152 -0.0743255 0.184666 7.46939
1.156 -0.0735905 0.182839 7.4992
1.16 -0.0728628 0.181031 7.52902
1.164 -0.0721422 0.179241 7.55883
1.168 -0.0714288 0.177468 7.58864
1.172 -0.0707225 0.175713 7.61846
1.176 -0.0700231 0.173976 7.64827
1.18 -0.0693306 0.172255 7.67809
1.184 -0.068645 0.170552 7.7079
1.188 -0.0679662 0.168865 7.73772
1.192 -0.0672941 0.167195 7.76753
1.196 -0.0666286 0.165542 7.79734
1.2 -0.0659697 0.163905 7.82716
1.204 -0.0653174 0.162284 7.85697
1.208 -0.0646714 0.160679 7.88679
1.212 -0.0640319 0.15909 7.9166
1.216 -0.0633987 0.157517 7.94642
1.22 -0.0627718 0.155959 7.97623
1.224 -0.062151 0.154417 8.00604
1.228 -0.0615364 0.15289 8.03586
1.232 -0.0609279 0.151378 8.06567
1.236 -0.0603254 0.149881 8.09549
1.24 -0.0597288 0.148398 8.1253
1.244 -0.0591382 0.146931 8.15512
1.248 -0.0585533 0.145478 8.18493
1.252 -0.0579743 0.144039 8.21474
1.256 -0.057401 0.142615 8.24456
1.26 -0.0568334 0.141204 8.27437
1.264 -0.0562714 0.139808 8.30419
1.268 -0.0557149 0.138425 8.334
1.272 -0.0551639 0.137057 8.36382
1.276 -0.0546184 0.135701 8.39363
1.28 -0.0540783 0.134359 8.42344
1.284 -0.0535435 0.133031 8.45326
1.288 -0.053014 0.131715 8.48307
1.292 -0.0524898 0.130413 8.51289
1.296 -0.0519707 0.129123 8.5427
1.3 -0.0514568 0.127846 8.57252
1.304 -0.0509479 0.126582 8.60233
1.308 -0.0504441 0.12533 8.63214
1.312 -0.0499453 0.124091 8.66196
1.316 -0.0494514 0.122863 8.69177
1.32 -0.0489624 0.121648 8.72159
1.324 -0.0484782 0.120445 8.7514
1.328 -0.0479988 0.119254 8.78121
1.332 -0.0475241 0.118075 8.81103
1.336 -0.0470542 0.116907 8.84084
1.34 -0.0465889 0.115751 8.87066
1.344 -0.0461281 0.114607 8.90047
1.348 -0.045672 0.113473 8.93029
1.352 -0.0452203 0.112351 8.9601
1.356 -0.0447732 0.11124 8.98991
1.36 -0.0443304 0.11014 9.01973
1.364 -0.043892 0.109051 9.04954
1.368 -0.043458 0.107972 9.07936
1.372 -0.0430282 0.106905 9.10917
1.376 -0.0426027 0.105848 9.13899
1.38 -0.0421814 0.104801 9.1688
1.384 -0.0417643 0.103764 9.19861
1.388 -0.0413513 0.102738 9.22843
1.392 -0.0409424 0.101722 9.25824
1.396 -0.0405375 0.100716 9.28806
1.4 -0.0401366 0.0997205 9.31787
1.404 -0.0397397 0.0987344 9.34769
1.408 -0.0393468 0.097758 9.3775
1.412 -0.0389577 0.0967913 9.40731
1.416 -0.0385724 0.0958341 9.43713
1.42 -0.038191 0.0948864 9.46694
1.424 -0.0378133 0.0939481 9.49676
1.428 -0.0374394 0.093019 9.52657
1.432 -0.0370691 0.0920992 9.55639
1.436 -0.0367026 0.0911884 9.5862
1.44 -0.0363396 0.0902867 9.61601
1.444 -0.0359803 0.0893938 9.64583
1.448 -0.0356245 0.0885098 9.67564
1.452 -0.0352722 0.0876345 9.70546
1.456 -0.0349234 0.0867679 9.73527
1.46 -0.034578 0.0859099 9.76508
1.464 -0.0342361 0.0850603 9.7949
1.468 -0.0338975 0.0842192 9.82471
1.472 -0.0335623 0.0833863 9.85453
1.476 -0.0332304 0.0825617 9.88434
1.48 -0.0329018 0.0817453 9.91416
1.484 -0.0325765 0.0809369 9.94397
1.488 -0.0322543 0.0801366 9.97378
1.492 -0.0319353 0.0793441 10.0036
1.496 -0.0316195 0.0785595 10.0334
1.5 -0.0313069 0.0777826 10.0632
1.504 -0.0309973 0.0770134 10.093
1.508 -0.0306907 0.0762518 10.1229
1.512 -0.0303872 0.0754978 10.1527
1.516 -0.0300868 0.0747512 10.1825
1.52 -0.0297892 0.074012 10.2123
1.524 -0.0294946 0.0732801 10.2421
1.528 -0.029203 0.0725554 10.2719
1.532 -0.0289142 0.0718379 10.3017
1.536 -0.0286283 0.0711275 10.3316
1.54 -0.0283452 0.0704242 10.3614
1.544 -0.0280649 0.0697278 10.3912
1.548 -0.0277873 0.0690382 10.421
1.552 -0.0275125 0.0683555 10.4508
1.556 -0.0272405 0.0676796 10.4806
1.56 -0.0269711 0.0670103 10.5104
1.564 -0.0267044 0.0663476 10.5403
1.568 -0.0264403 0.0656915 10.5701
1.572 -0.0261788 0.0650419 10.5999
1.576 -0.02592 0.0643987 10.6297
1.58 -0.0256636 0.0637619 10.6595
1.584 -0.0254099 0.0631314 10.6893
1.588 -0.0251586 0.0625071 10.7191
1.592 -0.0249098 0.0618889 10.749
1.596 -0.0246635 0.0612769 10.7788
1.6 -0.0244196 0.060671 10.8086
1.604 -0.0241781 0.060071 10.8384
1.608 -0.023939 0.059477 10.8682
1.612 -0.0237023 0.0588888 10.898
1.616 -0.0234679 0.0583064 10.9278
1.62 -0.0232358 0.0577299 10.9577
1.624 -0.023006 0.057159 10.9875
1.628 -0.0227785 0.0565937 11.0173
1.632 -0.0225533 0.0560341 11.0471
1.636 -0.0223303 0.05548 11.0769
1.64 -0.0221094 0.0549313 11.1067
1.644 -0.0218908 0.0543881 11.1365
1.648 -0.0216743 0.0538503 11.1664
1.652 -0.02146 0.0533178 11.1962
1.656 -0.0212478 0.0527905 11.226
1.66 -0.0210377 0.0522685 11.2558
1.664 -0.0208296 0.0517516 11.2856
1.668 -0.0206236 0.0512398 11.3154
1.672 -0.0204197 0.0507331 11.3452
1.676 -0.0202178 0.0502314 11.3751
1.68 -0.0200178 0.0497347 11.4049
1.684 -0.0198199 0.0492429 11.4347
1.688 -0.0196239 0.0487559 11.4645
1.692 -0.0194298 0.0482738 11.4943
1.696 -0.0192377 0.0477964 11.5241
1.7 -0.0190474 0.0473238 11.5539
1.704 -0.0188591 0.0468558 11.5838
1.708 -0.0186726 0.0463924 11.6136
1.712 -0.0184879 0.0459337 11.6434
1.716 -0.0183051 0.0454794 11.6732
1.72 -0.0181241 0.0450297 11.703
1.724 -0.0179449 0.0445844 11.7328
1.728 -0.0177674 0.0441435 11.7626
1.732 -0.0175917 0.043707 11.7925
1.736 -0.0174178 0.0432748 11.8223
1.74 -0.0172455 0.0428468 11.8521
1.744 -0.017075 0.0424231 11.8819
1.748 -0.0169061 0.0420036 11.9117
1.752 -0.0167389 0.0415882 11.9415
1.756 -0.0165734 0.041177 11.9713
1.76 -0.0164095 0.0407698 12.0012
1.764 -0.0162473 0.0403666 12.031
1.768 -0.0160866 0.0399674 12.0608
1.772 -0.0159275 0.0395722 12.0906
1.776 -0.01577 0.0391809 12.1204
1.78 -0.0156141 0.0387934 12.1502
1.784 -0.0154596 0.0384098 12.18
1.788 -0.0153068 0.03803 12.2099
1.792 -0.0151554 0.0376539 12.2397
1.796 -0.0150055 0.0372816 12.2695
1.8 -0.0148571 0.0369129 12.2993
1.804 -0.0147102 0.0365479 12.3291
1.808 -0.0145648 0.0361864 12.3589
1.812 -0.0144207 0.0358286 12.3887
1.816 -0.0142781 0.0354743 12.4186
1.82 -0.0141369 0.0351235 12.4484
1.824 -0.0139971 0.0347762 12.4782
1.828 -0.0138587 0.0344323 12.508
1.832 -0.0137217 0.0340918 12.5378
1.836 -0.013586 0.0337546 12.5676
1.84 -0.0134516 0.0334208 12.5974
1.844 -0.0133186 0.0330904 12.6273
1.848 -0.0131869 0.0327631 12.6571
1.852 -0.0130565 0.0324391 12.6869
1.856 -0.0129274 0.0321183 12.7167
1.86 -0.0127995 0.0318007 12.7465
1.864 -0.012673 0.0314863 12.7763
1.868 -0.0125477 0.0311749 12.8061
1.872 -0.0124236 0.0308666 12.836
1.876 -0.0123007 0.0305614 12.8658
1.88 -0.0121791 0.0302592 12.8956
1.884 -0.0120586 0.0299599 12.9254
1.888 -0.0119394 0.0296637 12.9552
1.892 -0.0118213 0.0293703 12.985
1.896 -0.0117044 0.0290799 13.0148
1.9 -0.0115887 0.0287923 13.0447
1.904 -0.0114741 0.0285076 13.0745
1.908 -0.0113606 0.0282257 13.1043
1.912 -0.0112483 0.0279466 13.1341
1.916 -0.011137 0.0276702 13.1639
1.92 -0.0110269 0.0273966 13.1937
1.924 -0.0109179 0.0271257 13.2235
1.928 -0.0108099 0.0268574 13.2534
1.932 -0.010703 0.0265918 13.2832
1.936 -0.0105972 0.0263289 13.313
1.94 -0.0104924 0.0260685 13.3428
1.944 -0.0103886 0.0258107 13.3726
1.948 -0.0102859 0.0255555 13.4024
1.952 -0.0101842 0.0253028 13.4322
1.956 -0.0100835 0.0250525 13.4621
1.96 -0.00998374 0.0248048 13.4919
1.964 -0.00988501 0.0245595 13.5217
1.968 -0.00978726 0.0243166 13.5515
1.972 -0.00969048 0.0240762 13.5813
1.976 -0.00959465 0.0238381 13.6111
1.98 -0.00949977 0.0236024 13.6409
1.984 -0.00940583 0.023369 13.6708
1.988 -0.00931281 0.0231379 13.7006
1.992 -0.00922072 0.0229091 13.7304
1.996 -0.00912954 0.0226825 13.7602
2 -0.00903926 0.0224582 13.79
2.004 -0.00894987 0.0222361 13.8198
2.008 -0.00886137 0.0220162 13.8496
2.012 -0.00877374 0.0217985 13.8794
2.016 -0.00868697 0.021583 13.9093
2.02 -0.00860107 0.0213695 13.9391
2.024 -0.00851602 0.0211582 13.9689
2.028 -0.0084318 0.020949 13.9987
2.032 -0.00834842 0.0207418 14.0285
2.036 -0.00826586 0.0205367 14.0583
2.04 -0.00818412 0.0203336 14.0881
2.044 -0.00810319 0.0201325 14.118
2.048 -0.00802306 0.0199335 14.1478
2.052 -0.00794372 0.0197363 14.1776
2.056 -0.00786517 0.0195412 14.2074
2.06 -0.00778739 0.0193479 14.2372
2.064 -0.00771038 0.0191566 14.267
2.068 -0.00763414 0.0189672 14.2968
2.072 -0.00755864 0.0187796 14.3267
2.076 -0.0074839 0.0185939 14.3565
2.08 -0.00740989 0.01841 14.3863
2.084 -0.00733661 0.018228 14.4161
2.088 -0.00726406 0.0180477 14.4459
2.092 -0.00719223 0.0178692 14.4757
2.096 -0.00712111 0.0176925 14.5055
2.1 -0.00705069 0.0175176 14.5354
2.104 -0.00698096 0.0173443 14.5652
2.108 -0.00691193 0.0171728 14.595
2.112 -0.00684358 0.017003 14.6248
2.116 -0.0067759 0.0168349 14.6546
2.12 -0.0067089 0.0166684 14.6844
2.124 -0.00664255 0.0165036 14.7142
2.128 -0.00657687 0.0163404 14.7441
2.132 -0.00651183 0.0161788 14.7739
2.136 -0.00644743 0.0160188 14.8037
2.14 -0.00638368 0.0158604 14.8335
2.144 -0.00632055 0.0157035 14.8633
2.148 -0.00625805 0.0155482 14.8931
2.152 -0.00619616 0.0153945 14.9229
2.156 -0.00613489 0.0152423 14.9528
2.16 -0.00607422 0.0150915 14.9826
2.164 -0.00601415 0.0149423 15.0124
2.168 -0.00595468 0.0147945 15.0422
2.172 -0.0058958 0.0146482 15.072
2.176 -0.00583749 0.0145034 15.1018
2.18 -0.00577977 0.0143599 15.1316
2.184 -0.00572261 0.0142179 15.1615
2.188 -0.00566602 0.0140773 15.1913
2.192 -0.00560999 0.0139381 15.2211
2.196 -0.00555452 0.0138003 15.2509
2.2 -0.00549959 0.0136638 15.2807
2.204 -0.0054452 0.0135287 15.3105
2.208 -0.00539136 0.0133949 15.3403
2.212 -0.00533804 0.0132625 15.3702
2.216 -0.00528525 0.0131313 15.4
2.22 -0.00523299 0.0130015 15.4298
2.224 -0.00518124 0.0128729 15.4596
2.228 -0.00513 0.0127456 15.4894
2.232 -0.00507927 0.0126196 15.5192
2.236 -0.00502905 0.0124948 15.549
2.24 -0.00497931 0.0123712 15.5789
2.244 -0.00493007 0.0122489 15.6087
2.248 -0.00488132 0.0121277 15.6385
2.252 -0.00483305 0.0120078 15.6683
2.256 -0.00478526 0.0118891 15.6981
2.26 -0.00473794 0.0117715 15.7279
2.264 -0.00469108 0.0116551 15.7577
2.268 -0.00464469 0.0115398 15.7876
2.272 -0.00459876 0.0114257 15.8174
2.276 -0.00455329 0.0113127 15.8472
2.28 -0.00450826 0.0112009 15.877
2.284 -0.00446368 0.0110901 15.9068
2.288 -0.00441954 0.0109804 15.9366
2.292 -0.00437583 0.0108718 15.9664
2.296 -0.00433256 0.0107643 15.9963
2.3 -0.00428972 0.0106579 16.0261
2.304 -0.0042473 0.0105525 16.0559
2.308 -0.0042053 0.0104481 16.0857
2.312 -0.00416371 0.0103448 16.1155
2.316 -0.00412254 0.0102425 16.1453
2.32 -0.00408177 0.0101412 16.1751
2.324 -0.00404141 0.010041 16.205
2.328 -0.00400144 0.00994166 16.2348
2.332 -0.00396187 0.00984335 16.2646
2.336 -0.00392269 0.00974601 16.2944
2.34 -0.0038839 0.00964963 16.3242
2.344 -0.00384549 0.00955421 16.354
2.348 -0.00380747 0.00945973 16.3838
2.352 -0.00376982 0.00936618 16.4137
2.356 -0.00373254 0.00927356 16.4435
2.36 -0.00369563 0.00918186 16.4733
2.364 -0.00365908 0.00909106 16.5031
2.368 -0.0036229 0.00900116 16.5329
2.372 -0.00358707 0.00891215 16.5627
2.376 -0.0035516 0.00882402 16.5925
2.38 -0.00351648 0.00873676 16.6224
2.384 -0.0034817 0.00865036 16.6522
2.388 -0.00344727 0.00856482 16.682
2.392 -0.00341318 0.00848012 16.7118
2.396 -0.00337943 0.00839626 16.7416
2.4 -0.00334601 0.00831323 16.7714
2.404 -0.00331292 0.00823102 16.8012
2.408 -0.00328016 0.00814963 16.8311
2.412 -0.00324773 0.00806904 16.8609
2.416 -0.00321561 0.00798924 16.8907
2.42 -0.00318381 0.00791024 16.9205
2.424 -0.00315233 0.00783202 16.9503
2.428 -0.00312115 0.00775457 16.9801
2.432 -0.00309029 0.00767788 17.0099
2.436 -0.00305973 0.00760196 17.0398
2.44 -0.00302947 0.00752678 17.0696
2.444 -0.00299951 0.00745235 17.0994
2.448 -0.00296985 0.00737866 17.1292
2.452 -0.00294048 0.00730569 17.159
2.456 -0.00291141 0.00723344 17.1888
2.46 -0.00288261 0.00716191 17.2186
2.464 -0.00285411 0.00709109 17.2485
2.468 -0.00282589 0.00702097 17.2783
2.472 -0.00279794 0.00695154 17.3081
2.476 -0.00277027 0.0068828 17.3379
2.48 -0.00274288 0.00681473 17.3677
2.484 -0.00271575 0.00674734 17.3975
2.488 -0.0026889 0.00668062 17.4273
2.492 -0.00266231 0.00661456 17.4572
2.496 -0.00263598 0.00654915 17.487
2.5 -0.00260991 0.00648438 17.5168
2.504 -0.0025841 0.00642026 17.5466
2.508 -0.00255855 0.00635677 17.5764
2.512 -0.00253325 0.00629391 17.6062
2.516 -0.0025082 0.00623167 17.636
2.52 -0.0024834 0.00617004 17.6659
2.524 -0.00245884 0.00610903 17.6957
2.528 -0.00243452 0.00604862 17.7255
2.532 -0.00241045 0.0059888 17.7553
2.536 -0.00238661 0.00592958 17.7851
2.54 -0.00236301 0.00587095 17.8149
2.544 -0.00233964 0.00581289 17.8447
2.548 -0.00231651 0.00575541 17.8746
2.552 -0.0022936 0.00569849 17.9044
2.556 -0.00227092 0.00564214 17.9342
2.56 -0.00224846 0.00558635 17.964
2.564 -0.00222623 0.0055311 17.9938
2.568 -0.00220421 0.00547641 18.0236
2.572 -0.00218241 0.00542225 18.0534
2.576 -0.00216083 0.00536863 18.0833
2.58 -0.00213946 0.00531554 18.1131
2.584 -0.00211831 0.00526298 18.1429
2.588 -0.00209736 0.00521093 18.1727
2.592 -0.00207662 0.0051594 18.2025
2.596 -0.00205608 0.00510838 18.2323
2.6 -0.00203575 0.00505787 18.2621
2.604 -0.00201562 0.00500785 18.292
2.608 -0.00199569 0.00495833 18.3218
2.612 -0.00197595 0.00490929 18.3516
2.616 -0.00195641 0.00486075 18.3814
2.62 -0.00193707 0.00481268 18.4112
2.624 -0.00191791 0.00476509 18.441
2.628 -0.00189895 0.00471797 18.4708
2.632 -0.00188017 0.00467131 18.5007
2.636 -0.00186157 0.00462512 18.5305
2.64 -0.00184317 0.00457938 18.5603
2.644 -0.00182494 0.0045341 18.5901
2.648 -0.00180689 0.00448926 18.6199
2.652 -0.00178902 0.00444486 18.6497
2.656 -0.00177133 0.00440091 18.6795
2.66 -0.00175382 0.00435739 18.7094
2.664 -0.00173647 0.0043143 18.7392
2.668 -0.0017193 0.00427164 18.769
2.672 -0.0017023 0.0042294 18.7988
2.676 -0.00168547 0.00418757 18.8286
2.68 -0.0016688 0.00414616 18.8584
2.684 -0.0016523 0.00410516 18.8882
2.688 -0.00163596 0.00406457 18.9181
2.692 -0.00161978 0.00402437 18.9479
2.696 -0.00160376 0.00398457 18.9777
2.7 -0.0015879 0.00394517 19.0075
2.704 -0.0015722 0.00390616 19.0373
2.708 -0.00155665 0.00386753 19.0671
2.712 -0.00154126 0.00382929 19.0969
2.716 -0.00152602 0.00379142 19.1268
2.72 -0.00151093 0.00375393 19.1566
2.724 -0.00149598 0.0037168 19.1864
2.728 -0.00148119 0.00368005 19.2162
2.732 -0.00146654 0.00364366 19.246
2.736 -0.00145204 0.00360763 19.2758
2.74 -0.00143768 0.00357195 19.3056
2.744 -0.00142347 0.00353663 19.3355
2.748 -0.00140939 0.00350165 19.3653
2.752 -0.00139545 0.00346703 19.3951
2.756 -0.00138165 0.00343274 19.4249
2.76 -0.00136799 0.0033988 19.4547
2.764 -0.00135446 0.00336519 19.4845
2.768 -0.00134107 0.00333191 19.5143
2.772 -0.00132781 0.00329896 19.5442
2.776 -0.00131468 0.00326634 19.574
2.78 -0.00130167 0.00323404 19.6038
2.784 -0.0012888 0.00320206 19.6336
2.788 -0.00127606 0.00317039 19.6634
2.792 -0.00126344 0.00313904 19.6932
2.796 -0.00125094 0.003108 19.723
2.8 -0.00123857 0.00307726 19.7529
2.804 -0.00122633 0.00304683 19.7827
2.808 -0.0012142 0.0030167 19.8125
2.812 -0.00120219 0.00298687 19.8423
2.816 -0.0011903 0.00295733 19.8721
2.82 -0.00117853 0.00292809 19.9019
2.824 -0.00116688 0.00289913 19.9317
2.828 -0.00115534 0.00287046 19.9616
2.832 -0.00114391 0.00284208 19.9914
2.836 -0.0011326 0.00281397 20.0212
2.84 -0.0011214 0.00278615 20.051
2.844 -0.00111031 0.0027586 20.0808
2.848 -0.00109933 0.00273132 20.1106
2.852 -0.00108846 0.00270431 20.1404
2.856 -0.0010777 0.00267756 20.1703
2.86 -0.00106704 0.00265109 20.2001
2.864 -0.00105649 0.00262487 20.2299
2.868 -0.00104604 0.00259891 20.2597
2.872 -0.0010357 0.00257321 20.2895
2.876 -0.00102546 0.00254777 20.3193
2.88 -0.00101532 0.00252257 20.3491
2.884 -0.00100528 0.00249763 20.379
2.888 -0.000995334 0.00247293 20.4088
2.892 -0.000985491 0.00244847 20.4386
2.896 -0.000975746 0.00242426 20.4684
2.9 -0.000966097 0.00240029 20.4982
2.904 -0.000956543 0.00237655 20.528
2.908 -0.000947084 0.00235305 20.5578
2.912 -0.000937719 0.00232978 20.5877
2.916 -0.000928446 0.00230674 20.6175
2.92 -0.000919265 0.00228393 20.6473
2.924 -0.000910174 0.00226135 20.6771
2.928 -0.000901173 0.00223898 20.7069
2.932 -0.000892262 0.00221684 20.7367
2.936 -0.000883438 0.00219492 20.7665
2.94 -0.000874702 0.00217322 20.7964
2.944 -0.000866052 0.00215172 20.8262
2.948 -0.000857488 0.00213045 20.856
2.952 -0.000849009 0.00210938 20.8858
2.956 -0.000840613 0.00208852 20.9156
2.96 -0.0008323 0.00206787 20.9454
2.964 -0.00082407 0.00204742 20.9752
2.968 -0.000815921 0.00202717 21.0051
2.972 -0.000807852 0.00200712 21.0349
2.976 -0.000799863 0.00198728 21.0647
2.98 -0.000791954 0.00196762 21.0945
2.984 -0.000784122 0.00194817 21.1243
2.988 -0.000776368 0.0019289 21.1541
2.992 -0.000768691 0.00190983 21.1839
2.996 -0.000761089 0.00189094 21.2138
3 -0.000753563 0.00187224 21.2436
3.004 -0.000746111 0.00185373 21.2734
3.008 -0.000738733 0.0018354 21.3032
3.012 -0.000731427 0.00181725 21.333
3.016 -0.000724195 0.00179928 21.3628
3.02 -0.000717033 0.00178148 21.3926
3.024 -0.000709942 0.00176387 21.4225
3.028 -0.000702922 0.00174642 21.4523
3.032 -0.000695971 0.00172915 21.4821
3.036 -0.000689088 0.00171205 21.5119
3.04 -0.000682274 0.00169512 21.5417
3.044 -0.000675527 0.00167836 21.5715
3.048 -0.000668847 0.00166176 21.6013
3.052 -0.000662233 0.00164533 21.6312
3.056 -0.000655684 0.00162906 21.661
3.06 -0.0006492 0.00161295 21.6908
3.064 -0.00064278 0.001597 21.7206
3.068 -0.000636424 0.00158121 21.7504
3.072 -0.00063013 0.00156557 21.7802
3.076 -0.000623899 0.00155009 21.81
3.08 -0.00061773 0.00153476 21.8399
3.084 -0.000611621 0.00151958 21.8697
3.088 -0.000605573 0.00150456 21.8995
3.092 -0.000599584 0.00148968 21.9293
3.096 -0.000593655 0.00147495 21.9591
3.1 -0.000587784 0.00146036 21.9889
3.104 -0.000581972 0.00144592 22.0187
3.108 -0.000576217 0.00143162 22.0486
3.112 -0.000570519 0.00141747 22.0784
3.116 -0.000564877 0.00140345 22.1082
3.12 -0.000559291 0.00138957 22.138
3.124 -0.00055376 0.00137583 22.1678
3.128 -0.000548284 0.00136222 22.1976
3.132 -0.000542862 0.00134875 22.2274
3.136 -0.000537494 0.00133541 22.2573
3.14 -0.000532179 0.00132221 22.2871
3.144 -0.000526916 0.00130913 22.3169
3.148 -0.000521706 0.00129619 22.3467
3.152 -0.000516546 0.00128337 22.3765
3.156 -0.000511438 0.00127068 22.4063
3.16 -0.000506381 0.00125811 22.4361
3.164 -0.000501373 0.00124567 22.466
3.168 -0.000496415 0.00123335 22.4958
3.172 -0.000491506 0.00122116 22.5256
3.176 -0.000486646 0.00120908 22.5554
3.18 -0.000481834 0.00119713 22.5852
3.184 -0.000477069 0.00118529 22.615
3.188 -0.000472351 0.00117357 22.6448
3.192 -0.00046768 0.00116196 22.6747
3.196 -0.000463055 0.00115047 22.7045
3.2 -0.000458476 0.00113909 22.7343
3.204 -0.000453942 0.00112783 22.7641
3.208 -0.000449453 0.00111668 22.7939
3.212 -0.000445009 0.00110563 22.8237
3.216 -0.000440608 0.0010947 22.8535
3.22 -0.000436251 0.00108387 22.8834
3.224 -0.000431937 0.00107316 22.9132
3.228 -0.000427666 0.00106254 22.943
3.232 -0.000423437 0.00105204 22.9728
3.236 -0.000419249 0.00104163 23.0026
3.24 -0.000415103 0.00103133 23.0324
3.244 -0.000410998 0.00102113 23.0622
3.248 -0.000406934 0.00101104 23.092
3.252 -0.00040291 0.00100104 23.1219
3.256 -0.000398926 0.000991139 23.1517
3.26 -0.000394981 0.000981338 23.1815
3.264 -0.000391075 0.000971633 23.2113
3.268 -0.000387208 0.000962025 23.2411
3.272 -0.000383379 0.000952512 23.2709
3.276 -0.000379587 0.000943092 23.3007
3.28 -0.000375834 0.000933766 23.3306
3.284 -0.000372117 0.000924532 23.3604
3.288 -0.000368437 0.00091539 23.3902
3.292 -0.000364794 0.000906338 23.42
3.296 -0.000361186 0.000897375 23.4498
3.3 -0.000357615 0.000888501 23.4796
3.304 -0.000354078 0.000879715 23.5094
3.308 -0.000350577 0.000871015 23.5393
3.312 -0.00034711 0.000862402 23.5691
3.316 -0.000343678 0.000853874 23.5989
3.32 -0.000340279 0.00084543 23.6287
3.324 -0.000336914 0.00083707 23.6585
3.328 -0.000333582 0.000828792 23.6883
3.332 -0.000330284 0.000820596 23.7181
3.336 -0.000327017 0.000812481 23.748
3.34 -0.000323784 0.000804447 23.7778
3.344 -0.000320582 0.000796492 23.8076
3.348 -0.000317412 0.000788615 23.8374
3.352 -0.000314273 0.000780817 23.8672
3.356 -0.000311165 0.000773096 23.897
3.36 -0.000308088 0.000765451 23.9268
3.364 -0.000305041 0.000757881 23.9567
3.368 -0.000302025 0.000750387 23.9865
3.372 -0.000299038 0.000742966 24.0163
3.376 -0.000296081 0.000735619 24.0461
3.38 -0.000293153 0.000728345 24.0759
3.384 -0.000290254 0.000721142 24.1057
3.388 -0.000287384 0.000714011 24.1355
3.392 -0.000284542 0.00070695 24.1654
3.396 -0.000281728 0.000699959 24.1952
3.4 -0.000278942 0.000693037 24.225
3.404 -0.000276184 0.000686184 24.2548
3.408 -0.000273453 0.000679398 24.2846
3.412 -0.000270748 0.00067268 24.3144
3.416 -0.000268071 0.000666028 24.3442
3.42 -0.00026542 0.000659442 24.3741
3.424 -0.000262795 0.000652921 24.4039
3.428 -0.000260197 0.000646464 24.4337
3.432 -0.000257624 0.000640071 24.4635
3.436 -0.000255076 0.000633741 24.4933
3.44 -0.000252554 0.000627475 24.5231
3.444 -0.000250056 0.00062127 24.5529
3.448 -0.000247583 0.000615126 24.5828
3.452 -0.000245135 0.000609043 24.6126
3.456 -0.000242711 0.00060302 24.6424
3.46 -0.000240311 0.000597057 24.6722
3.464 -0.000237934 0.000591153 24.702
3.468 -0.000235582 0.000585307 24.7318
3.472 -0.000233252 0.000579519 24.7616
3.476 -0.000230945 0.000573788 24.7915
3.48 -0.000228662 0.000568114 24.8213
3.484 -0.0002264 0.000562496 24.8511
3.488 -0.000224161 0.000556934 24.8809
3.492 -0.000221945 0.000551426 24.9107
3.496 -0.00021975 0.000545973 24.9405
3.5 -0.000217577 0.000540574 24.9703
3.504 -0.000215425 0.000535229 25.0002
3.508 -0.000213295 0.000529936 25.03
3.512 -0.000211186 0.000524695 25.0598
3.516 -0.000209097 0.000519507 25.0896
3.52 -0.00020703 0.000514369 25.1194
3.524 -0.000204982 0.000509283 25.1492
3.528 -0.000202955 0.000504247 25.179
3.532 -0.000200948 0.00049926 25.2089
3.536 -0.000198961 0.000494323 25.2387
3.54 -0.000196994 0.000489435 25.2685
3.544 -0.000195046 0.000484595 25.2983
3.548 -0.000193117 0.000479803 25.3281
3.552 -0.000191207 0.000475058 25.3579
3.556 -0.000189316 0.00047036 25.3877
3.56 -0.000187444 0.000465709 25.4176
3.564 -0.000185591 0.000461104 25.4474
3.568 -0.000183755 0.000456544 25.4772
3.572 -0.000181938 0.000452029 25.507
3.576 -0.000180139 0.000447559 25.5368
3.58 -0.000178358 0.000443133 25.5666
3.584 -0.000176594 0.000438751 25.5964
3.588 -0.000174848 0.000434412 25.6263
3.592 -0.000173119 0.000430116 25.6561
3.596 -0.000171407 0.000425863 25.6859
3.6 -0.000169712 0.000421652 25.7157
3.604 -0.000168033 0.000417482 25.7455
3.608 -0.000166372 0.000413354 25.7753
3.612 -0.000164726 0.000409266 25.8051
3.616 -0.000163097 0.000405219 25.835
3.62 -0.000161485 0.000401212 25.8648
3.624 -0.000159888 0.000397244 25.8946
3.628 -0.000158307 0.000393316 25.9244
3.632 -0.000156741 0.000389427 25.9542
3.636 -0.000155191 0.000385576 25.984
3.64 -0.000153656 0.000381763 26.0138
3.644 -0.000152137 0.000377987 26.0437
3.648 -0.000150633 0.00037425 26.0735
3.652 -0.000149143 0.000370549 26.1033
3.656 -0.000147668 0.000366884 26.1331
3.66 -0.000146208 0.000363256 26.1629
3.664 -0.000144762 0.000359664 26.1927
3.668 -0.00014333 0.000356107 26.2225
3.672 -0.000141913 0.000352586 26.2524
3.676 -0.00014051 0.000349099 26.2822
3.68 -0.00013912 0.000345647 26.312
3.684 -0.000137745 0.000342229 26.3418
3.688 -0.000136382 0.000338845 26.3716
3.692 -0.000135034 0.000335494 26.4014
3.696 -0.000133698 0.000332176 26.4312
3.7 -0.000132376 0.000328891 26.4611
3.704 -0.000131067 0.000325639 26.4909
3.708 -0.000129771 0.000322419 26.5207
3.712 -0.000128488 0.000319231 26.5505
3.716 -0.000127217 0.000316074 26.5803
3.72 -0.000125959 0.000312948 26.6101
3.724 -0.000124714 0.000309853 26.6399
3.728 -0.00012348 0.000306789 26.6698
3.732 -0.000122259 0.000303756 26.6996
3.736 -0.00012105 0.000300752 26.7294
3.74 -0.000119853 0.000297778 26.7592
3.744 -0.000118668 0.000294833 26.789
3.748 -0.000117494 0.000291917 26.8188
3.752 -0.000116333 0.000289031 26.8486
3.756 -0.000115182 0.000286172 26.8785
3.76 -0.000114043 0.000283343 26.9083
3.764 -0.000112915 0.000280541 26.9381
3.768 -0.000111799 0.000277766 26.9679
3.772 -0.000110693 0.00027502 26.9977
3.776 -0.000109599 0.0002723 27.0275
3.78 -0.000108515 0.000269607 27.0573
3.784 -0.000107442 0.000266941 27.0872
3.788 -0.000106379 0.000264301 27.117
3.792 -0.000105327 0.000261688 27.1468
3.796 -0.000104286 0.0002591 27.1766
3.8 -0.000103254 0.000256538 27.2064
3.804 -0.000102233 0.000254001 27.2362
3.808 -0.000101222 0.000251489 27.266
3.812 -0.000100221 0.000249002 27.2959
3.816 -9.92304e-05 0.00024654 27.3257
3.82 -9.82491e-05 0.000244102 27.3555
3.824 -9.72775e-05 0.000241688 27.3853
3.828 -9.63156e-05 0.000239298 27.4151
3.832 -9.53631e-05 0.000236932 27.4449
3.836 -9.44201e-05 0.000234589 27.4747
3.84 -9.34864e-05 0.000232269 27.5046
3.844 -9.25619e-05 0.000229972 27.5344
3.848 -9.16466e-05 0.000227698 27.5642
3.852 -9.07403e-05 0.000225446 27.594
3.856 -8.9843e-05 0.000223217 27.6238
3.86 -8.89545e-05 0.000221009 27.6536
3.864 -8.80749e-05 0.000218824 27.6834
3.868 -8.72039e-05 0.00021666 27.7133
3.872 -8.63415e-05 0.000214517 27.7431
3.876 -8.54877e-05 0.000212396 27.7729
3.88 -8.46424e-05 0.000210296 27.8027
3.884 -8.38053e-05 0.000208216 27.8325
3.888 -8.29766e-05 0.000206157 27.8623
3.892 -8.21561e-05 0.000204118 27.8921
3.896 -8.13436e-05 0.0002021 27.922
3.9 -8.05392e-05 0.000200101 27.9518
3.904 -7.97428e-05 0.000198123 27.9816
3.908 -7.89542e-05 0.000196163 28.0114
3.912 -7.81735e-05 0.000194224 28.0412
3.916 -7.74004e-05 0.000192303 28.071
3.92 -7.6635e-05 0.000190401 28.1008
3.924 -7.58772e-05 0.000188518 28.1307
3.928 -7.51268e-05 0.000186654 28.1605
3.932 -7.43839e-05 0.000184808 28.1903
3.936 -7.36483e-05 0.000182981 28.2201
3.94 -7.292e-05 0.000181171 28.2499
3.944 -7.21989e-05 0.00017938 28.2797
3.948 -7.1485e-05 0.000177606 28.3095
3.952 -7.07781e-05 0.00017585 28.3394
3.956 -7.00782e-05 0.000174111 28.3692
3.96 -6.93852e-05 0.000172389 28.399
3.964 -6.8699e-05 0.000170684 28.4288
3.968 -6.80197e-05 0.000168996 28.4586
3.972 -6.7347e-05 0.000167325 28.4884
3.976 -6.66811e-05 0.00016567 28.5182
3.98 -6.60217e-05 0.000164032 28.5481
3.984 -6.53688e-05 0.00016241 28.5779
3.988 -6.47224e-05 0.000160804 28.6077
3.992 -6.40823e-05 0.000159214 28.6375
3.996 -6.34486e-05 0.000157639 28.6673
4 -6.28212e-05 0.00015608 28.6971
