-22.4 6.66614 -0.175954 -24.3849 -0.00288264
-22.3776 6.6622 -0.176008 -24.3778 -0.00288776
-22.3552 6.65826 -0.176062 -24.3707 -0.0028929
-22.3328 6.65431 -0.176116 -24.3636 -0.00289804
-22.3104 6.65037 -0.17617 -24.3565 -0.0029032
-22.288 6.64642 -0.176224 -24.3493 -0.00290838
-22.2656 6.64247 -0.176279 -24.3422 -0.00291357
-22.2432 6.63852 -0.176333 -24.3351 -0.00291877
-22.2208 6.63457 -0.176387 -24.3279 -0.00292399
-22.1984 6.63062 -0.176442 -24.3208 -0.00292922
-22.176 6.62667 -0.176496 -24.3136 -0.00293446
-22.1536 6.62272 -0.176551 -24.3064 -0.00293972
-22.1312 6.61876 -0.176606 -24.2993 -0.002945
-22.1088 6.6148 -0.17666 -24.2921 -0.00295028
-22.0864 6.61085 -0.176715 -24.2849 -0.00295559
-22.064 6.60689 -0.17677 -24.2777 -0.0029609
-22.0416 6.60293 -0.176825 -24.2705 -0.00296623
-22.0192 6.59896 -0.17688 -24.2633 -0.00297158
-21.9968 6.595 -0.176935 -24.2561 -0.00297694
-21.9744 6.59104 -0.17699 -24.2489 -0.00298231
-21.952 6.58707 -0.177045 -24.2417 -0.0029877
-21.9296 6.58311 -0.177101 -24.2345 -0.00299311
-21.9072 6.57914 -0.177156 -24.2272 -0.00299852
-21.8848 6.57517 -0.177211 -24.22 -0.00300396
-21.8624 6.5712 -0.177267 -24.2127 -0.00300941
-21.84 6.56723 -0.177322 -24.2055 -0.00301487
-21.8176 6.56326 -0.177378 -24.1982 -0.00302035
-21.7952 6.55928 -0.177434 -24.191 -0.00302584
-21.7728 6.55531 -0.17749 -24.1837 -0.00303135
-21.7504 6.55133 -0.177545 -24.1764 -0.00303687
-21.728 6.54735 -0.177601 -24.1691 -0.00304241
-21.7056 6.54337 -0.177657 -24.1618 -0.00304796
-21.6832 6.53939 -0.177714 -24.1545 -0.00305353
-21.6608 6.53541 -0.17777 -24.1472 -0.00305911
-21.6384 6.53143 -0.177826 -24.1399 -0.00306471
-21.616 6.52745 -0.177882 -24.1326 -0.00307033
-21.5936 6.52346 -0.177939 -24.1252 -0.00307596
-21.5712 6.51947 -0.177995 -24.1179 -0.00308161
-21.5488 6.51549 -0.178052 -24.1106 -0.00308727
-21.5264 6.5115 -0.178108 -24.1032 -0.00309294
-21.504 6.50751 -0.178165 -24.0959 -0.00309864
-21.4816 6.50352 -0.178222 -24.0885 -0.00310435
-21.4592 6.49952 -0.178278 -24.0811 -0.00311007
-21.4368 6.49553 -0.178335 -24.0737 -0.00311581
-21.4144 6.49153 -0.178392 -24.0664 -0.00312157
-21.392 6.48754 -0.178449 -24.059 -0.00312734
-21.3696 6.48354 -0.178506 -24.0516 -0.00313313
-21.3472 6.47954 -0.178564 -24.0442 -0.00313893
-21.3248 6.47554 -0.178621 -24.0368 -0.00314476
-21.3024 6.47154 -0.178678 -24.0293 -0.00315059
-21.28 6.46753 -0.178736 -24.0219 -0.00315645
-21.2576 6.46353 -0.178793 -24.0145 -0.00316232
-21.2352 6.45952 -0.178851 -24.007 -0.0031682
-21.2128 6.45552 -0.178909 -23.9996 -0.00317411
-21.1904 6.45151 -0.178966 -23.9921 -0.00318003
-21.168 6.4475 -0.179024 -23.9847 -0.00318596
-21.1456 6.44349 -0.179082 -23.9772 -0.00319192
-21.1232 6.43948 -0.17914 -23.9697 -0.00319789
-21.1008 6.43546 -0.179198 -23.9623 -0.00320387
-21.0784 6.43145 -0.179256 -23.9548 -0.00320988
-21.056 6.42743 -0.179314 -23.9473 -0.0032159
-21.0336 6.42342 -0.179373 -23.9398 -0.00322193
-21.0112 6.4194 -0.179431 -23.9323 -0.00322799
-20.9888 6.41538 -0.179489 -23.9247 -0.00323406
-20.9664 6.41136 -0.179548 -23.9172 -0.00324015
-20.944 6.40733 -0.179607 -23.9097 -0.00324626
-20.9216 6.40331 -0.179665 -23.9021 -0.00325238
-20.8992 6.39928 -0.179724 -23.8946 -0.00325852
-20.8768 6.39526 -0.179783 -23.887 -0.00326468
-20.8544 6.39123 -0.179842 -23.8795 -0.00327086
-20.832 6.3872 -0.179901 -23.8719 -0.00327705
-20.8096 6.38317 -0.17996 -23.8643 -0.00328326
-20.7872 6.37914 -0.180019 -23.8568 -0.00328949
-20.7648 6.37511 -0.180078 -23.8492 -0.00329574
-20.7424 6.37107 -0.180138 -23.8416 -0.003302
-20.72 6.36704 -0.180197 -23.834 -0.00330829
-20.6976 6.363 -0.180256 -23.8264 -0.00331459
-20.6752 6.35896 -0.180316 -23.8187 -0.00332091
-20.6528 6.35492 -0.180376 -23.8111 -0.00332724
-20.6304 6.35088 -0.180435 -23.8035 -0.0033336
-20.608 6.34684 -0.180495 -23.7958 -0.00333997
-20.5856 6.34279 -0.180555 -23.7882 -0.00334636
-20.5632 6.33875 -0.180615 -23.7805 -0.00335277
-20.5408 6.3347 -0.180675 -23.7729 -0.0033592
-20.5184 6.33065 -0.180735 -23.7652 -0.00336565
-20.496 6.3266 -0.180795 -23.7575 -0.00337212
-20.4736 6.32255 -0.180856 -23.7498 -0.0033786
-20.4512 6.3185 -0.180916 -23.7421 -0.00338511
-20.4288 6.31445 -0.180977 -23.7344 -0.00339163
-20.4064 6.31039 -0.181037 -23.7267 -0.00339817
-20.384 6.30634 -0.181098 -23.719 -0.00340473
-20.3616 6.30228 -0.181159 -23.7113 -0.00341131
-20.3392 6.29822 -0.181219 -23.7036 -0.00341791
-20.3168 6.29416 -0.18128 -23.6958 -0.00342453
-20.2944 6.2901 -0.181341 -23.6881 -0.00343117
-20.272 6.28604 -0.181402 -23.6803 -0.00343782
-20.2496 6.28197 -0.181463 -23.6726 -0.0034445
-20.2272 6.27791 -0.181525 -23.6648 -0.0034512
-20.2048 6.27384 -0.181586 -23.657 -0.00345791
-20.1824 6.26977 -0.181647 -23.6492 -0.00346465
-20.16 6.2657 -0.181709 -23.6414 -0.0034714
-20.1376 6.26163 -0.181771 -23.6336 -0.00347818
-20.1152 6.25756 -0.181832 -23.6258 -0.00348497
-20.0928 6.25349 -0.181894 -23.618 -0.00349179
-20.0704 6.24941 -0.181956 -23.6102 -0.00349862
-20.048 6.24534 -0.182018 -23.6024 -0.00350548
-20.0256 6.24126 -0.18208 -23.5945 -0.00351236
-20.0032 6.23718 -0.182142 -23.5867 -0.00351925
-19.9808 6.2331 -0.182204 -23.5788 -0.00352617
-19.9584 6.22902 -0.182266 -23.571 -0.0035331
-19.936 6.22493 -0.182329 -23.5631 -0.00354006
-19.9136 6.22085 -0.182391 -23.5552 -0.00354704
-19.8912 6.21676 -0.182454 -23.5473 -0.00355404
-19.8688 6.21267 -0.182516 -23.5394 -0.00356106
-19.8464 6.20858 -0.182579 -23.5315 -0.0035681
-19.824 6.20449 -0.182642 -23.5236 -0.00357516
-19.8016 6.2004 -0.182705 -23.5157 -0.00358224
-19.7792 6.19631 -0.182768 -23.5078 -0.00358935
-19.7568 6.19221 -0.182831 -23.4999 -0.00359647
-19.7344 6.18812 -0.182894 -23.4919 -0.00360362
-19.712 6.18402 -0.182957 -23.484 -0.00361079
-19.6896 6.17992 -0.183021 -23.476 -0.00361798
-19.6672 6.17582 -0.183084 -23.4681 -0.00362519
-19.6448 6.17172 -0.183148 -23.4601 -0.00363242
-19.6224 6.16762 -0.183211 -23.4521 -0.00363968
-19.6 6.16351 -0.183275 -23.4441 -0.00364695
-19.5776 6.15941 -0.183339 -23.4361 -0.00365425
-19.5552 6.1553 -0.183403 -23.4281 -0.00366157
-19.5328 6.15119 -0.183467 -23.4201 -0.00366891
-19.5104 6.14708 -0.183531 -23.4121 -0.00367628
-19.488 6.14297 -0.183595 -23.404 -0.00368367
-19.4656 6.13885 -0.183659 -23.396 -0.00369108
-19.4432 6.13474 -0.183724 -23.388 -0.00369851
-19.4208 6.13062 -0.183788 -23.3799 -0.00370596
-19.3984 6.1265 -0.183853 -23.3718 -0.00371344
-19.376 6.12239 -0.183917 -23.3638 -0.00372094
-19.3536 6.11827 -0.183982 -23.3557 -0.00372846
-19.3312 6.11414 -0.184047 -23.3476 -0.00373601
-19.3088 6.11002 -0.184112 -23.3395 -0.00374358
-19.2864 6.1059 -0.184177 -23.3314 -0.00375117
-19.264 6.10177 -0.184242 -23.3233 -0.00375879
-19.2416 6.09764 -0.184307 -23.3152 -0.00376642
-19.2192 6.09351 -0.184373 -23.307 -0.00377409
-19.1968 6.08938 -0.184438 -23.2989 -0.00378177
-19.1744 6.08525 -0.184504 -23.2908 -0.00378948
-19.152 6.08112 -0.184569 -23.2826 -0.00379721
-19.1296 6.07698 -0.184635 -23.2744 -0.00380497
-19.1072 6.07284 -0.184701 -23.2663 -0.00381275
-19.0848 6.06871 -0.184767 -23.2581 -0.00382056
-19.0624 6.06457 -0.184833 -23.2499 -0.00382838
-19.04 6.06043 -0.184899 -23.2417 -0.00383624
-19.0176 6.05628 -0.184965 -23.2335 -0.00384411
-18.9952 6.05214 -0.185031 -23.2253 -0.00385202
-18.9728 6.04799 -0.185098 -23.2171 -0.00385994
-18.9504 6.04385 -0.185164 -23.2088 -0.00386789
-18.928 6.0397 -0.185231 -23.2006 -0.00387587
-18.9056 6.03555 -0.185298 -23.1923 -0.00388387
-18.8832 6.0314 -0.185364 -23.1841 -0.00389189
-18.8608 6.02724 -0.185431 -23.1758 -0.00389995
-18.8384 6.02309 -0.185498 -23.1675 -0.00390802
-18.816 6.01893 -0.185565 -23.1593 -0.00391612
-18.7936 6.01478 -0.185633 -23.151 -0.00392425
-18.7712 6.01062 -0.1857 -23.1427 -0.0039324
-18.7488 6.00646 -0.185767 -23.1344 -0.00394058
-18.7264 6.00229 -0.185835 -23.126 -0.00394878
-18.704 5.99813 -0.185902 -23.1177 -0.00395701
-18.6816 5.99397 -0.18597 -23.1094 -0.00396526
-18.6592 5.9898 -0.186038 -23.101 -0.00397354
-18.6368 5.98563 -0.186106 -23.0927 -0.00398185
-18.6144 5.98146 -0.186174 -23.0843 -0.00399018
-18.592 5.97729 -0.186242 -23.0759 -0.00399854
-18.5696 5.97312 -0.18631 -23.0676 -0.00400693
-18.5472 5.96894 -0.186379 -23.0592 -0.00401534
-18.5248 5.96477 -0.186447 -23.0508 -0.00402378
-18.5024 5.96059 -0.186516 -23.0424 -0.00403224
-18.48 5.95641 -0.186584 -23.0339 -0.00404074
-18.4576 5.95223 -0.186653 -23.0255 -0.00404925
-18.4352 5.94805 -0.186722 -23.0171 -0.0040578
-18.4128 5.94387 -0.186791 -23.0086 -0.00406638
-18.3904 5.93968 -0.18686 -23.0002 -0.00407498
-18.368 5.9355 -0.186929 -22.9917 -0.0040836
-18.3456 5.93131 -0.186999 -22.9833 -0.00409226
-18.3232 5.92712 -0.187068 -22.9748 -0.00410094
-18.3008 5.92293 -0.187137 -22.9663 -0.00410966
-18.2784 5.91873 -0.187207 -22.9578 -0.0041184
-18.256 5.91454 -0.187277 -22.9493 -0.00412716
-18.2336 5.91034 -0.187347 -22.9408 -0.00413596
-18.2112 5.90615 -0.187417 -22.9322 -0.00414478
-18.1888 5.90195 -0.187487 -22.9237 -0.00415364
-18.1664 5.89775 -0.187557 -22.9152 -0.00416252
-18.144 5.89355 -0.187627 -22.9066 -0.00417143
-18.1216 5.88934 -0.187697 -22.8981 -0.00418037
-18.0992 5.88514 -0.187768 -22.8895 -0.00418933
-18.0768 5.88093 -0.187839 -22.8809 -0.00419833
-18.0544 5.87672 -0.187909 -22.8723 -0.00420736
-18.032 5.87251 -0.18798 -22.8637 -0.00421641
-18.0096 5.8683 -0.188051 -22.8551 -0.0042255
-17.9872 5.86409 -0.188122 -22.8465 -0.00423461
-17.9648 5.85987 -0.188193 -22.8379 -0.00424375
-17.9424 5.85566 -0.188265 -22.8292 -0.00425293
-17.92 5.85144 -0.188336 -22.8206 -0.00426213
-17.8976 5.84722 -0.188407 -22.8119 -0.00427137
-17.8752 5.843 -0.188479 -22.8032 -0.00428063
-17.8528 5.83877 -0.188551 -22.7946 -0.00428992
-17.8304 5.83455 -0.188623 -22.7859 -0.00429925
-17.808 5.83032 -0.188695 -22.7772 -0.0043086
-17.7856 5.8261 -0.188767 -22.7685 -0.00431799
-17.7632 5.82187 -0.188839 -22.7598 -0.00432741
-17.7408 5.81764 -0.188911 -22.751 -0.00433686
-17.7184 5.8134 -0.188984 -22.7423 -0.00434633
-17.696 5.80917 -0.189056 -22.7336 -0.00435584
-17.6736 5.80494 -0.189129 -22.7248 -0.00436539
-17.6512 5.8007 -0.189201 -22.716 -0.00437496
-17.6288 5.79646 -0.189274 -22.7073 -0.00438457
-17.6064 5.79222 -0.189347 -22.6985 -0.0043942
-17.584 5.78798 -0.189421 -22.6897 -0.00440387
-17.5616 5.78373 -0.189494 -22.6809 -0.00441357
-17.5392 5.77949 -0.189567 -22.6721 -0.00442331
-17.5168 5.77524 -0.189641 -22.6633 -0.00443307
-17.4944 5.77099 -0.189714 -22.6544 -0.00444287
-17.472 5.76674 -0.189788 -22.6456 -0.0044527
-17.4496 5.76249 -0.189862 -22.6367 -0.00446257
-17.4272 5.75823 -0.189936 -22.6279 -0.00447246
-17.4048 5.75398 -0.19001 -22.619 -0.00448239
-17.3824 5.74972 -0.190084 -22.6101 -0.00449236
-17.36 5.74546 -0.190158 -22.6012 -0.00450235
-17.3376 5.7412 -0.190233 -22.5923 -0.00451238
-17.3152 5.73694 -0.190307 -22.5834 -0.00452245
-17.2928 5.73268 -0.190382 -22.5745 -0.00453255
-17.2704 5.72841 -0.190457 -22.5656 -0.00454268
-17.248 5.72414 -0.190532 -22.5566 -0.00455285
-17.2256 5.71988 -0.190607 -22.5477 -0.00456305
-17.2032 5.71561 -0.190682 -22.5387 -0.00457328
-17.1808 5.71133 -0.190757 -22.5297 -0.00458355
-17.1584 5.70706 -0.190833 -22.5207 -0.00459386
-17.136 5.70278 -0.190908 -22.5118 -0.0046042
-17.1136 5.69851 -0.190984 -22.5027 -0.00461457
-17.0912 5.69423 -0.19106 -22.4937 -0.00462498
-17.0688 5.68995 -0.191136 -22.4847 -0.00463543
-17.0464 5.68567 -0.191212 -22.4757 -0.00464591
-17.024 5.68138 -0.191288 -22.4666 -0.00465643
-17.0016 5.6771 -0.191364 -22.4576 -0.00466698
-16.9792 5.67281 -0.191441 -22.4485 -0.00467757
-16.9568 5.66852 -0.191517 -22.4394 -0.0046882
-16.9344 5.66423 -0.191594 -22.4303 -0.00469886
-16.912 5.65994 -0.191671 -22.4212 -0.00470956
-16.8896 5.65564 -0.191748 -22.4121 -0.0047203
-16.8672 5.65135 -0.191825 -22.403 -0.00473107
-16.8448 5.64705 -0.191902 -22.3939 -0.00474188
-16.8224 5.64275 -0.191979 -22.3847 -0.00475273
-16.8 5.63845 -0.192057 -22.3756 -0.00476361
-16.7776 5.63414 -0.192135 -22.3664 -0.00477453
-16.7552 5.62984 -0.192212 -22.3573 -0.0047855
-16.7328 5.62553 -0.19229 -22.3481 -0.00479649
-16.7104 5.62122 -0.192368 -22.3389 -0.00480753
-16.688 5.61691 -0.192446 -22.3297 -0.00481861
-16.6656 5.6126 -0.192525 -22.3205 -0.00482972
-16.6432 5.60829 -0.192603 -22.3112 -0.00484087
-16.6208 5.60397 -0.192682 -22.302 -0.00485206
-16.5984 5.59966 -0.19276 -22.2927 -0.00486329
-16.576 5.59534 -0.192839 -22.2835 -0.00487456
-16.5536 5.59102 -0.192918 -22.2742 -0.00488587
-16.5312 5.5867 -0.192997 -22.2649 -0.00489722
-16.5088 5.58237 -0.193076 -22.2556 -0.00490861
-16.4864 5.57805 -0.193156 -22.2463 -0.00492004
-16.464 5.57372 -0.193235 -22.237 -0.00493151
-16.4416 5.56939 -0.193315 -22.2277 -0.00494302
-16.4192 5.56506 -0.193395 -22.2184 -0.00495457
-16.3968 5.56073 -0.193475 -22.209 -0.00496616
-16.3744 5.55639 -0.193555 -22.1997 -0.00497779
-16.352 5.55205 -0.193635 -22.1903 -0.00498946
-16.3296 5.54772 -0.193715 -22.1809 -0.00500118
-16.3072 5.54338 -0.193796 -22.1715 -0.00501293
-16.2848 5.53903 -0.193876 -22.1621 -0.00502473
-16.2624 5.53469 -0.193957 -22.1527 -0.00503657
-16.24 5.53034 -0.194038 -22.1433 -0.00504845
-16.2176 5.526 -0.194119 -22.1338 -0.00506038
-16.1952 5.52165 -0.1942 -22.1244 -0.00507235
-16.1728 5.5173 -0.194281 -22.1149 -0.00508435
-16.1504 5.51294 -0.194363 -22.1055 -0.00509641
-16.128 5.50859 -0.194444 -22.096 -0.0051085
-16.1056 5.50423 -0.194526 -22.0865 -0.00512064
-16.0832 5.49987 -0.194608 -22.077 -0.00513283
-16.0608 5.49551 -0.19469 -22.0675 -0.00514505
-16.0384 5.49115 -0.194772 -22.0579 -0.00515732
-16.016 5.48679 -0.194855 -22.0484 -0.00516964
-15.9936 5.48242 -0.194937 -22.0388 -0.005182
-15.9712 5.47806 -0.19502 -22.0293 -0.0051944
-15.9488 5.47369 -0.195103 -22.0197 -0.00520685
-15.9264 5.46931 -0.195185 -22.0101 -0.00521935
-15.904 5.46494 -0.195269 -22.0005 -0.00523189
-15.8816 5.46057 -0.195352 -21.9909 -0.00524447
-15.8592 5.45619 -0.195435 -21.9813 -0.0052571
-15.8368 5.45181 -0.195519 -21.9716 -0.00526978
-15.8144 5.44743 -0.195602 -21.962 -0.0052825
-15.792 5.44305 -0.195686 -21.9523 -0.00529527
-15.7696 5.43866 -0.19577 -21.9427 -0.00530809
-15.7472 5.43428 -0.195854 -21.933 -0.00532095
-15.7248 5.42989 -0.195939 -21.9233 -0.00533386
-15.7024 5.4255 -0.196023 -21.9136 -0.00534682
-15.68 5.42111 -0.196108 -21.9039 -0.00535983
-15.6576 5.41671 -0.196192 -21.8941 -0.00537288
-15.6352 5.41232 -0.196277 -21.8844 -0.00538598
-15.6128 5.40792 -0.196362 -21.8746 -0.00539913
-15.5904 5.40352 -0.196448 -21.8649 -0.00541233
-15.568 5.39912 -0.196533 -21.8551 -0.00542558
-15.5456 5.39472 -0.196618 -21.8453 -0.00543887
-15.5232 5.39031 -0.196704 -21.8355 -0.00545222
-15.5008 5.3859 -0.19679 -21.8257 -0.00546561
-15.4784 5.3815 -0.196876 -21.8158 -0.00547906
-15.456 5.37708 -0.196962 -21.806 -0.00549255
-15.4336 5.37267 -0.197048 -21.7962 -0.0055061
-15.4112 5.36826 -0.197135 -21.7863 -0.0055197
-15.3888 5.36384 -0.197221 -21.7764 -0.00553334
-15.3664 5.35942 -0.197308 -21.7665 -0.00554704
-15.344 5.355 -0.197395 -21.7566 -0.00556079
-15.3216 5.35058 -0.197482 -21.7467 -0.00557459
-15.2992 5.34615 -0.19757 -21.7368 -0.00558844
-15.2768 5.34173 -0.197657 -21.7268 -0.00560235
-15.2544 5.3373 -0.197745 -21.7169 -0.0056163
-15.232 5.33287 -0.197832 -21.7069 -0.00563031
-15.2096 5.32844 -0.19792 -21.6969 -0.00564438
-15.1872 5.324 -0.198009 -21.6869 -0.00565849
-15.1648 5.31956 -0.198097 -21.6769 -0.00567266
-15.1424 5.31513 -0.198185 -21.6669 -0.00568688
-15.12 5.31069 -0.198274 -21.6569 -0.00570116
-15.0976 5.30624 -0.198363 -21.6468 -0.00571549
-15.0752 5.3018 -0.198452 -21.6368 -0.00572988
-15.0528 5.29735 -0.198541 -21.6267 -0.00574432
-15.0304 5.2929 -0.19863 -21.6166 -0.00575881
-15.008 5.28845 -0.198719 -21.6065 -0.00577336
-14.9856 5.284 -0.198809 -21.5964 -0.00578797
-14.9632 5.27955 -0.198899 -21.5863 -0.00580263
-14.9408 5.27509 -0.198989 -21.5762 -0.00581735
-14.9184 5.27063 -0.199079 -21.566 -0.00583212
-14.896 5.26617 -0.199169 -21.5559 -0.00584696
-14.8736 5.26171 -0.19926 -21.5457 -0.00586184
-14.8512 5.25725 -0.19935 -21.5355 -0.00587679
-14.8288 5.25278 -0.199441 -21.5253 -0.00589179
-14.8064 5.24831 -0.199532 -21.5151 -0.00590686
-14.784 5.24384 -0.199623 -21.5049 -0.00592198
-14.7616 5.23937 -0.199715 -21.4946 -0.00593716
-14.7392 5.23489 -0.199806 -21.4844 -0.00595239
-14.7168 5.23042 -0.199898 -21.4741 -0.00596769
-14.6944 5.22594 -0.19999 -21.4638 -0.00598305
-14.672 5.22146 -0.200082 -21.4535 -0.00599846
-14.6496 5.21697 -0.200174 -21.4432 -0.00601394
-14.6272 5.21249 -0.200267 -21.4329 -0.00602948
-14.6048 5.208 -0.200359 -21.4226 -0.00604507
-14.5824 5.20351 -0.200452 -21.4122 -0.00606073
-14.56 5.19902 -0.200545 -21.4019 -0.00607645
-14.5376 5.19453 -0.200638 -21.3915 -0.00609224
-14.5152 5.19003 -0.200731 -21.3811 -0.00610808
-14.4928 5.18554 -0.200825 -21.3707 -0.00612399
-14.4704 5.18104 -0.200919 -21.3603 -0.00613995
-14.448 5.17653 -0.201013 -21.3498 -0.00615599
-14.4256 5.17203 -0.201107 -21.3394 -0.00617208
-14.4032 5.16752 -0.201201 -21.3289 -0.00618824
-14.3808 5.16302 -0.201295 -21.3185 -0.00620447
-14.3584 5.15851 -0.20139 -21.308 -0.00622075
-14.336 5.15399 -0.201485 -21.2975 -0.00623711
-14.3136 5.14948 -0.20158 -21.287 -0.00625352
-14.2912 5.14496 -0.201675 -21.2764 -0.00627001
-14.2688 5.14045 -0.201771 -21.2659 -0.00628656
-14.2464 5.13592 -0.201866 -21.2553 -0.00630317
-14.224 5.1314 -0.201962 -21.2448 -0.00631985
-14.2016 5.12688 -0.202058 -21.2342 -0.0063366
-14.1792 5.12235 -0.202154 -21.2236 -0.00635342
-14.1568 5.11782 -0.202251 -21.2129 -0.0063703
-14.1344 5.11329 -0.202347 -21.2023 -0.00638725
-14.112 5.10875 -0.202444 -21.1917 -0.00640427
-14.0896 5.10422 -0.202541 -21.181 -0.00642136
-14.0672 5.09968 -0.202638 -21.1703 -0.00643852
-14.0448 5.09514 -0.202735 -21.1596 -0.00645575
-14.0224 5.0906 -0.202833 -21.1489 -0.00647304
-14 5.08605 -0.202931 -21.1382 -0.00649041
-13.9776 5.08151 -0.203029 -21.1275 -0.00650785
-13.9552 5.07696 -0.203127 -21.1167 -0.00652536
-13.9328 5.07241 -0.203225 -21.106 -0.00654294
-13.9104 5.06785 -0.203324 -21.0952 -0.00656059
-13.888 5.0633 -0.203423 -21.0844 -0.00657831
-13.8656 5.05874 -0.203521 -21.0736 -0.00659611
-13.8432 5.05418 -0.203621 -21.0628 -0.00661398
-13.8208 5.04962 -0.20372 -21.0519 -0.00663192
-13.7984 5.04505 -0.20382 -21.0411 -0.00664994
-13.776 5.04049 -0.203919 -21.0302 -0.00666803
-13.7536 5.03592 -0.204019 -21.0193 -0.0066862
-13.7312 5.03135 -0.20412 -21.0084 -0.00670444
-13.7088 5.02677 -0.20422 -20.9975 -0.00672275
-13.6864 5.0222 -0.204321 -20.9866 -0.00674114
-13.664 5.01762 -0.204422 -20.9757 -0.00675961
-13.6416 5.01304 -0.204523 -20.9647 -0.00677816
-13.6192 5.00846 -0.204624 -20.9537 -0.00679678
-13.5968 5.00387 -0.204725 -20.9427 -0.00681548
-13.5744 4.99929 -0.204827 -20.9317 -0.00683426
-13.552 4.9947 -0.204929 -20.9207 -0.00685311
-13.5296 4.99011 -0.205031 -20.9097 -0.00687205
-13.5072 4.98551 -0.205134 -20.8986 -0.00689106
-13.4848 4.98092 -0.205236 -20.8875 -0.00691015
-13.4624 4.97632 -0.205339 -20.8765 -0.00692933
-13.44 4.97172 -0.205442 -20.8654 -0.00694858
-13.4176 4.96711 -0.205545 -20.8542 -0.00696792
-13.3952 4.96251 -0.205649 -20.8431 -0.00698734
-13.3728 4.9579 -0.205752 -20.832 -0.00700684
-13.3504 4.95329 -0.205856 -20.8208 -0.00702642
-13.328 4.94868 -0.20596 -20.8096 -0.00704608
-13.3056 4.94406 -0.206065 -20.7984 -0.00706583
-13.2832 4.93945 -0.206169 -20.7872 -0.00708566
-13.2608 4.93483 -0.206274 -20.776 -0.00710558
-13.2384 4.9302 -0.206379 -20.7647 -0.00712558
-13.216 4.92558 -0.206484 -20.7535 -0.00714567
-13.1936 4.92095 -0.20659 -20.7422 -0.00716584
-13.1712 4.91633 -0.206696 -20.7309 -0.0071861
-13.1488 4.91169 -0.206802 -20.7196 -0.00720645
-13.1264 4.90706 -0.206908 -20.7083 -0.00722688
-13.104 4.90242 -0.207014 -20.6969 -0.0072474
-13.0816 4.89779 -0.207121 -20.6856 -0.00726801
-13.0592 4.89315 -0.207228 -20.6742 -0.00728871
-13.0368 4.8885 -0.207335 -20.6628 -0.0073095
-13.0144 4.88386 -0.207442 -20.6514 -0.00733038
-12.992 4.87921 -0.20755 -20.64 -0.00735135
-12.9696 4.87456 -0.207658 -20.6285 -0.00737241
-12.9472 4.86991 -0.207766 -20.617 -0.00739356
-12.9248 4.86525 -0.207874 -20.6056 -0.0074148
-12.9024 4.86059 -0.207983 -20.5941 -0.00743614
-12.88 4.85593 -0.208091 -20.5826 -0.00745757
-12.8576 4.85127 -0.2082 -20.571 -0.00747909
-12.8352 4.84661 -0.20831 -20.5595 -0.00750071
-12.8128 4.84194 -0.208419 -20.5479 -0.00752242
-12.7904 4.83727 -0.208529 -20.5363 -0.00754422
-12.768 4.8326 -0.208639 -20.5247 -0.00756613
-12.7456 4.82792 -0.208749 -20.5131 -0.00758813
-12.7232 4.82324 -0.20886 -20.5015 -0.00761022
-12.7008 4.81856 -0.208971 -20.4899 -0.00763242
-12.6784 4.81388 -0.209082 -20.4782 -0.00765471
-12.656 4.8092 -0.209193 -20.4665 -0.0076771
-12.6336 4.80451 -0.209305 -20.4548 -0.00769959
-12.6112 4.79982 -0.209416 -20.4431 -0.00772218
-12.5888 4.79513 -0.209528 -20.4313 -0.00774488
-12.5664 4.79043 -0.209641 -20.4196 -0.00776767
-12.544 4.78574 -0.209753 -20.4078 -0.00779056
-12.5216 4.78104 -0.209866 -20.396 -0.00781356
-12.4992 4.77633 -0.209979 -20.3842 -0.00783666
-12.4768 4.77163 -0.210093 -20.3724 -0.00785986
-12.4544 4.76692 -0.210206 -20.3605 -0.00788317
-12.432 4.76221 -0.21032 -20.3487 -0.00790658
-12.4096 4.7575 -0.210434 -20.3368 -0.0079301
-12.3872 4.75279 -0.210549 -20.3249 -0.00795373
-12.3648 4.74807 -0.210663 -20.313 -0.00797746
-12.3424 4.74335 -0.210778 -20.301 -0.0080013
-12.32 4.73863 -0.210893 -20.2891 -0.00802525
-12.2976 4.7339 -0.211009 -20.2771 -0.0080493
-12.2752 4.72917 -0.211125 -20.2651 -0.00807347
-12.2528 4.72444 -0.211241 -20.2531 -0.00809774
-12.2304 4.71971 -0.211357 -20.2411 -0.00812213
-12.208 4.71497 -0.211474 -20.229 -0.00814663
-12.1856 4.71023 -0.21159 -20.217 -0.00817124
-12.1632 4.70549 -0.211708 -20.2049 -0.00819596
-12.1408 4.70075 -0.211825 -20.1928 -0.0082208
-12.1184 4.696 -0.211943 -20.1806 -0.00824575
-12.096 4.69125 -0.212061 -20.1685 -0.00827082
-12.0736 4.6865 -0.212179 -20.1563 -0.008296
-12.0512 4.68175 -0.212298 -20.1442 -0.0083213
-12.0288 4.67699 -0.212416 -20.132 -0.00834671
-12.0064 4.67223 -0.212535 -20.1197 -0.00837225
-11.984 4.66747 -0.212655 -20.1075 -0.0083979
-11.9616 4.66271 -0.212775 -20.0952 -0.00842367
-11.9392 4.65794 -0.212895 -20.083 -0.00844956
-11.9168 4.65317 -0.213015 -20.0707 -0.00847558
-11.8944 4.6484 -0.213135 -20.0584 -0.00850171
-11.872 4.64362 -0.213256 -20.046 -0.00852797
-11.8496 4.63884 -0.213377 -20.0337 -0.00855435
-11.8272 4.63406 -0.213499 -20.0213 -0.00858085
-11.8048 4.62928 -0.213621 -20.0089 -0.00860748
-11.7824 4.62449 -0.213743 -19.9965 -0.00863424
-11.76 4.6197 -0.213865 -19.984 -0.00866112
-11.7376 4.61491 -0.213988 -19.9716 -0.00868812
-11.7152 4.61011 -0.214111 -19.9591 -0.00871526
-11.6928 4.60532 -0.214234 -19.9466 -0.00874253
-11.6704 4.60052 -0.214358 -19.9341 -0.00876992
-11.648 4.59571 -0.214481 -19.9216 -0.00879745
-11.6256 4.59091 -0.214606 -19.909 -0.0088251
-11.6032 4.5861 -0.21473 -19.8964 -0.00885289
-11.5808 4.58129 -0.214855 -19.8838 -0.00888081
-11.5584 4.57647 -0.21498 -19.8712 -0.00890887
-11.536 4.57166 -0.215105 -19.8586 -0.00893706
-11.5136 4.56684 -0.215231 -19.8459 -0.00896539
-11.4912 4.56201 -0.215357 -19.8332 -0.00899385
-11.4688 4.55719 -0.215484 -19.8205 -0.00902245
-11.4464 4.55236 -0.21561 -19.8078 -0.00905119
-11.424 4.54753 -0.215737 -19.7951 -0.00908006
-11.4016 4.5427 -0.215865 -19.7823 -0.00910908
-11.3792 4.53786 -0.215993 -19.7695 -0.00913824
-11.3568 4.53302 -0.216121 -19.7567 -0.00916754
-11.3344 4.52818 -0.216249 -19.7439 -0.00919698
-11.312 4.52333 -0.216378 -19.731 -0.00922657
-11.2896 4.51848 -0.216507 -19.7182 -0.0092563
-11.2672 4.51363 -0.216636 -19.7053 -0.00928618
-11.2448 4.50878 -0.216766 -19.6924 -0.00931621
-11.2224 4.50392 -0.216896 -19.6794 -0.00934638
-11.2 4.49906 -0.217026 -19.6665 -0.0093767
-11.1776 4.4942 -0.217157 -19.6535 -0.00940717
-11.1552 4.48933 -0.217288 -19.6405 -0.00943779
-11.1328 4.48446 -0.217419 -19.6275 -0.00946856
-11.1104 4.47959 -0.217551 -19.6144 -0.00949949
-11.088 4.47472 -0.217683 -19.6014 -0.00953057
-11.0656 4.46984 -0.217815 -19.5883 -0.0095618
-11.0432 4.46496 -0.217948 -19.5752 -0.00959319
-11.0208 4.46008 -0.218081 -19.562 -0.00962474
-10.9984 4.45519 -0.218215 -19.5489 -0.00965644
-10.976 4.4503 -0.218348 -19.5357 -0.00968831
-10.9536 4.44541 -0.218483 -19.5225 -0.00972033
-10.9312 4.44051 -0.218617 -19.5093 -0.00975252
-10.9088 4.43561 -0.218752 -19.496 -0.00978486
-10.8864 4.43071 -0.218887 -19.4827 -0.00981737
-10.864 4.42581 -0.219023 -19.4695 -0.00985005
-10.8416 4.4209 -0.219159 -19.4561 -0.00988289
-10.8192 4.41599 -0.219295 -19.4428 -0.0099159
-10.7968 4.41107 -0.219432 -19.4294 -0.00994907
-10.7744 4.40616 -0.219569 -19.416 -0.00998241
-10.752 4.40124 -0.219706 -19.4026 -0.0100159
-10.7296 4.39632 -0.219844 -19.3892 -0.0100496
-10.7072 4.39139 -0.219983 -19.3758 -0.0100835
-10.6848 4.38646 -0.220121 -19.3623 -0.0101175
-10.6624 4.38153 -0.22026 -19.3488 -0.0101517
-10.64 4.37659 -0.220399 -19.3352 -0.0101861
-10.6176 4.37165 -0.220539 -19.3217 -0.0102207
-10.5952 4.36671 -0.220679 -19.3081 -0.0102554
-10.5728 4.36177 -0.22082 -19.2945 -0.0102903
-10.5504 4.35682 -0.220961 -19.2809 -0.0103254
-10.528 4.35187 -0.221102 -19.2673 -0.0103607
-10.5056 4.34691 -0.221244 -19.2536 -0.0103962
-10.4832 4.34196 -0.221386 -19.2399 -0.0104318
-10.4608 4.337 -0.221528 -19.2262 -0.0104676
-10.4384 4.33203 -0.221671 -19.2124 -0.0105037
-10.416 4.32707 -0.221814 -19.1987 -0.0105399
-10.3936 4.32209 -0.221958 -19.1849 -0.0105763
-10.3712 4.31712 -0.222102 -19.171 -0.0106129
-10.3488 4.31214 -0.222247 -19.1572 -0.0106497
-10.3264 4.30716 -0.222392 -19.1433 -0.0106866
-10.304 4.30218 -0.222537 -19.1294 -0.0107238
-10.2816 4.2972 -0.222683 -19.1155 -0.0107612
-10.2592 4.29221 -0.222829 -19.1016 -0.0107988
-10.2368 4.28721 -0.222975 -19.0876 -0.0108365
-10.2144 4.28222 -0.223122 -19.0736 -0.0108745
-10.192 4.27722 -0.22327 -19.0596 -0.0109127
-10.1696 4.27221 -0.223417 -19.0455 -0.0109511
-10.1472 4.26721 -0.223566 -19.0315 -0.0109897
-10.1248 4.2622 -0.223714 -19.0174 -0.0110285
-10.1024 4.25718 -0.223864 -19.0033 -0.0110675
-10.08 4.25217 -0.224013 -18.9891 -0.0111067
-10.0576 4.24715 -0.224163 -18.9749 -0.0111461
-10.0352 4.24213 -0.224314 -18.9607 -0.0111858
-10.0128 4.2371 -0.224464 -18.9465 -0.0112256
-9.9904 4.23207 -0.224616 -18.9322 -0.0112657
-9.968 4.22704 -0.224768 -18.918 -0.011306
-9.9456 4.222 -0.22492 -18.9036 -0.0113465
-9.9232 4.21696 -0.225072 -18.8893 -0.0113872
-9.9008 4.21192 -0.225226 -18.8749 -0.0114282
-9.8784 4.20687 -0.225379 -18.8606 -0.0114693
-9.856 4.20182 -0.225533 -18.8461 -0.0115108
-9.8336 4.19677 -0.225688 -18.8317 -0.0115524
-9.8112 4.19171 -0.225843 -18.8172 -0.0115942
-9.7888 4.18665 -0.225998 -18.8027 -0.0116363
-9.7664 4.18158 -0.226154 -18.7882 -0.0116787
-9.744 4.17652 -0.22631 -18.7737 -0.0117212
-9.7216 4.17145 -0.226467 -18.7591 -0.011764
-9.6992 4.16637 -0.226624 -18.7445 -0.0118071
-9.6768 4.16129 -0.226782 -18.7298 -0.0118504
-9.6544 4.15621 -0.22694 -18.7152 -0.0118939
-9.632 4.15113 -0.227099 -18.7005 -0.0119376
-9.6096 4.14604 -0.227258 -18.6857 -0.0119816
-9.5872 4.14095 -0.227418 -18.671 -0.0120259
-9.5648 4.13585 -0.227578 -18.6562 -0.0120704
-9.5424 4.13075 -0.227739 -18.6414 -0.0121152
-9.52 4.12565 -0.2279 -18.6266 -0.0121602
-9.4976 4.12054 -0.228062 -18.6117 -0.0122055
-9.4752 4.11543 -0.228224 -18.5968 -0.012251
-9.4528 4.11032 -0.228387 -18.5819 -0.0122968
-9.4304 4.1052 -0.22855 -18.5669 -0.0123428
-9.408 4.10008 -0.228714 -18.5519 -0.0123891
-9.3856 4.09495 -0.228878 -18.5369 -0.0124357
-9.3632 4.08982 -0.229043 -18.5219 -0.0124825
-9.3408 4.08469 -0.229208 -18.5068 -0.0125297
-9.3184 4.07955 -0.229374 -18.4917 -0.012577
-9.296 4.07441 -0.229541 -18.4766 -0.0126247
-9.2736 4.06927 -0.229708 -18.4614 -0.0126726
-9.2512 4.06412 -0.229875 -18.4462 -0.0127208
-9.2288 4.05897 -0.230043 -18.431 -0.0127693
-9.2064 4.05382 -0.230211 -18.4158 -0.0128181
-9.184 4.04866 -0.23038 -18.4005 -0.0128672
-9.1616 4.0435 -0.23055 -18.3852 -0.0129165
-9.1392 4.03833 -0.23072 -18.3698 -0.0129662
-9.1168 4.03316 -0.230891 -18.3544 -0.0130161
-9.0944 4.02799 -0.231062 -18.339 -0.0130663
-9.072 4.02281 -0.231234 -18.3236 -0.0131168
-9.0496 4.01763 -0.231406 -18.3081 -0.0131676
-9.0272 4.01244 -0.231579 -18.2926 -0.0132188
-9.0048 4.00725 -0.231753 -18.2771 -0.0132702
-8.9824 4.00206 -0.231927 -18.2615 -0.0133219
-8.96 3.99686 -0.232102 -18.2459 -0.0133739
-8.9376 3.99166 -0.232277 -18.2303 -0.0134263
-8.9152 3.98646 -0.232453 -18.2147 -0.0134789
-8.8928 3.98125 -0.232629 -18.199 -0.0135319
-8.8704 3.97603 -0.232806 -18.1832 -0.0135852
-8.848 3.97082 -0.232984 -18.1675 -0.0136388
-8.8256 3.9656 -0.233162 -18.1517 -0.0136928
-8.8032 3.96037 -0.233341 -18.1359 -0.013747
-8.7808 3.95514 -0.23352 -18.12 -0.0138016
-8.7584 3.94991 -0.2337 -18.1041 -0.0138566
-8.736 3.94467 -0.233881 -18.0882 -0.0139118
-8.7136 3.93943 -0.234062 -18.0722 -0.0139674
-8.6912 3.93419 -0.234244 -18.0562 -0.0140234
-8.6688 3.92894 -0.234426 -18.0402 -0.0140796
-8.6464 3.92368 -0.234609 -18.0242 -0.0141363
-8.624 3.91843 -0.234793 -18.0081 -0.0141932
-8.6016 3.91317 -0.234978 -17.9919 -0.0142506
-8.5792 3.9079 -0.235163 -17.9758 -0.0143083
-8.5568 3.90263 -0.235348 -17.9596 -0.0143663
-8.5344 3.89736 -0.235535 -17.9434 -0.0144247
-8.512 3.89208 -0.235721 -17.9271 -0.0144835
-8.4896 3.8868 -0.235909 -17.9108 -0.0145426
-8.4672 3.88151 -0.236097 -17.8945 -0.0146021
-8.4448 3.87622 -0.236286 -17.8781 -0.014662
-8.4224 3.87092 -0.236476 -17.8617 -0.0147222
-8.4 3.86563 -0.236666 -17.8452 -0.0147828
-8.3776 3.86032 -0.236857 -17.8288 -0.0148439
-8.3552 3.85501 -0.237049 -17.8122 -0.0149053
-8.3328 3.8497 -0.237241 -17.7957 -0.014967
-8.3104 3.84439 -0.237434 -17.7791 -0.0150292
-8.288 3.83906 -0.237628 -17.7625 -0.0150918
-8.2656 3.83374 -0.237823 -17.7458 -0.0151548
-8.2432 3.82841 -0.238018 -17.7291 -0.0152182
-8.2208 3.82308 -0.238214 -17.7124 -0.0152819
-8.1984 3.81774 -0.23841 -17.6956 -0.0153461
-8.176 3.8124 -0.238607 -17.6788 -0.0154107
-8.1536 3.80705 -0.238805 -17.662 -0.0154758
-8.1312 3.8017 -0.239004 -17.6451 -0.0155412
-8.1088 3.79634 -0.239204 -17.6282 -0.0156071
-8.0864 3.79098 -0.239404 -17.6112 -0.0156734
-8.064 3.78562 -0.239605 -17.5942 -0.0157401
-8.0416 3.78025 -0.239807 -17.5772 -0.0158073
-8.0192 3.77487 -0.240009 -17.5601 -0.0158749
-7.9968 3.76949 -0.240212 -17.543 -0.0159429
-7.9744 3.76411 -0.240416 -17.5258 -0.0160114
-7.952 3.75872 -0.240621 -17.5086 -0.0160804
-7.9296 3.75333 -0.240827 -17.4914 -0.0161498
-7.9072 3.74793 -0.241033 -17.4741 -0.0162197
-7.8848 3.74253 -0.24124 -17.4568 -0.01629
-7.8624 3.73713 -0.241448 -17.4395 -0.0163608
-7.84 3.73172 -0.241657 -17.4221 -0.0164321
-7.8176 3.7263 -0.241866 -17.4046 -0.0165038
-7.7952 3.72088 -0.242076 -17.3872 -0.016576
-7.7728 3.71546 -0.242287 -17.3697 -0.0166487
-7.7504 3.71003 -0.242499 -17.3521 -0.016722
-7.728 3.70459 -0.242712 -17.3345 -0.0167957
-7.7056 3.69915 -0.242926 -17.3169 -0.0168699
-7.6832 3.69371 -0.24314 -17.2992 -0.0169446
-7.6608 3.68826 -0.243356 -17.2815 -0.0170198
-7.6384 3.68281 -0.243572 -17.2637 -0.0170955
-7.616 3.67735 -0.243789 -17.2459 -0.0171717
-7.5936 3.67188 -0.244006 -17.2281 -0.0172485
-7.5712 3.66642 -0.244225 -17.2102 -0.0173258
-7.5488 3.66094 -0.244445 -17.1923 -0.0174036
-7.5264 3.65547 -0.244665 -17.1743 -0.017482
-7.504 3.64998 -0.244887 -17.1563 -0.0175609
-7.4816 3.64449 -0.245109 -17.1382 -0.0176403
-7.4592 3.639 -0.245332 -17.1201 -0.0177203
-7.4368 3.6335 -0.245556 -17.102 -0.0178009
-7.4144 3.628 -0.245781 -17.0838 -0.017882
-7.392 3.62249 -0.246007 -17.0655 -0.0179637
-7.3696 3.61698 -0.246234 -17.0472 -0.018046
-7.3472 3.61146 -0.246462 -17.0289 -0.0181288
-7.3248 3.60594 -0.24669 -17.0105 -0.0182123
-7.3024 3.60041 -0.24692 -16.9921 -0.0182963
-7.28 3.59488 -0.247151 -16.9737 -0.0183809
-7.2576 3.58934 -0.247382 -16.9552 -0.0184661
-7.2352 3.58379 -0.247615 -16.9366 -0.018552
-7.2128 3.57824 -0.247848 -16.918 -0.0186384
-7.1904 3.57269 -0.248083 -16.8994 -0.0187255
-7.168 3.56713 -0.248318 -16.8807 -0.0188132
-7.1456 3.56156 -0.248555 -16.8619 -0.0189015
-7.1232 3.55599 -0.248792 -16.8431 -0.0189905
-7.1008 3.55042 -0.249031 -16.8243 -0.0190801
-7.0784 3.54484 -0.24927 -16.8054 -0.0191703
-7.056 3.53925 -0.249511 -16.7865 -0.0192613
-7.0336 3.53366 -0.249753 -16.7675 -0.0193528
-7.0112 3.52806 -0.249995 -16.7485 -0.0194451
-6.9888 3.52246 -0.250239 -16.7294 -0.019538
-6.9664 3.51685 -0.250484 -16.7103 -0.0196317
-6.944 3.51124 -0.25073 -16.6911 -0.019726
-6.9216 3.50562 -0.250977 -16.6719 -0.019821
-6.8992 3.49999 -0.251225 -16.6526 -0.0199167
-6.8768 3.49436 -0.251474 -16.6333 -0.0200131
-6.8544 3.48873 -0.251724 -16.6139 -0.0201103
-6.832 3.48309 -0.251975 -16.5945 -0.0202081
-6.8096 3.47744 -0.252228 -16.575 -0.0203068
-6.7872 3.47179 -0.252481 -16.5555 -0.0204061
-6.7648 3.46613 -0.252736 -16.5359 -0.0205062
-6.7424 3.46046 -0.252992 -16.5163 -0.0206071
-6.72 3.45479 -0.253249 -16.4966 -0.0207087
-6.6976 3.44912 -0.253507 -16.4768 -0.0208111
-6.6752 3.44344 -0.253767 -16.4571 -0.0209143
-6.6528 3.43775 -0.254028 -16.4372 -0.0210183
-6.6304 3.43206 -0.254289 -16.4173 -0.021123
-6.608 3.42636 -0.254552 -16.3974 -0.0212286
-6.5856 3.42065 -0.254817 -16.3774 -0.021335
-6.5632 3.41494 -0.255082 -16.3573 -0.0214422
-6.5408 3.40923 -0.255349 -16.3372 -0.0215503
-6.5184 3.4035 -0.255617 -16.317 -0.0216592
-6.496 3.39777 -0.255886 -16.2968 -0.0217689
-6.4736 3.39204 -0.256157 -16.2765 -0.0218795
-6.4512 3.3863 -0.256429 -16.2562 -0.021991
-6.4288 3.38055 -0.256702 -16.2358 -0.0221033
-6.4064 3.3748 -0.256976 -16.2154 -0.0222166
-6.384 3.36904 -0.257252 -16.1949 -0.0223307
-6.3616 3.36327 -0.257529 -16.1743 -0.0224458
-6.3392 3.3575 -0.257808 -16.1537 -0.0225617
-6.3168 3.35172 -0.258087 -16.133 -0.0226786
-6.2944 3.34594 -0.258368 -16.1123 -0.0227964
-6.272 3.34015 -0.258651 -16.0915 -0.0229152
-6.2496 3.33435 -0.258935 -16.0706 -0.0230349
-6.2272 3.32855 -0.25922 -16.0497 -0.0231556
-6.2048 3.32274 -0.259507 -16.0287 -0.0232773
-6.1824 3.31692 -0.259795 -16.0077 -0.0234
-6.16 3.3111 -0.260085 -15.9866 -0.0235236
-6.1376 3.30527 -0.260376 -15.9655 -0.0236483
-6.1152 3.29943 -0.260668 -15.9443 -0.023774
-6.0928 3.29359 -0.260962 -15.923 -0.0239008
-6.0704 3.28774 -0.261258 -15.9017 -0.0240286
-6.048 3.28189 -0.261555 -15.8803 -0.0241574
-6.0256 3.27603 -0.261854 -15.8588 -0.0242873
-6.0032 3.27016 -0.262154 -15.8373 -0.0244183
-5.9808 3.26428 -0.262455 -15.8157 -0.0245504
-5.9584 3.2584 -0.262759 -15.794 -0.0246836
-5.936 3.25251 -0.263063 -15.7723 -0.024818
-5.9136 3.24661 -0.26337 -15.7505 -0.0249534
-5.8912 3.24071 -0.263678 -15.7287 -0.02509
-5.8688 3.2348 -0.263987 -15.7068 -0.0252278
-5.8464 3.22888 -0.264299 -15.6848 -0.0253668
-5.824 3.22296 -0.264612 -15.6628 -0.0255069
-5.8016 3.21703 -0.264926 -15.6406 -0.0256482
-5.7792 3.21109 -0.265242 -15.6185 -0.0257908
-5.7568 3.20515 -0.26556 -15.5962 -0.0259346
-5.7344 3.19919 -0.26588 -15.5739 -0.0260796
-5.712 3.19324 -0.266202 -15.5515 -0.0262259
-5.6896 3.18727 -0.266525 -15.5291 -0.0263734
-5.6672 3.18129 -0.26685 -15.5066 -0.0265223
-5.6448 3.17531 -0.267176 -15.484 -0.0266725
-5.6224 3.16933 -0.267505 -15.4613 -0.0268239
-5.6 3.16333 -0.267835 -15.4386 -0.0269768
-5.5776 3.15733 -0.268168 -15.4158 -0.0271309
-5.5552 3.15132 -0.268502 -15.3929 -0.0272865
-5.5328 3.1453 -0.268838 -15.3699 -0.0274434
-5.5104 3.13927 -0.269176 -15.3469 -0.0276018
-5.488 3.13324 -0.269515 -15.3238 -0.0277615
-5.4656 3.1272 -0.269857 -15.3007 -0.0279227
-5.4432 3.12115 -0.270201 -15.2774 -0.0280854
-5.4208 3.11509 -0.270547 -15.2541 -0.0282495
-5.3984 3.10903 -0.270894 -15.2307 -0.0284152
-5.376 3.10296 -0.271244 -15.2072 -0.0285823
-5.3536 3.09688 -0.271596 -15.1837 -0.028751
-5.3312 3.09079 -0.271949 -15.1601 -0.0289212
-5.3088 3.08469 -0.272305 -15.1364 -0.029093
-5.2864 3.07859 -0.272663 -15.1126 -0.0292664
-5.264 3.07248 -0.273023 -15.0887 -0.0294414
-5.2416 3.06636 -0.273386 -15.0648 -0.0296181
-5.2192 3.06023 -0.27375 -15.0408 -0.0297963
-5.1968 3.05409 -0.274117 -15.0167 -0.0299763
-5.1744 3.04795 -0.274486 -14.9925 -0.030158
-5.152 3.0418 -0.274857 -14.9683 -0.0303414
-5.1296 3.03564 -0.27523 -14.9439 -0.0305265
-5.1072 3.02947 -0.275606 -14.9195 -0.0307134
-5.0848 3.02329 -0.275984 -14.895 -0.030902
-5.0624 3.0171 -0.276364 -14.8704 -0.0310925
-5.04 3.01091 -0.276747 -14.8457 -0.0312848
-5.0176 3.0047 -0.277132 -14.821 -0.031479
-4.9952 2.99849 -0.277519 -14.7961 -0.0316751
-4.9728 2.99227 -0.277909 -14.7712 -0.0318731
-4.9504 2.98604 -0.278302 -14.7462 -0.032073
-4.928 2.9798 -0.278697 -14.721 -0.0322748
-4.9056 2.97356 -0.279094 -14.6958 -0.0324787
-4.8832 2.9673 -0.279494 -14.6706 -0.0326846
-4.8608 2.96103 -0.279897 -14.6452 -0.0328925
-4.8384 2.95476 -0.280302 -14.6197 -0.0331025
-4.816 2.94848 -0.28071 -14.5942 -0.0333146
-4.7936 2.94218 -0.281121 -14.5685 -0.0335288
-4.7712 2.93588 -0.281534 -14.5428 -0.0337452
-4.7488 2.92957 -0.28195 -14.5169 -0.0339638
-4.7264 2.92325 -0.282369 -14.491 -0.0341846
-4.704 2.91692 -0.282791 -14.465 -0.0344076
-4.6816 2.91058 -0.283215 -14.4389 -0.0346329
-4.6592 2.90423 -0.283643 -14.4126 -0.0348606
-4.6368 2.89788 -0.284073 -14.3863 -0.0350906
-4.6144 2.89151 -0.284506 -14.3599 -0.0353229
-4.592 2.88513 -0.284942 -14.3334 -0.0355577
-4.5696 2.87874 -0.285382 -14.3068 -0.035795
-4.5472 2.87234 -0.285824 -14.2801 -0.0360347
-4.5248 2.86594 -0.286269 -14.2533 -0.0362769
-4.5024 2.85952 -0.286718 -14.2263 -0.0365217
-4.48 2.85309 -0.28717 -14.1993 -0.0367691
-4.4576 2.84665 -0.287625 -14.1722 -0.0370192
-4.4352 2.84021 -0.288083 -14.145 -0.0372719
-4.4128 2.83375 -0.288544 -14.1176 -0.0375273
-4.3904 2.82728 -0.289009 -14.0902 -0.0377855
-4.368 2.8208 -0.289477 -14.0627 -0.0380465
-4.3456 2.81431 -0.289949 -14.035 -0.0383103
-4.3232 2.80781 -0.290424 -14.0072 -0.038577
-4.3008 2.8013 -0.290903 -13.9794 -0.0388467
-4.2784 2.79478 -0.291385 -13.9514 -0.0391193
-4.256 2.78825 -0.291871 -13.9233 -0.0393949
-4.2336 2.7817 -0.29236 -13.8951 -0.0396736
-4.2112 2.77515 -0.292853 -13.8667 -0.0399554
-4.1888 2.76858 -0.29335 -13.8383 -0.0402403
-4.1664 2.76201 -0.293851 -13.8098 -0.0405285
-4.144 2.75542 -0.294355 -13.7811 -0.0408199
-4.1216 2.74882 -0.294864 -13.7523 -0.0411147
-4.0992 2.74221 -0.295376 -13.7234 -0.0414127
-4.0768 2.73559 -0.295892 -13.6943 -0.0417143
-4.0544 2.72895 -0.296413 -13.6652 -0.0420192
-4.032 2.72231 -0.296937 -13.6359 -0.0423277
-4.0096 2.71565 -0.297466 -13.6065 -0.0426398
-3.9872 2.70898 -0.297999 -13.577 -0.0429556
-3.9648 2.7023 -0.298536 -13.5473 -0.043275
-3.9424 2.69561 -0.299078 -13.5176 -0.0435982
-3.92 2.6889 -0.299624 -13.4876 -0.0439252
-3.8976 2.68218 -0.300175 -13.4576 -0.0442561
-3.8752 2.67545 -0.30073 -13.4274 -0.044591
-3.8528 2.66871 -0.301289 -13.3971 -0.0449299
-3.8304 2.66195 -0.301854 -13.3667 -0.0452728
-3.808 2.65519 -0.302423 -13.3361 -0.0456199
-3.7856 2.64841 -0.302997 -13.3054 -0.0459713
-3.7632 2.64161 -0.303575 -13.2746 -0.0463269
-3.7408 2.63481 -0.304159 -13.2436 -0.0466869
-3.7184 2.62799 -0.304748 -13.2125 -0.0470514
-3.696 2.62115 -0.305342 -13.1812 -0.0474203
-3.6736 2.61431 -0.305941 -13.1498 -0.0477939
-3.6512 2.60745 -0.306545 -13.1183 -0.0481722
-3.6288 2.60057 -0.307155 -13.0866 -0.0485552
-3.6064 2.59369 -0.30777 -13.0547 -0.0489431
-3.584 2.58679 -0.308391 -13.0227 -0.0493359
-3.5616 2.57987 -0.309017 -12.9906 -0.0497337
-3.5392 2.57294 -0.309649 -12.9583 -0.0501367
-3.5168 2.566 -0.310286 -12.9258 -0.0505448
-3.4944 2.55904 -0.31093 -12.8932 -0.0509583
-3.472 2.55207 -0.311579 -12.8604 -0.0513771
-3.4496 2.54508 -0.312235 -12.8275 -0.0518015
-3.4272 2.53808 -0.312896 -12.7944 -0.0522314
-3.4048 2.53106 -0.313564 -12.7612 -0.0526671
-3.3824 2.52403 -0.314238 -12.7278 -0.0531085
-3.36 2.51699 -0.314919 -12.6942 -0.0535559
-3.3376 2.50992 -0.315606 -12.6605 -0.0540093
-3.3152 2.50285 -0.3163 -12.6265 -0.0544688
-3.2928 2.49575 -0.317001 -12.5925 -0.0549346
-3.2704 2.48864 -0.317709 -12.5582 -0.0554068
-3.248 2.48152 -0.318423 -12.5238 -0.0558855
-3.2256 2.47438 -0.319145 -12.4891 -0.0563708
-3.2032 2.46722 -0.319874 -12.4544 -0.0568629
-3.1808 2.46005 -0.32061 -12.4194 -0.0573619
-3.1584 2.45286 -0.321354 -12.3842 -0.0578679
-3.136 2.44565 -0.322105 -12.3489 -0.0583811
-3.1136 2.43843 -0.322865 -12.3134 -0.0589015
-3.0912 2.43119 -0.323632 -12.2776 -0.0594295
-3.0688 2.42393 -0.324407 -12.2417 -0.0599651
-3.0464 2.41665 -0.32519 -12.2056 -0.0605084
-3.024 2.40936 -0.325982 -12.1693 -0.0610596
-3.0016 2.40205 -0.326782 -12.1328 -0.061619
-2.9792 2.39472 -0.327591 -12.0961 -0.0621866
-2.9568 2.38737 -0.328409 -12.0592 -0.0627626
-2.9344 2.38001 -0.329235 -12.0221 -0.0633473
-2.912 2.37262 -0.330071 -11.9847 -0.0639407
-2.8896 2.36522 -0.330916 -11.9472 -0.0645431
-2.8672 2.3578 -0.33177 -11.9094 -0.0651547
-2.8448 2.35036 -0.332635 -11.8715 -0.0657757
-2.8224 2.3429 -0.333509 -11.8333 -0.0664062
-2.8 2.33542 -0.334393 -11.7949 -0.0670466
-2.7776 2.32792 -0.335287 -11.7562 -0.0676969
-2.7552 2.3204 -0.336192 -11.7173 -0.0683574
-2.7328 2.31285 -0.337107 -11.6782 -0.0690284
-2.7104 2.30529 -0.338034 -11.6389 -0.0697101
-2.688 2.29771 -0.338971 -11.5993 -0.0704027
-2.6656 2.29011 -0.33992 -11.5595 -0.0711065
-2.6432 2.28248 -0.34088 -11.5194 -0.0718217
-2.6208 2.27484 -0.341852 -11.4791 -0.0725486
-2.5984 2.26717 -0.342836 -11.4385 -0.0732875
-2.576 2.25948 -0.343832 -11.3977 -0.0740386
-2.5536 2.25176 -0.344841 -11.3566 -0.0748023
-2.5312 2.24403 -0.345862 -11.3153 -0.0755789
-2.5088 2.23627 -0.346897 -11.2736 -0.0763685
-2.4864 2.22849 -0.347945 -11.2318 -0.0771717
-2.464 2.22068 -0.349006 -11.1896 -0.0779886
-2.4416 2.21285 -0.350082 -11.1471 -0.0788197
-2.4192 2.205 -0.351171 -11.1044 -0.0796652
-2.3968 2.19712 -0.352276 -11.0614 -0.0805257
-2.3744 2.18922 -0.353395 -11.0181 -0.0814013
-2.352 2.18129 -0.354529 -10.9745 -0.0822925
-2.3296 2.17333 -0.355679 -10.9306 -0.0831998
-2.3072 2.16535 -0.356845 -10.8864 -0.0841234
-2.2848 2.15735 -0.358027 -10.8419 -0.0850639
-2.2624 2.14931 -0.359226 -10.797 -0.0860217
-2.24 2.14125 -0.360442 -10.7519 -0.0869972
-2.2176 2.13316 -0.361675 -10.7064 -0.0879909
-2.1952 2.12505 -0.362927 -10.6606 -0.0890034
-2.1728 2.1169 -0.364196 -10.6144 -0.090035
-2.1504 2.10873 -0.365485 -10.5679 -0.0910864
-2.128 2.10053 -0.366792 -10.5211 -0.092158
-2.1056 2.0923 -0.36812 -10.4739 -0.0932505
-2.0832 2.08404 -0.369467 -10.4263 -0.0943644
-2.0608 2.07575 -0.370835 -10.3784 -0.0955003
-2.0384 2.06743 -0.372225 -10.3301 -0.0966589
-2.016 2.05907 -0.373636 -10.2815 -0.0978407
-1.9936 2.05069 -0.37507 -10.2324 -0.0990466
-1.9712 2.04227 -0.376526 -10.1829 -0.100277
-1.9488 2.03382 -0.378007 -10.1331 -0.101533
-1.9264 2.02533 -0.379511 -10.0828 -0.102815
-1.904 2.01682 -0.38104 -10.0321 -0.104124
-1.8816 2.00826 -0.382595 -9.98105 -0.105461
-1.8592 1.99968 -0.384176 -9.92952 -0.106827
-1.8368 1.99105 -0.385784 -9.87755 -0.108222
-1.8144 1.98239 -0.38742 -9.82513 -0.109647
-1.792 1.9737 -0.389084 -9.77226 -0.111104
-1.7696 1.96496 -0.390778 -9.71892 -0.112593
-1.7472 1.95619 -0.392502 -9.66511 -0.114116
-1.7248 1.94738 -0.394257 -9.61081 -0.115674
-1.7024 1.93852 -0.396044 -9.55601 -0.117267
-1.68 1.92963 -0.397864 -9.50071 -0.118897
-1.6576 1.9207 -0.399718 -9.4449 -0.120565
-1.6352 1.91173 -0.401607 -9.38856 -0.122272
-1.6128 1.90271 -0.403532 -9.33168 -0.124021
-1.5904 1.89365 -0.405495 -9.27425 -0.125811
-1.568 1.88454 -0.407496 -9.21626 -0.127645
-1.5456 1.87539 -0.409536 -9.15769 -0.129525
-1.5232 1.86619 -0.411618 -9.09854 -0.131451
-1.5008 1.85695 -0.413742 -9.03878 -0.133426
-1.4784 1.84766 -0.415909 -8.97841 -0.135452
-1.456 1.83832 -0.418122 -8.91741 -0.137529
-1.4336 1.82893 -0.420382 -8.85577 -0.139661
-1.4112 1.81948 -0.42269 -8.79347 -0.14185
-1.3888 1.80999 -0.425048 -8.73049 -0.144097
-1.3664 1.80044 -0.427458 -8.66682 -0.146404
-1.344 1.79084 -0.429921 -8.60244 -0.148775
-1.3216 1.78118 -0.432441 -8.53733 -0.151212
-1.2992 1.77146 -0.435018 -8.47147 -0.153717
-1.2768 1.76169 -0.437655 -8.40484 -0.156294
-1.2544 1.75186 -0.440354 -8.33743 -0.158945
-1.232 1.74196 -0.443118 -8.26921 -0.161673
-1.2096 1.73201 -0.445949 -8.20016 -0.164482
-1.1872 1.72198 -0.448849 -8.13025 -0.167376
-1.1648 1.7119 -0.451822 -8.05947 -0.170358
-1.1424 1.70174 -0.454871 -7.98778 -0.173431
-1.12 1.69152 -0.457998 -7.91516 -0.176602
-1.0976 1.68122 -0.461208 -7.84159 -0.179872
-1.0752 1.67085 -0.464502 -7.76703 -0.183249
-1.0528 1.66041 -0.467886 -7.69145 -0.186736
-1.0304 1.64989 -0.471363 -7.61482 -0.190339
-1.008 1.63929 -0.474937 -7.53711 -0.194063
-0.9856 1.62861 -0.478613 -7.45828 -0.197916
-0.9632 1.61785 -0.482396 -7.3783 -0.201903
-0.9408 1.607 -0.486289 -7.29713 -0.206031
-0.9184 1.59607 -0.4903 -7.21472 -0.210308
-0.896 1.58504 -0.494433 -7.13104 -0.214742
-0.8736 1.57391 -0.498694 -7.04603 -0.219341
-0.8512 1.56269 -0.503091 -6.95966 -0.224115
-0.8288 1.55137 -0.507629 -6.87186 -0.229074
-0.8064 1.53995 -0.512317 -6.78259 -0.234228
-0.784 1.52842 -0.517162 -6.69179 -0.23959
-0.7616 1.51678 -0.522174 -6.5994 -0.24517
-0.7392 1.50503 -0.527361 -6.50535 -0.250984
-0.7168 1.49315 -0.532734 -6.40958 -0.257046
-0.6944 1.48116 -0.538302 -6.31201 -0.263371
-0.672 1.46904 -0.544079 -6.21257 -0.269978
-0.6496 1.45678 -0.550076 -6.11117 -0.276884
-0.6272 1.44439 -0.556308 -6.00773 -0.284111
-0.6048 1.43186 -0.56279 -5.90215 -0.291682
-0.5824 1.41918 -0.569537 -5.79433 -0.299621
-0.56 1.40634 -0.576568 -5.68415 -0.307955
-0.5376 1.39334 -0.583902 -5.57151 -0.316715
-0.5152 1.38018 -0.591561 -5.45627 -0.325933
-0.4928 1.36684 -0.599569 -5.33829 -0.335648
-0.4704 1.35332 -0.607952 -5.21743 -0.345898
-0.448 1.3396 -0.616738 -5.09351 -0.356731
-0.4256 1.32568 -0.625961 -4.96637 -0.368198
-0.4032 1.31155 -0.635656 -4.8358 -0.380355
-0.3808 1.2972 -0.645864 -4.7016 -0.393267
-0.3584 1.28261 -0.656631 -4.56352 -0.407007
-0.336 1.26778 -0.668007 -4.4213 -0.421658
-0.3136 1.25268 -0.680053 -4.27465 -0.437315
-0.2912 1.23731 -0.692834 -4.12325 -0.454085
-0.2688 1.22164 -0.706429 -3.96673 -0.472094
-0.2464 1.20565 -0.720928 -3.80467 -0.491487
-0.224 1.18933 -0.736436 -3.63662 -0.512433
-0.2016 1.17265 -0.75308 -3.46202 -0.535131
-0.1792 1.15558 -0.771011 -3.28028 -0.559816
-0.1568 1.1381 -0.790413 -3.09065 -0.586769
-0.1344 1.12016 -0.811516 -2.89231 -0.616331
-0.112 1.10173 -0.834613 -2.68422 -0.648914
-0.0896 1.08275 -0.860087 -2.46516 -0.685026
-0.0672 1.06318 -0.888452 -2.23362 -0.7253
-0.0448 1.04292 -0.92043 -1.98769 -0.770524
-0.0224 1.02191 -0.957077 -1.72492 -0.821689
0 1 -1 -1.44211 -0.88
0.00326 0.996729 -1.00691 -1.39904 -0.889163
0.00652 0.993435 -1.01401 -1.35545 -0.898509
0.00978 0.990117 -1.02131 -1.31132 -0.908045
0.01304 0.986776 -1.02883 -1.26663 -0.917772
0.0163 0.983409 -1.03659 -1.22137 -0.927695
0.01956 0.980017 -1.04458 -1.17552 -0.937816
0.02282 0.976598 -1.05283 -1.12906 -0.948139
0.02608 0.973152 -1.06135 -1.08197 -0.958666
0.02934 0.969678 -1.07016 -1.03425 -0.969396
0.0326 0.966174 -1.07928 -0.985867 -0.980331
0.03586 0.962641 -1.08871 -0.936811 -0.991468
0.03912 0.959075 -1.09849 -0.887066 -1.0028
0.04238 0.955478 -1.10863 -0.836618 -1.01434
0.04564 0.951847 -1.11915 -0.785455 -1.02605
0.0489 0.948181 -1.13007 -0.733567 -1.03795
0.05216 0.944478 -1.14142 -0.680948 -1.05
0.05542 0.940738 -1.1532 -0.627597 -1.06219
0.05868 0.936959 -1.16545 -0.573518 -1.07451
0.06194 0.933139 -1.17817 -0.518723 -1.0869
0.0652 0.929277 -1.19137 -0.463232 -1.09935
0.06846 0.925371 -1.20508 -0.407077 -1.1118
0.07172 0.921419 -1.21928 -0.350302 -1.1242
0.07498 0.91742 -1.23398 -0.292965 -1.13647
0.07824 0.913373 -1.24916 -0.235143 -1.14856
0.0815 0.909275 -1.26478 -0.176928 -1.16036
0.08476 0.905126 -1.28082 -0.118434 -1.17179
0.08802 0.900924 -1.29721 -0.0597917 -1.18274
0.09128 0.896668 -1.31388 -0.00115218 -1.19309
0.09454 0.892357 -1.33075 0.0573199 -1.20272
0.0978 0.887991 -1.34772 0.115448 -1.21153
0.10106 0.88357 -1.36468 0.173048 -1.2194
0.10432 0.879094 -1.3815 0.229939 -1.22621
0.10758 0.874563 -1.39807 0.285943 -1.23188
0.11084 0.869979 -1.41427 0.340896 -1.23632
0.1141 0.865343 -1.42998 0.394653 -1.23948
0.11736 0.860656 -1.4451 0.447089 -1.24132
0.12062 0.855921 -1.45953 0.498106 -1.24181
0.12388 0.851141 -1.47321 0.54763 -1.24096
0.12714 0.846317 -1.48606 0.595612 -1.23878
0.1304 0.841453 -1.49805 0.642025 -1.2353
0.13366 0.836551 -1.50915 0.686864 -1.23058
0.13692 0.831614 -1.51935 0.730139 -1.22466
0.14018 0.826645 -1.52863 0.771876 -1.21762
0.14344 0.821648 -1.53702 0.812109 -1.20952
0.1467 0.816625 -1.54451 0.850884 -1.20043
0.14996 0.811579 -1.55115 0.88825 -1.19043
0.15322 0.806512 -1.55694 0.92426 -1.17959
0.15648 0.801429 -1.56193 0.958971 -1.16799
0.15974 0.79633 -1.56613 0.99244 -1.15569
0.163 0.791218 -1.5696 1.02472 -1.14277
0.16626 0.786097 -1.57235 1.05587 -1.12929
0.16952 0.780967 -1.57444 1.08595 -1.11531
0.17278 0.775832 -1.57587 1.11499 -1.1009
0.17604 0.770693 -1.5767 1.14306 -1.08611
0.1793 0.765552 -1.57696 1.17021 -1.07099
0.18256 0.760412 -1.57667 1.19647 -1.05559
0.18582 0.755273 -1.57586 1.22189 -1.03997
0.18908 0.750138 -1.57456 1.24651 -1.02415
0.19234 0.745008 -1.57281 1.27037 -1.00819
0.1956 0.739884 -1.57061 1.2935 -0.992118
0.19886 0.734768 -1.56801 1.31595 -0.975967
0.20212 0.729661 -1.56503 1.33773 -0.95977
0.20538 0.724564 -1.56167 1.35889 -0.943556
0.20864 0.719479 -1.55798 1.37944 -0.927351
0.2119 0.714406 -1.55396 1.39942 -0.911179
0.21516 0.709347 -1.54963 1.41885 -0.895063
0.21842 0.704303 -1.54502 1.43776 -0.879022
0.22168 0.699274 -1.54013 1.45616 -0.863075
0.22494 0.694262 -1.535 1.47409 -0.847238
0.2282 0.689266 -1.52962 1.49155 -0.831526
0.23146 0.684289 -1.52401 1.50857 -0.815952
0.23472 0.67933 -1.5182 1.52517 -0.800529
0.23798 0.67439 -1.51219 1.54137 -0.785266
0.24124 0.669471 -1.50598 1.55717 -0.770173
0.2445 0.664572 -1.49961 1.5726 -0.755258
0.24776 0.659693 -1.49307 1.58766 -0.740529
0.25102 0.654837 -1.48637 1.60238 -0.725991
0.25428 0.650002 -1.47953 1.61677 -0.711651
0.25754 0.64519 -1.47256 1.63084 -0.697512
0.2608 0.640401 -1.46546 1.64459 -0.683578
0.26406 0.635636 -1.45824 1.65805 -0.669853
0.26732 0.630894 -1.45092 1.67123 -0.656338
0.27058 0.626176 -1.44349 1.68412 -0.643036
0.27384 0.621482 -1.43596 1.69675 -0.629949
0.2771 0.616814 -1.42835 1.70912 -0.617076
0.28036 0.61217 -1.42066 1.72125 -0.604419
0.28362 0.607551 -1.41289 1.73313 -0.591977
0.28688 0.602958 -1.40505 1.74478 -0.57975
0.29014 0.59839 -1.39714 1.75621 -0.567738
0.2934 0.593848 -1.38918 1.76741 -0.55594
0.29666 0.589333 -1.38117 1.77841 -0.544354
0.29992 0.584843 -1.3731 1.78921 -0.532979
0.30318 0.58038 -1.365 1.79981 -0.521814
0.30644 0.575943 -1.35685 1.81022 -0.510856
0.3097 0.571533 -1.34867 1.82044 -0.500104
0.31296 0.56715 -1.34046 1.83049 -0.489555
0.31622 0.562794 -1.33221 1.84036 -0.479208
0.31948 0.558464 -1.32395 1.85007 -0.469059
0.32274 0.554162 -1.31566 1.85961 -0.459107
0.326 0.549886 -1.30736 1.869 -0.449349
0.32926 0.545638 -1.29905 1.87823 -0.439782
0.33252 0.541416 -1.29072 1.88731 -0.430403
0.33578 0.537222 -1.28238 1.89625 -0.42121
0.33904 0.533055 -1.27404 1.90504 -0.412201
0.3423 0.528915 -1.2657 1.91371 -0.403371
0.34556 0.524803 -1.25735 1.92223 -0.394719
0.34882 0.520717 -1.24901 1.93063 -0.386242
0.35208 0.516659 -1.24067 1.93891 -0.377936
0.35534 0.512628 -1.23234 1.94706 -0.369799
0.3586 0.508624 -1.22402 1.95509 -0.361829
0.36186 0.504648 -1.21571 1.96301 -0.354021
0.36512 0.500698 -1.20741 1.97081 -0.346374
0.36838 0.496775 -1.19912 1.97851 -0.338884
0.37164 0.49288 -1.19086 1.98609 -0.331549
0.3749 0.489011 -1.1826 1.99358 -0.324365
0.37816 0.485169 -1.17437 2.00096 -0.317331
0.38142 0.481354 -1.16616 2.00824 -0.310443
0.38468 0.477566 -1.15797 2.01543 -0.303699
0.38794 0.473804 -1.1498 2.02252 -0.297096
0.3912 0.470069 -1.14166 2.02952 -0.290631
0.39446 0.46636 -1.13354 2.03643 -0.284301
0.39772 0.462678 -1.12545 2.04325 -0.278105
0.40098 0.459022 -1.11739 2.04999 -0.272039
0.40424 0.455393 -1.10936 2.05665 -0.266101
0.4075 0.451789 -1.10135 2.06322 -0.260288
0.41076 0.448212 -1.09338 2.06971 -0.254598
0.41402 0.44466 -1.08544 2.07613 -0.249029
0.41728 0.441135 -1.07753 2.08247 -0.243578
0.42054 0.437635 -1.06966 2.08873 -0.238243
0.4238 0.434161 -1.06182 2.09492 -0.233021
0.42706 0.430712 -1.05401 2.10104 -0.227911
0.43032 0.427288 -1.04624 2.1071 -0.22291
0.43358 0.42389 -1.03851 2.11308 -0.218015
0.43684 0.420517 -1.03081 2.11899 -0.213225
0.4401 0.417169 -1.02315 2.12485 -0.208538
0.44336 0.413846 -1.01553 2.13063 -0.203951
0.44662 0.410548 -1.00795 2.13636 -0.199462
0.44988 0.407274 -1.00041 2.14202 -0.195069
0.45314 0.404025 -0.992901 2.14762 -0.190772
0.4564 0.400801 -0.985436 2.15317 -0.186566
0.45966 0.3976 -0.978011 2.15866 -0.182451
0.46292 0.394424 -0.970626 2.16409 -0.178425
0.46618 0.391272 -0.963283 2.16946 -0.174485
0.46944 0.388143 -0.95598 2.17478 -0.170631
0.4727 0.385039 -0.948719 2.18005 -0.16686
0.47596 0.381958 -0.9415 2.18526 -0.16317
0.47922 0.3789 -0.934322 2.19043 -0.15956
0.48248 0.375866 -0.927186 2.19554 -0.156028
0.48574 0.372855 -0.920093 2.20061 -0.152573
0.489 0.369867 -0.913043 2.20562 -0.149193
0.49226 0.366902 -0.906035 2.21059 -0.145886
0.49552 0.363959 -0.899069 2.21551 -0.142651
0.49878 0.36104 -0.892147 2.22039 -0.139486
0.50204 0.358143 -0.885267 2.22522 -0.13639
0.5053 0.355268 -0.878431 2.23 -0.133361
0.50856 0.352415 -0.871638 2.23475 -0.130399
0.51182 0.349585 -0.864888 2.23945 -0.127501
0.51508 0.346776 -0.858182 2.2441 -0.124666
0.51834 0.343989 -0.851519 2.24872 -0.121893
0.5216 0.341224 -0.844899 2.2533 -0.11918
0.52486 0.33848 -0.838322 2.25784 -0.116527
0.52812 0.335758 -0.831789 2.26233 -0.113931
0.53138 0.333057 -0.825299 2.26679 -0.111393
0.53464 0.330377 -0.818853 2.27121 -0.10891
0.5379 0.327718 -0.81245 2.2756 -0.106481
0.54116 0.32508 -0.80609 2.27994 -0.104106
0.54442 0.322462 -0.799773 2.28426 -0.101782
0.54768 0.319865 -0.7935 2.28853 -0.0995099
0.55094 0.317289 -0.787269 2.29277 -0.0972873
0.5542 0.314732 -0.781082 2.29698 -0.0951136
0.55746 0.312196 -0.774937 2.30115 -0.0929875
0.56072 0.30968 -0.768835 2.30529 -0.0909082
0.56398 0.307183 -0.762776 2.3094 -0.0888746
0.56724 0.304706 -0.75676 2.31347 -0.0868858
0.5705 0.302249 -0.750786 2.31751 -0.0849407
0.57376 0.299811 -0.744854 2.32153 -0.0830385
0.57702 0.297393 -0.738964 2.32551 -0.0811782
0.58028 0.294993 -0.733117 2.32946 -0.0793588
0.58354 0.292613 -0.727311 2.33338 -0.0775797
0.5868 0.290251 -0.721548 2.33727 -0.0758397
0.59006 0.287908 -0.715825 2.34113 -0.0741382
0.59332 0.285584 -0.710145 2.34496 -0.0724743
0.59658 0.283278 -0.704505 2.34877 -0.0708471
0.59984 0.28099 -0.698907 2.35254 -0.069256
0.6031 0.278721 -0.69335 2.35629 -0.0677
0.60636 0.27647 -0.687833 2.36002 -0.0661784
0.60962 0.274236 -0.682358 2.36371 -0.0646906
0.61288 0.272021 -0.676922 2.36738 -0.0632357
0.61614 0.269823 -0.671527 2.37103 -0.061813
0.6194 0.267642 -0.666172 2.37465 -0.0604219
0.62266 0.265479 -0.660857 2.37824 -0.0590616
0.62592 0.263333 -0.655581 2.38181 -0.0577315
0.62918 0.261205 -0.650345 2.38535 -0.056431
0.63244 0.259093 -0.645148 2.38887 -0.0551593
0.6357 0.256998 -0.63999 2.39237 -0.0539159
0.63896 0.25492 -0.634871 2.39584 -0.0527001
0.64222 0.252859 -0.629791 2.39929 -0.0515113
0.64548 0.250814 -0.624749 2.40271 -0.0503491
0.64874 0.248786 -0.619745 2.40612 -0.0492126
0.652 0.246773 -0.61478 2.4095 -0.0481015
0.65526 0.244777 -0.609852 2.41286 -0.0470151
0.65852 0.242797 -0.604962 2.41619 -0.045953
0.66178 0.240833 -0.600109 2.41951 -0.0449145
0.66504 0.238884 -0.595293 2.4228 -0.0438992
0.6683 0.236951 -0.590514 2.42608 -0.0429065
0.67156 0.235034 -0.585772 2.42933 -0.041936
0.67482 0.233132 -0.581067 2.43256 -0.0409871
0.67808 0.231245 -0.576397 2.43578 -0.0400595
0.68134 0.229374 -0.571764 2.43897 -0.0391526
0.6846 0.227518 -0.567167 2.44214 -0.0382659
0.68786 0.225676 -0.562605 2.44529 -0.0373991
0.69112 0.223849 -0.558079 2.44843 -0.0365517
0.69438 0.222037 -0.553587 2.45154 -0.0357232
0.69764 0.22024 -0.549131 2.45464 -0.0349133
0.7009 0.218457 -0.544709 2.45772 -0.0341215
0.70416 0.216688 -0.540322 2.46077 -0.0333475
0.70742 0.214934 -0.535969 2.46382 -0.0325908
0.71068 0.213194 -0.53165 2.46684 -0.0318511
0.71394 0.211468 -0.527365 2.46984 -0.031128
0.7172 0.209755 -0.523113 2.47283 -0.0304211
0.72046 0.208057 -0.518895 2.4758 -0.0297301
0.72372 0.206372 -0.51471 2.47876 -0.0290546
0.72698 0.204701 -0.510558 2.48169 -0.0283942
0.73024 0.203043 -0.506438 2.48461 -0.0277487
0.7335 0.201399 -0.502351 2.48752 -0.0271178
0.73676 0.199768 -0.498296 2.4904 -0.026501
0.74002 0.19815 -0.494273 2.49327 -0.025898
0.74328 0.196545 -0.490282 2.49613 -0.0253087
0.74654 0.194953 -0.486322 2.49897 -0.0247326
0.7498 0.193374 -0.482394 2.50179 -0.0241694
0.75306 0.191808 -0.478497 2.5046 -0.023619
0.75632 0.190254 -0.47463 2.50739 -0.023081
0.75958 0.188713 -0.470795 2.51017 -0.0225551
0.76284 0.187185 -0.46699 2.51293 -0.022041
0.7661 0.185669 -0.463215 2.51568 -0.0215386
0.76936 0.184165 -0.45947 2.51841 -0.0210474
0.77262 0.182673 -0.455754 2.52113 -0.0205674
0.77588 0.181193 -0.452069 2.52384 -0.0200982
0.77914 0.179725 -0.448413 2.52653 -0.0196396
0.7824 0.178269 -0.444785 2.5292 -0.0191913
0.78566 0.176825 -0.441187 2.53186 -0.0187532
0.78892 0.175393 -0.437618 2.53451 -0.018325
0.79218 0.173972 -0.434077 2.53715 -0.0179065
0.79544 0.172563 -0.430564 2.53977 -0.0174974
0.7987 0.171165 -0.427079 2.54237 -0.0170976
0.80196 0.169778 -0.423622 2.54497 -0.0167068
0.80522 0.168403 -0.420193 2.54755 -0.0163249
0.80848 0.167038 -0.416792 2.55012 -0.0159516
0.81174 0.165685 -0.413417 2.55267 -0.0155868
0.815 0.164343 -0.41007 2.55522 -0.0152303
0.81826 0.163011 -0.406749 2.55775 -0.0148818
0.82152 0.161691 -0.403455 2.56027 -0.0145412
0.82478 0.160381 -0.400188 2.56277 -0.0142084
0.82804 0.159082 -0.396947 2.56526 -0.0138831
0.8313 0.157793 -0.393731 2.56774 -0.0135651
0.83456 0.156514 -0.390542 2.57021 -0.0132544
0.83782 0.155246 -0.387378 2.57267 -0.0129508
0.84108 0.153989 -0.38424 2.57512 -0.012654
0.84434 0.152741 -0.381127 2.57755 -0.012364
0.8476 0.151504 -0.378039 2.57997 -0.0120806
0.85086 0.150276 -0.374976 2.58238 -0.0118036
0.85412 0.149059 -0.371937 2.58478 -0.0115329
0.85738 0.147851 -0.368923 2.58717 -0.0112684
0.86064 0.146653 -0.365933 2.58955 -0.0110099
0.8639 0.145465 -0.362968 2.59191 -0.0107572
0.86716 0.144287 -0.360026 2.59427 -0.0105104
0.87042 0.143118 -0.357108 2.59661 -0.0102691
0.87368 0.141958 -0.354213 2.59895 -0.0100333
0.87694 0.140808 -0.351342 2.60127 -0.00980292
0.8802 0.139668 -0.348494 2.60358 -0.00957777
0.88346 0.138536 -0.345669 2.60588 -0.00935774
0.88672 0.137414 -0.342867 2.60818 -0.00914273
0.88998 0.136301 -0.340088 2.61046 -0.00893262
0.89324 0.135197 -0.337331 2.61273 -0.0087273
0.8965 0.134101 -0.334596 2.61499 -0.00852667
0.89976 0.133015 -0.331883 2.61724 -0.00833061
0.90302 0.131937 -0.329192 2.61948 -0.00813902
0.90628 0.130869 -0.326523 2.62171 -0.00795181
0.90954 0.129808 -0.323876 2.62394 -0.00776887
0.9128 0.128757 -0.32125 2.62615 -0.00759011
0.91606 0.127714 -0.318645 2.62835 -0.00741543
0.91932 0.126679 -0.316061 2.63054 -0.00724474
0.92258 0.125653 -0.313498 2.63273 -0.00707795
0.92584 0.124635 -0.310956 2.6349 -0.00691497
0.9291 0.123626 -0.308435 2.63707 -0.00675572
0.93236 0.122624 -0.305934 2.63922 -0.00660011
0.93562 0.121631 -0.303453 2.64137 -0.00644806
0.93888 0.120646 -0.300992 2.64351 -0.00629949
0.94214 0.119668 -0.298551 2.64564 -0.00615432
0.9454 0.118699 -0.29613 2.64776 -0.00601247
0.94866 0.117738 -0.293729 2.64987 -0.00587386
0.95192 0.116784 -0.291347 2.65197 -0.00573843
0.95518 0.115838 -0.288984 2.65406 -0.0056061
0.95844 0.1149 -0.286641 2.65615 -0.0054768
0.9617 0.113969 -0.284316 2.65823 -0.00535046
0.96496 0.113046 -0.282011 2.66029 -0.00522702
0.96822 0.11213 -0.279724 2.66235 -0.00510641
0.97148 0.111222 -0.277455 2.66441 -0.00498856
0.97474 0.110321 -0.275205 2.66645 -0.00487342
0.978 0.109428 -0.272973 2.66848 -0.00476091
0.98126 0.108542 -0.27076 2.67051 -0.00465099
0.98452 0.107662 -0.268564 2.67253 -0.00454358
0.98778 0.106791 -0.266386 2.67454 -0.00443864
0.99104 0.105926 -0.264226 2.67654 -0.00433611
0.9943 0.105068 -0.262083 2.67854 -0.00423594
0.99756 0.104217 -0.259958 2.68053 -0.00413806
1.00082 0.103373 -0.25785 2.68251 -0.00404243
1.00408 0.102536 -0.255759 2.68448 -0.003949
1.00734 0.101705 -0.253685 2.68644 -0.00385771
1.0106 0.100882 -0.251627 2.6884 -0.00376852
1.01386 0.100065 -0.249587 2.69035 -0.00368139
1.01712 0.0992543 -0.247563 2.69229 -0.00359625
1.02038 0.0984505 -0.245555 2.69423 -0.00351307
1.02364 0.0976532 -0.243564 2.69615 -0.0034318
1.0269 0.0968624 -0.241589 2.69807 -0.00335241
1.03016 0.0960781 -0.23963 2.69999 -0.00327484
1.03342 0.0953 -0.237687 2.70189 -0.00319905
1.03668 0.0945283 -0.23576 2.70379 -0.00312501
1.03994 0.0937629 -0.233848 2.70568 -0.00305267
1.0432 0.0930036 -0.231952 2.70757 -0.00298199
1.04646 0.0922505 -0.230071 2.70944 -0.00291295
1.04972 0.0915035 -0.228205 2.71131 -0.00284549
1.05298 0.0907626 -0.226355 2.71318 -0.00277959
1.05624 0.0900277 -0.22452 2.71503 -0.0027152
1.0595 0.0892987 -0.222699 2.71688 -0.0026523
1.06276 0.0885757 -0.220893 2.71873 -0.00259085
1.06602 0.0878585 -0.219102 2.72056 -0.00253081
1.06928 0.0871471 -0.217326 2.72239 -0.00247216
1.07254 0.0864415 -0.215564 2.72422 -0.00241486
1.0758 0.0857416 -0.213816 2.72604 -0.00235888
1.07906 0.0850474 -0.212083 2.72785 -0.00230419
1.08232 0.0843588 -0.210363 2.72965 -0.00225076
1.08558 0.0836758 -0.208658 2.73145 -0.00219857
1.08884 0.0829984 -0.206966 2.73324 -0.00214758
1.0921 0.0823264 -0.205288 2.73502 -0.00209776
1.09536 0.0816599 -0.203624 2.7368 -0.0020491
1.09862 0.0809987 -0.201973 2.73858 -0.00200156
1.10188 0.080343 -0.200336 2.74034 -0.00195512
1.10514 0.0796925 -0.198712 2.7421 -0.00190975
1.1084 0.0790474 -0.197101 2.74386 -0.00186542
1.11166 0.0784074 -0.195503 2.7456 -0.00182212
1.11492 0.0777727 -0.193918 2.74735 -0.00177982
1.11818 0.0771431 -0.192346 2.74908 -0.0017385
1.12144 0.0765186 -0.190787 2.75081 -0.00169813
1.1247 0.0758991 -0.18924 2.75254 -0.0016587
1.12796 0.0752847 -0.187706 2.75426 -0.00162017
1.13122 0.0746753 -0.186185 2.75597 -0.00158254
1.13448 0.0740708 -0.184676 2.75768 -0.00154578
1.13774 0.0734712 -0.183179 2.75938 -0.00150987
1.141 0.0728764 -0.181694 2.76107 -0.00147479
1.14426 0.0722865 -0.180222 2.76276 -0.00144051
1.14752 0.0717014 -0.178761 2.76445 -0.00140704
1.15078 0.071121 -0.177312 2.76613 -0.00137433
1.15404 0.0705453 -0.175875 2.7678 -0.00134239
1.1573 0.0699743 -0.174449 2.76947 -0.00131118
1.16056 0.0694079 -0.173036 2.77113 -0.00128069
1.16382 0.0688461 -0.171633 2.77279 -0.00125092
1.16708 0.0682888 -0.170242 2.77444 -0.00122183
1.17034 0.0677361 -0.168863 2.77608 -0.00119341
1.1736 0.0671878 -0.167494 2.77772 -0.00116565
1.17686 0.066644 -0.166137 2.77936 -0.00113854
1.18012 0.0661046 -0.16479 2.78099 -0.00111205
1.18338 0.0655695 -0.163455 2.78261 -0.00108617
1.18664 0.0650388 -0.16213 2.78423 -0.0010609
1.1899 0.0645124 -0.160817 2.78585 -0.00103621
1.19316 0.0639903 -0.159514 2.78746 -0.0010121
1.19642 0.0634724 -0.158221 2.78906 -0.000988538
1.19968 0.0629587 -0.156939 2.79066 -0.000965527
1.20294 0.0624492 -0.155667 2.79226 -0.000943049
1.2062 0.0619437 -0.154406 2.79385 -0.000921093
1.20946 0.0614424 -0.153155 2.79543 -0.000899645
1.21272 0.0609452 -0.151914 2.79701 -0.000878695
1.21598 0.0604519 -0.150683 2.79858 -0.000858231
1.21924 0.0599627 -0.149462 2.80015 -0.000838242
1.2225 0.0594774 -0.148251 2.80172 -0.000818716
1.22576 0.0589961 -0.14705 2.80328 -0.000799644
1.22902 0.0585186 -0.145859 2.80483 -0.000781014
1.23228 0.0580451 -0.144677 2.80638 -0.000762816
1.23554 0.0575753 -0.143505 2.80793 -0.000745041
1.2388 0.0571094 -0.142342 2.80947 -0.000727679
1.24206 0.0566473 -0.141189 2.81101 -0.000710719
1.24532 0.0561888 -0.140046 2.81254 -0.000694154
1.24858 0.0557341 -0.138911 2.81406 -0.000677973
1.25184 0.0552831 -0.137786 2.81559 -0.000662168
1.2551 0.0548358 -0.13667 2.8171 -0.00064673
1.25836 0.054392 -0.135563 2.81862 -0.00063165
1.26162 0.0539519 -0.134464 2.82013 -0.000616921
1.26488 0.0535153 -0.133375 2.82163 -0.000602534
1.26814 0.0530823 -0.132295 2.82313 -0.000588482
1.2714 0.0526527 -0.131223 2.82463 -0.000574756
1.27466 0.0522267 -0.13016 2.82612 -0.000561349
1.27792 0.0518041 -0.129106 2.8276 -0.000548254
1.28118 0.0513849 -0.128061 2.82909 -0.000535463
1.28444 0.0509691 -0.127023 2.83056 -0.00052297
1.2877 0.0505567 -0.125995 2.83204 -0.000510767
1.29096 0.0501476 -0.124974 2.83351 -0.000498848
1.29422 0.0497419 -0.123962 2.83497 -0.000487206
1.29748 0.0493394 -0.122958 2.83643 -0.000475835
1.30074 0.0489402 -0.121962 2.83789 -0.000464728
1.304 0.0485442 -0.120974 2.83934 -0.00045388
1.30726 0.0481514 -0.119995 2.84079 -0.000443284
1.31052 0.0477618 -0.119023 2.84224 -0.000432935
1.31378 0.0473754 -0.118059 2.84368 -0.000422826
1.31704 0.0469921 -0.117103 2.84511 -0.000412953
1.3203 0.0466119 -0.116155 2.84654 -0.00040331
1.32356 0.0462347 -0.115214 2.84797 -0.000393891
1.32682 0.0458606 -0.114281 2.8494 -0.000384691
1.33008 0.0454896 -0.113356 2.85082 -0.000375706
1.33334 0.0451216 -0.112438 2.85223 -0.00036693
1.3366 0.0447565 -0.111527 2.85364 -0.000358358
1.33986 0.0443944 -0.110624 2.85505 -0.000349986
1.34312 0.0440352 -0.109729 2.85646 -0.000341809
1.34638 0.043679 -0.10884 2.85786 -0.000333822
1.34964 0.0433256 -0.107959 2.85925 -0.000326021
1.3529 0.0429751 -0.107085 2.86065 -0.000318402
1.35616 0.0426274 -0.106218 2.86203 -0.000310961
1.35942 0.0422825 -0.105358 2.86342 -0.000303693
1.36268 0.0419404 -0.104505 2.8648 -0.000296594
1.36594 0.0416011 -0.103659 2.86618 -0.000289661
1.3692 0.0412646 -0.10282 2.86755 -0.00028289
1.37246 0.0409307 -0.101987 2.86892 -0.000276276
1.37572 0.0405996 -0.101162 2.87029 -0.000269816
1.37898 0.0402712 -0.100343 2.87165 -0.000263508
1.38224 0.0399454 -0.0995303 2.87301 -0.000257346
1.3855 0.0396222 -0.0987246 2.87436 -0.000251328
1.38876 0.0393017 -0.0979254 2.87572 -0.00024545
1.39202 0.0389837 -0.0971327 2.87706 -0.000239709
1.39528 0.0386684 -0.0963464 2.87841 -0.000234102
1.39854 0.0383555 -0.0955665 2.87975 -0.000228626
1.4018 0.0380453 -0.094793 2.88109 -0.000223278
1.40506 0.0377375 -0.0940257 2.88242 -0.000218055
1.40832 0.0374322 -0.0932646 2.88375 -0.000212953
1.41158 0.0371294 -0.0925097 2.88508 -0.00020797
1.41484 0.036829 -0.0917609 2.8864 -0.000203104
1.4181 0.0365311 -0.0910182 2.88772 -0.000198351
1.42136 0.0362356 -0.0902815 2.88904 -0.00019371
1.42462 0.0359425 -0.0895508 2.89035 -0.000189176
1.42788 0.0356517 -0.088826 2.89166 -0.000184749
1.43114 0.0353633 -0.0881071 2.89297 -0.000180424
1.4344 0.0350772 -0.087394 2.89427 -0.000176201
1.43766 0.0347935 -0.0866867 2.89557 -0.000172076
1.44092 0.034512 -0.0859851 2.89686 -0.000168048
1.44418 0.0342329 -0.0852893 2.89816 -0.000164114
1.44744 0.0339559 -0.084599 2.89945 -0.000160271
1.4507 0.0336813 -0.0839144 2.90073 -0.000156519
1.45396 0.0334088 -0.0832353 2.90202 -0.000152854
1.45722 0.0331386 -0.0825618 2.9033 -0.000149274
1.46048 0.0328705 -0.0818936 2.90457 -0.000145779
1.46374 0.0326046 -0.0812309 2.90585 -0.000142364
1.467 0.0323409 -0.0805736 2.90712 -0.00013903
1.47026 0.0320793 -0.0799216 2.90838 -0.000135774
1.47352 0.0318198 -0.0792749 2.90965 -0.000132593
1.47678 0.0315624 -0.0786334 2.91091 -0.000129487
1.48004 0.0313071 -0.0779972 2.91216 -0.000126454
1.4833 0.0310539 -0.0773661 2.91342 -0.000123492
1.48656 0.0308027 -0.0767401 2.91467 -0.000120598
1.48982 0.0305535 -0.0761192 2.91592 -0.000117773
1.49308 0.0303064 -0.0755033 2.91716 -0.000115013
1.49634 0.0300612 -0.0748924 2.91841 -0.000112318
1.4996 0.0298181 -0.0742865 2.91964 -0.000109686
1.50286 0.0295769 -0.0736854 2.92088 -0.000107116
1.50612 0.0293376 -0.0730893 2.92211 -0.000104605
1.50938 0.0291003 -0.072498 2.92334 -0.000102154
1.51264 0.0288649 -0.0719114 2.92457 -9.97594e-05
1.5159 0.0286314 -0.0713297 2.92579 -9.74212e-05
1.51916 0.0283999 -0.0707526 2.92701 -9.51376e-05
1.52242 0.0281701 -0.0701802 2.92823 -9.29074e-05
1.52568 0.0279423 -0.0696125 2.92945 -9.07294e-05
1.52894 0.0277163 -0.0690494 2.93066 -8.86023e-05
1.5322 0.0274921 -0.0684908 2.93187 -8.65251e-05
1.53546 0.0272697 -0.0679367 2.93308 -8.44964e-05
1.53872 0.0270491 -0.0673872 2.93428 -8.25152e-05
1.54198 0.0268303 -0.0668421 2.93548 -8.05804e-05
1.54524 0.0266133 -0.0663014 2.93668 -7.86908e-05
1.5485 0.026398 -0.0657651 2.93787 -7.68455e-05
1.55176 0.0261845 -0.0652332 2.93906 -7.50434e-05
1.55502 0.0259727 -0.0647055 2.94025 -7.32834e-05
1.55828 0.0257626 -0.0641822 2.94144 -7.15647e-05
1.56154 0.0255542 -0.063663 2.94262 -6.98862e-05
1.5648 0.0253475 -0.0631481 2.94381 -6.8247e-05
1.56806 0.0251425 -0.0626374 2.94498 -6.66461e-05
1.57132 0.0249391 -0.0621308 2.94616 -6.50828e-05
1.57458 0.0247374 -0.0616283 2.94733 -6.35561e-05
1.57784 0.0245373 -0.0611299 2.9485 -6.20651e-05
1.5811 0.0243388 -0.0606355 2.94967 -6.0609e-05
1.58436 0.024142 -0.0601451 2.95083 -5.91871e-05
1.58762 0.0239467 -0.0596587 2.952 -5.77984e-05
1.59088 0.023753 -0.0591762 2.95316 -5.64423e-05
1.59414 0.0235609 -0.0586977 2.95431 -5.51179e-05
1.5974 0.0233703 -0.058223 2.95547 -5.38246e-05
1.60066 0.0231812 -0.0577522 2.95662 -5.25616e-05
1.60392 0.0229937 -0.0572852 2.95777 -5.13281e-05
1.60718 0.0228077 -0.0568219 2.95891 -5.01236e-05
1.61044 0.0226232 -0.0563625 2.96006 -4.89473e-05
1.6137 0.0224402 -0.0559067 2.9612 -4.77985e-05
1.61696 0.0222587 -0.0554547 2.96233 -4.66767e-05
1.62022 0.0220787 -0.0550063 2.96347 -4.55811e-05
1.62348 0.0219001 -0.0545615 2.9646 -4.45113e-05
1.62674 0.0217229 -0.0541203 2.96573 -4.34665e-05
1.63 0.0215472 -0.0536828 2.96686 -4.24462e-05
1.63326 0.0213729 -0.0532487 2.96799 -4.14498e-05
1.63652 0.0212 -0.0528182 2.96911 -4.04768e-05
1.63978 0.0210285 -0.0523912 2.97023 -3.95266e-05
1.64304 0.0208584 -0.0519676 2.97135 -3.85986e-05
1.6463 0.0206897 -0.0515475 2.97247 -3.76925e-05
1.64956 0.0205223 -0.0511307 2.97358 -3.68075e-05
1.65282 0.0203563 -0.0507174 2.97469 -3.59433e-05
1.65608 0.0201917 -0.0503074 2.9758 -3.50994e-05
1.65934 0.0200283 -0.0499007 2.9769 -3.42753e-05
1.6626 0.0198663 -0.0494973 2.97801 -3.34705e-05
1.66586 0.0197056 -0.0490972 2.97911 -3.26846e-05
1.66912 0.0195462 -0.0487003 2.98021 -3.19171e-05
1.67238 0.0193881 -0.0483067 2.9813 -3.11676e-05
1.67564 0.0192312 -0.0479162 2.9824 -3.04357e-05
1.6789 0.0190756 -0.0475289 2.98349 -2.97209e-05
1.68216 0.0189213 -0.0471447 2.98458 -2.9023e-05
1.68542 0.0187683 -0.0467637 2.98566 -2.83414e-05
1.68868 0.0186164 -0.0463857 2.98675 -2.76758e-05
1.69194 0.0184658 -0.0460108 2.98783 -2.70258e-05
1.6952 0.0183164 -0.0456389 2.98891 -2.6391e-05
1.69846 0.0181683 -0.0452701 2.98999 -2.57712e-05
1.70172 0.0180213 -0.0449042 2.99106 -2.51659e-05
1.70498 0.0178755 -0.0445413 2.99214 -2.45748e-05
1.70824 0.0177309 -0.0441813 2.99321 -2.39975e-05
1.7115 0.0175874 -0.0438243 2.99428 -2.34339e-05
1.71476 0.0174451 -0.0434701 2.99534 -2.28834e-05
1.71802 0.017304 -0.0431189 2.99641 -2.23459e-05
1.72128 0.017164 -0.0427704 2.99747 -2.1821e-05
1.72454 0.0170251 -0.0424248 2.99853 -2.13084e-05
1.7278 0.0168874 -0.042082 2.99958 -2.08078e-05
1.73106 0.0167507 -0.041742 3.00064 -2.0319e-05
1.73432 0.0166152 -0.0414047 3.00169 -1.98417e-05
1.73758 0.0164808 -0.0410702 3.00274 -1.93755e-05
1.74084 0.0163474 -0.0407383 3.00379 -1.89203e-05
1.7441 0.0162152 -0.0404092 3.00484 -1.84758e-05
1.74736 0.016084 -0.0400827 3.00588 -1.80418e-05
1.75062 0.0159538 -0.0397589 3.00692 -1.76179e-05
1.75388 0.0158247 -0.0394377 3.00796 -1.7204e-05
1.75714 0.0156967 -0.0391191 3.009 -1.67998e-05
1.7604 0.0155697 -0.038803 3.01003 -1.64051e-05
1.76366 0.0154437 -0.0384896 3.01107 -1.60197e-05
1.76692 0.0153187 -0.0381786 3.0121 -1.56433e-05
1.77018 0.0151948 -0.0378702 3.01313 -1.52757e-05
1.77344 0.0150718 -0.0375643 3.01416 -1.49168e-05
1.7767 0.0149498 -0.0372609 3.01518 -1.45663e-05
1.77996 0.0148289 -0.0369599 3.0162 -1.42241e-05
1.78322 0.0147088 -0.0366614 3.01722 -1.38899e-05
1.78648 0.0145898 -0.0363653 3.01824 -1.35635e-05
1.78974 0.0144717 -0.0360716 3.01926 -1.32448e-05
1.793 0.0143546 -0.0357803 3.02027 -1.29336e-05
1.79626 0.0142385 -0.0354913 3.02129 -1.26297e-05
1.79952 0.0141232 -0.0352047 3.0223 -1.2333e-05
1.80278 0.0140089 -0.0349204 3.0233 -1.20432e-05
1.80604 0.0138955 -0.0346384 3.02431 -1.17602e-05
1.8093 0.0137831 -0.0343587 3.02531 -1.14839e-05
1.81256 0.0136715 -0.0340812 3.02632 -1.1214e-05
1.81582 0.0135609 -0.033806 3.02732 -1.09505e-05
1.81908 0.0134511 -0.0335331 3.02832 -1.06932e-05
1.82234 0.0133422 -0.0332623 3.02931 -1.0442e-05
1.8256 0.0132342 -0.0329937 3.03031 -1.01966e-05
1.82886 0.0131271 -0.0327274 3.0313 -9.95706e-06
1.83212 0.0130208 -0.0324631 3.03229 -9.7231e-06
1.83538 0.0129154 -0.0322011 3.03328 -9.49464e-06
1.83864 0.0128109 -0.0319411 3.03426 -9.27156e-06
1.8419 0.0127072 -0.0316832 3.03525 -9.05371e-06
1.84516 0.0126043 -0.0314275 3.03623 -8.84099e-06
1.84842 0.0125023 -0.0311738 3.03721 -8.63327e-06
1.85168 0.0124011 -0.0309222 3.03819 -8.43043e-06
1.85494 0.0123007 -0.0306726 3.03917 -8.23235e-06
1.8582 0.0122011 -0.030425 3.04014 -8.03894e-06
1.86146 0.0121023 -0.0301794 3.04112 -7.85007e-06
1.86472 0.0120043 -0.0299359 3.04209 -7.66564e-06
1.86798 0.0119071 -0.0296943 3.04306 -7.48554e-06
1.87124 0.0118107 -0.0294546 3.04403 -7.30968e-06
1.8745 0.0117151 -0.0292169 3.04499 -7.13796e-06
1.87776 0.0116202 -0.0289812 3.04596 -6.97027e-06
1.88102 0.0115261 -0.0287473 3.04692 -6.80652e-06
1.88428 0.0114328 -0.0285154 3.04788 -6.64663e-06
1.88754 0.0113402 -0.0282853 3.04884 -6.49049e-06
1.8908 0.0112483 -0.0280571 3.04979 -6.33802e-06
1.89406 0.0111572 -0.0278307 3.05075 -6.18914e-06
1.89732 0.0110669 -0.0276062 3.0517 -6.04376e-06
1.90058 0.0109772 -0.0273835 3.05265 -5.9018e-06
1.90384 0.0108883 -0.0271626 3.0536 -5.76318e-06
1.9071 0.0108001 -0.0269435 3.05455 -5.62781e-06
1.91036 0.0107127 -0.0267261 3.05549 -5.49563e-06
1.91362 0.0106259 -0.0265105 3.05644 -5.36656e-06
1.91688 0.0105398 -0.0262967 3.05738 -5.24052e-06
1.92014 0.0104544 -0.0260846 3.05832 -5.11745e-06
1.9234 0.0103697 -0.0258743 3.05926 -4.99727e-06
1.92666 0.0102857 -0.0256656 3.06019 -4.87992e-06
1.92992 0.0102024 -0.0254586 3.06113 -4.76533e-06
1.93318 0.0101197 -0.0252533 3.06206 -4.65343e-06
1.93644 0.0100377 -0.0250497 3.06299 -4.54417e-06
1.9397 0.00995641 -0.0248477 3.06392 -4.43747e-06
1.94296 0.00987573 -0.0246474 3.06485 -4.33328e-06
1.94622 0.00979571 -0.0244487 3.06578 -4.23155e-06
1.94948 0.00971632 -0.0242516 3.0667 -4.13221e-06
1.95274 0.00963758 -0.0240561 3.06763 -4.0352e-06
1.956 0.00955948 -0.0238622 3.06855 -3.94047e-06
1.95926 0.009482 -0.0236698 3.06947 -3.84798e-06
1.96252 0.00940515 -0.0234791 3.07039 -3.75766e-06
1.96578 0.00932891 -0.0232898 3.0713 -3.66946e-06
1.96904 0.0092533 -0.0231021 3.07222 -3.58334e-06
1.9723 0.00917829 -0.022916 3.07313 -3.49924e-06
1.97556 0.00910388 -0.0227313 3.07404 -3.41712e-06
1.97882 0.00903008 -0.0225481 3.07495 -3.33694e-06
1.98208 0.00895687 -0.0223664 3.07586 -3.25864e-06
1.98534 0.00888425 -0.0221862 3.07676 -3.18218e-06
1.9886 0.00881221 -0.0220075 3.07767 -3.10752e-06
1.99186 0.00874076 -0.0218302 3.07857 -3.03462e-06
1.99512 0.00866988 -0.0216544 3.07947 -2.96343e-06
1.99838 0.00859957 -0.0214799 3.08037 -2.89392e-06
2.00164 0.00852983 -0.0213069 3.08127 -2.82604e-06
2.0049 0.00846065 -0.0211353 3.08217 -2.75975e-06
2.00816 0.00839202 -0.0209651 3.08306 -2.69503e-06
2.01142 0.00832395 -0.0207963 3.08395 -2.63183e-06
2.01468 0.00825643 -0.0206288 3.08485 -2.57012e-06
2.01794 0.00818945 -0.0204627 3.08574 -2.50986e-06
2.0212 0.00812301 -0.020298 3.08662 -2.45101e-06
2.02446 0.00805711 -0.0201346 3.08751 -2.39355e-06
2.02772 0.00799173 -0.0199725 3.0884 -2.33745e-06
2.03098 0.00792688 -0.0198117 3.08928 -2.28266e-06
2.03424 0.00786256 -0.0196523 3.09016 -2.22916e-06
2.0375 0.00779875 -0.0194941 3.09104 -2.17692e-06
2.04076 0.00773545 -0.0193372 3.09192 -2.12591e-06
2.04402 0.00767267 -0.0191816 3.0928 -2.07609e-06
2.04728 0.00761039 -0.0190273 3.09368 -2.02745e-06
2.05054 0.00754861 -0.0188742 3.09455 -1.97996e-06
2.0538 0.00748733 -0.0187223 3.09542 -1.93358e-06
2.05706 0.00742654 -0.0185717 3.09629 -1.88829e-06
2.06032 0.00736624 -0.0184223 3.09716 -1.84407e-06
2.06358 0.00730642 -0.0182742 3.09803 -1.80089e-06
2.06684 0.00724709 -0.0181272 3.0989 -1.75872e-06
2.0701 0.00718823 -0.0179814 3.09976 -1.71755e-06
2.07336 0.00712985 -0.0178368 3.10063 -1.67734e-06
2.07662 0.00707194 -0.0176934 3.10149 -1.63808e-06
2.07988 0.00701449 -0.0175512 3.10235 -1.59974e-06
2.08314 0.0069575 -0.0174101 3.10321 -1.56231e-06
2.0864 0.00690097 -0.0172702 3.10407 -1.52575e-06
2.08966 0.0068449 -0.0171314 3.10492 -1.49006e-06
2.09292 0.00678927 -0.0169937 3.10578 -1.4552e-06
2.09618 0.0067341 -0.0168571 3.10663 -1.42117e-06
2.09944 0.00667937 -0.0167217 3.10748 -1.38793e-06
2.1027 0.00662507 -0.0165873 3.10833 -1.35548e-06
2.10596 0.00657121 -0.0164541 3.10918 -1.32379e-06
2.10922 0.00651779 -0.0163219 3.11003 -1.29285e-06
2.11248 0.00646479 -0.0161908 3.11088 -1.26263e-06
2.11574 0.00641222 -0.0160608 3.11172 -1.23312e-06
2.119 0.00636008 -0.0159318 3.11256 -1.20431e-06
2.12226 0.00630835 -0.0158039 3.11341 -1.17617e-06
2.12552 0.00625703 -0.0156771 3.11425 -1.1487e-06
2.12878 0.00620613 -0.0155512 3.11509 -1.12187e-06
2.13204 0.00615564 -0.0154264 3.11592 -1.09568e-06
2.1353 0.00610555 -0.0153026 3.11676 -1.0701e-06
2.13856 0.00605586 -0.0151798 3.11759 -1.04512e-06
2.14182 0.00600658 -0.015058 3.11843 -1.02073e-06
2.14508 0.00595769 -0.0149372 3.11926 -9.96908e-07
2.14834 0.00590919 -0.0148174 3.12009 -9.73649e-07
2.1516 0.00586108 -0.0146986 3.12092 -9.50938e-07
2.15486 0.00581335 -0.0145807 3.12174 -9.2876e-07
2.15812 0.00576601 -0.0144638 3.12257 -9.07104e-07
2.16138 0.00571905 -0.0143478 3.1234 -8.85957e-07
2.16464 0.00567246 -0.0142328 3.12422 -8.65307e-07
2.1679 0.00562625 -0.0141187 3.12504 -8.45142e-07
2.17116 0.0055804 -0.0140056 3.12586 -8.25452e-07
2.17442 0.00553493 -0.0138934 3.12668 -8.06224e-07
2.17768 0.00548982 -0.0137821 3.1275 -7.87448e-07
2.18094 0.00544507 -0.0136717 3.12831 -7.69113e-07
2.1842 0.00540068 -0.0135622 3.12913 -7.51209e-07
2.18746 0.00535664 -0.0134536 3.12994 -7.33726e-07
2.19072 0.00531296 -0.0133459 3.13076 -7.16653e-07
2.19398 0.00526963 -0.013239 3.13157 -6.99982e-07
2.19724 0.00522664 -0.0131331 3.13238 -6.83703e-07
2.2005 0.005184 -0.013028 3.13319 -6.67806e-07
2.20376 0.0051417 -0.0129237 3.13399 -6.52282e-07
2.20702 0.00509973 -0.0128203 3.1348 -6.37123e-07
2.21028 0.00505811 -0.0127178 3.1356 -6.22321e-07
2.21354 0.00501681 -0.0126161 3.13641 -6.07866e-07
2.2168 0.00497585 -0.0125152 3.13721 -5.9375e-07
2.22006 0.00493521 -0.0124151 3.13801 -5.79966e-07
2.22332 0.0048949 -0.0123159 3.13881 -5.66506e-07
2.22658 0.00485491 -0.0122175 3.1396 -5.53362e-07
2.22984 0.00481524 -0.0121199 3.1404 -5.40526e-07
2.2331 0.00477589 -0.012023 3.1412 -5.27992e-07
2.23636 0.00473685 -0.011927 3.14199 -5.15752e-07
2.23962 0.00469813 -0.0118318 3.14278 -5.03799e-07
2.24288 0.00465971 -0.0117373 3.14357 -4.92128e-07
2.24614 0.0046216 -0.0116436 3.14436 -4.8073e-07
2.2494 0.00458379 -0.0115507 3.14515 -4.69599e-07
2.25266 0.00454629 -0.0114585 3.14594 -4.5873e-07
2.25592 0.00450908 -0.0113671 3.14673 -4.48116e-07
2.25918 0.00447217 -0.0112765 3.14751 -4.37751e-07
2.26244 0.00443556 -0.0111865 3.14829 -4.27629e-07
2.2657 0.00439923 -0.0110974 3.14908 -4.17745e-07
2.26896 0.0043632 -0.0110089 3.14986 -4.08093e-07
2.27222 0.00432746 -0.0109212 3.15064 -3.98667e-07
2.27548 0.00429199 -0.0108342 3.15142 -3.89462e-07
2.27874 0.00425682 -0.0107479 3.15219 -3.80473e-07
2.282 0.00422192 -0.0106623 3.15297 -3.71695e-07
2.28526 0.0041873 -0.0105774 3.15374 -3.63122e-07
2.28852 0.00415295 -0.0104932 3.15452 -3.54751e-07
2.29178 0.00411888 -0.0104097 3.15529 -3.46576e-07
2.29504 0.00408508 -0.0103269 3.15606 -3.38593e-07
2.2983 0.00405155 -0.0102448 3.15683 -3.30797e-07
2.30156 0.00401828 -0.0101634 3.1576 -3.23183e-07
2.30482 0.00398528 -0.0100826 3.15837 -3.15748e-07
2.30808 0.00395254 -0.0100025 3.15913 -3.08487e-07
2.31134 0.00392007 -0.00992299 3.1599 -3.01397e-07
2.3146 0.00388785 -0.00984418 3.16066 -2.94472e-07
2.31786 0.00385588 -0.00976602 3.16142 -2.8771e-07
2.32112 0.00382417 -0.00968851 3.16218 -2.81106e-07
2.32438 0.00379271 -0.00961163 3.16294 -2.74657e-07
2.32764 0.0037615 -0.00953538 3.1637 -2.68358e-07
2.3309 0.00373054 -0.00945977 3.16446 -2.62208e-07
2.33416 0.00369982 -0.00938477 3.16522 -2.56201e-07
2.33742 0.00366935 -0.00931039 3.16597 -2.50335e-07
2.34068 0.00363912 -0.00923663 3.16672 -2.44606e-07
2.34394 0.00360913 -0.00916348 3.16748 -2.39011e-07
2.3472 0.00357937 -0.00909092 3.16823 -2.33548e-07
2.35046 0.00354985 -0.00901897 3.16898 -2.28212e-07
2.35372 0.00352057 -0.00894761 3.16973 -2.23e-07
2.35698 0.00349151 -0.00887684 3.17048 -2.17911e-07
2.36024 0.00346269 -0.00880666 3.17122 -2.12941e-07
2.3635 0.00343409 -0.00873705 3.17197 -2.08087e-07
2.36676 0.00340572 -0.00866802 3.17271 -2.03347e-07
2.37002 0.00337758 -0.00859956 3.17345 -1.98717e-07
2.37328 0.00334965 -0.00853167 3.1742 -1.94196e-07
2.37654 0.00332195 -0.00846433 3.17494 -1.8978e-07
2.3798 0.00329447 -0.00839756 3.17568 -1.85467e-07
2.38306 0.0032672 -0.00833134 3.17642 -1.81255e-07
2.38632 0.00324015 -0.00826567 3.17715 -1.77142e-07
2.38958 0.00321331 -0.00820054 3.17789 -1.73125e-07
2.39284 0.00318668 -0.00813595 3.17862 -1.69201e-07
2.3961 0.00316026 -0.00807189 3.17936 -1.65369e-07
2.39936 0.00313405 -0.00800837 3.18009 -1.61627e-07
2.40262 0.00310804 -0.00794538 3.18082 -1.57972e-07
2.40588 0.00308224 -0.00788291 3.18155 -1.54402e-07
2.40914 0.00305665 -0.00782096 3.18228 -1.50915e-07
2.4124 0.00303125 -0.00775952 3.18301 -1.4751e-07
2.41566 0.00300605 -0.00769859 3.18373 -1.44184e-07
2.41892 0.00298105 -0.00763817 3.18446 -1.40936e-07
2.42218 0.00295625 -0.00757826 3.18518 -1.37764e-07
2.42544 0.00293164 -0.00751884 3.18591 -1.34665e-07
2.4287 0.00290723 -0.00745991 3.18663 -1.31639e-07
2.43196 0.002883 -0.00740148 3.18735 -1.28683e-07
2.43522 0.00285897 -0.00734354 3.18807 -1.25796e-07
2.43848 0.00283512 -0.00728608 3.18879 -1.22976e-07
2.44174 0.00281146 -0.0072291 3.18951 -1.20222e-07
2.445 0.00278799 -0.00717259 3.19022 -1.17532e-07
2.44826 0.0027647 -0.00711656 3.19094 -1.14905e-07
2.45152 0.00274159 -0.00706099 3.19165 -1.12339e-07
2.45478 0.00271866 -0.00700589 3.19236 -1.09833e-07
2.45804 0.00269591 -0.00695126 3.19308 -1.07384e-07
2.4613 0.00267334 -0.00689707 3.19379 -1.04993e-07
2.46456 0.00265094 -0.00684335 3.1945 -1.02658e-07
2.46782 0.00262872 -0.00679007 3.19521 -1.00376e-07
2.47108 0.00260667 -0.00673724 3.19591 -9.81481e-08
2.47434 0.00258479 -0.00668486 3.19662 -9.59717e-08
2.4776 0.00256308 -0.00663291 3.19732 -9.38458e-08
2.48086 0.00254154 -0.0065814 3.19803 -9.17692e-08
2.48412 0.00252017 -0.00653032 3.19873 -8.97409e-08
2.48738 0.00249897 -0.00647968 3.19943 -8.77597e-08
2.49064 0.00247792 -0.00642946 3.20013 -8.58245e-08
2.4939 0.00245705 -0.00637966 3.20083 -8.39341e-08
2.49716 0.00243633 -0.00633029 3.20153 -8.20876e-08
2.50042 0.00241577 -0.00628133 3.20223 -8.0284e-08
2.50368 0.00239537 -0.00623278 3.20292 -7.85222e-08
2.50694 0.00237513 -0.00618464 3.20362 -7.68012e-08
2.5102 0.00235505 -0.00613692 3.20431 -7.512e-08
2.51346 0.00233512 -0.00608959 3.20501 -7.34779e-08
2.51672 0.00231535 -0.00604267 3.2057 -7.18738e-08
2.51998 0.00229572 -0.00599614 3.20639 -7.03068e-08
2.52324 0.00227625 -0.00595001 3.20708 -6.87761e-08
2.5265 0.00225693 -0.00590427 3.20777 -6.72808e-08
2.52976 0.00223775 -0.00585892 3.20845 -6.58201e-08
2.53302 0.00221873 -0.00581395 3.20914 -6.43932e-08
2.53628 0.00219985 -0.00576937 3.20982 -6.29993e-08
2.53954 0.00218111 -0.00572517 3.21051 -6.16377e-08
2.5428 0.00216252 -0.00568134 3.21119 -6.03075e-08
2.54606 0.00214407 -0.00563789 3.21187 -5.9008e-08
2.54932 0.00212576 -0.0055948 3.21255 -5.77385e-08
2.55258 0.00210759 -0.00555209 3.21323 -5.64984e-08
2.55584 0.00208956 -0.00550974 3.21391 -5.52869e-08
2.5591 0.00207167 -0.00546776 3.21459 -5.41034e-08
2.56236 0.00205391 -0.00542613 3.21527 -5.29471e-08
2.56562 0.00203629 -0.00538486 3.21594 -5.18175e-08
2.56888 0.0020188 -0.00534395 3.21661 -5.0714e-08
2.57214 0.00200144 -0.00530339 3.21729 -4.96359e-08
2.5754 0.00198422 -0.00526318 3.21796 -4.85827e-08
2.57866 0.00196713 -0.00522331 3.21863 -4.75537e-08
2.58192 0.00195016 -0.00518379 3.2193 -4.65485e-08
2.58518 0.00193333 -0.0051446 3.21997 -4.55663e-08
2.58844 0.00191662 -0.00510576 3.22064 -4.46068e-08
2.5917 0.00190004 -0.00506725 3.2213 -4.36694e-08
2.59496 0.00188358 -0.00502908 3.22197 -4.27535e-08
2.59822 0.00186725 -0.00499124 3.22263 -4.18587e-08
2.60148 0.00185104 -0.00495372 3.2233 -4.09845e-08
2.60474 0.00183495 -0.00491653 3.22396 -4.01303e-08
2.608 0.00181898 -0.00487967 3.22462 -3.92958e-08
2.61126 0.00180313 -0.00484313 3.22528 -3.84805e-08
2.61452 0.0017874 -0.0048069 3.22594 -3.76838e-08
2.61778 0.00177179 -0.00477099 3.2266 -3.69055e-08
2.62104 0.0017563 -0.0047354 3.22725 -3.6145e-08
2.6243 0.00174092 -0.00470012 3.22791 -3.5402e-08
2.62756 0.00172565 -0.00466514 3.22856 -3.4676e-08
2.63082 0.0017105 -0.00463048 3.22922 -3.39667e-08
2.63408 0.00169546 -0.00459611 3.22987 -3.32737e-08
2.63734 0.00168053 -0.00456205 3.23052 -3.25965e-08
2.6406 0.00166572 -0.00452829 3.23117 -3.19348e-08
2.64386 0.00165101 -0.00449483 3.23182 -3.12883e-08
2.64712 0.00163641 -0.00446167 3.23247 -3.06566e-08
2.65038 0.00162192 -0.0044288 3.23311 -3.00394e-08
2.65364 0.00160753 -0.00439622 3.23376 -2.94363e-08
2.6569 0.00159325 -0.00436392 3.2344 -2.8847e-08
2.66016 0.00157908 -0.00433192 3.23505 -2.82712e-08
2.66342 0.00156501 -0.0043002 3.23569 -2.77086e-08
2.66668 0.00155104 -0.00426876 3.23633 -2.71588e-08
2.66994 0.00153718 -0.00423761 3.23697 -2.66216e-08
2.6732 0.00152341 -0.00420673 3.23761 -2.60967e-08
2.67646 0.00150975 -0.00417613 3.23825 -2.55838e-08
2.67972 0.00149618 -0.00414581 3.23889 -2.50826e-08
2.68298 0.00148272 -0.00411576 3.23952 -2.45929e-08
2.68624 0.00146935 -0.00408597 3.24016 -2.41144e-08
2.6895 0.00145608 -0.00405646 3.24079 -2.36468e-08
2.69276 0.0014429 -0.00402722 3.24143 -2.31899e-08
2.69602 0.00142982 -0.00399824 3.24206 -2.27434e-08
2.69928 0.00141683 -0.00396952 3.24269 -2.23071e-08
2.70254 0.00140394 -0.00394106 3.24332 -2.18808e-08
2.7058 0.00139114 -0.00391287 3.24395 -2.14642e-08
2.70906 0.00137843 -0.00388493 3.24458 -2.10572e-08
2.71232 0.00136581 -0.00385724 3.2452 -2.06594e-08
2.71558 0.00135328 -0.00382981 3.24583 -2.02708e-08
2.71884 0.00134084 -0.00380263 3.24645 -1.9891e-08
2.7221 0.00132848 -0.0037757 3.24708 -1.95199e-08
2.72536 0.00131622 -0.00374902 3.2477 -1.91573e-08
2.72862 0.00130404 -0.00372259 3.24832 -1.88029e-08
2.73188 0.00129195 -0.0036964 3.24894 -1.84567e-08
2.73514 0.00127994 -0.00367046 3.24956 -1.81184e-08
2.7384 0.00126801 -0.00364475 3.25018 -1.77878e-08
2.74166 0.00125617 -0.00361929 3.2508 -1.74648e-08
2.74492 0.00124442 -0.00359407 3.25141 -1.71492e-08
2.74818 0.00123274 -0.00356908 3.25203 -1.68408e-08
2.75144 0.00122115 -0.00354432 3.25264 -1.65395e-08
2.7547 0.00120963 -0.0035198 3.25325 -1.62451e-08
2.75796 0.0011982 -0.00349551 3.25387 -1.59574e-08
2.76122 0.00118684 -0.00347145 3.25448 -1.56764e-08
2.76448 0.00117556 -0.00344762 3.25509 -1.54018e-08
2.76774 0.00116436 -0.00342401 3.25569 -1.51335e-08
2.771 0.00115324 -0.00340063 3.2563 -1.48714e-08
2.77426 0.00114219 -0.00337748 3.25691 -1.46153e-08
2.77752 0.00113122 -0.00335454 3.25752 -1.43651e-08
2.78078 0.00112032 -0.00333183 3.25812 -1.41207e-08
2.78404 0.00110949 -0.00330934 3.25872 -1.38819e-08
2.7873 0.00109874 -0.00328706 3.25933 -1.36487e-08
2.79056 0.00108806 -0.003265 3.25993 -1.34209e-08
2.79382 0.00107745 -0.00324316 3.26053 -1.31983e-08
2.79708 0.00106692 -0.00322152 3.26113 -1.29809e-08
2.80034 0.00105645 -0.0032001 3.26173 -1.27686e-08
2.8036 0.00104605 -0.00317889 3.26232 -1.25612e-08
2.80686 0.00103572 -0.00315789 3.26292 -1.23586e-08
2.81012 0.00102546 -0.0031371 3.26352 -1.21608e-08
2.81338 0.00101527 -0.00311651 3.26411 -1.19676e-08
2.81664 0.00100514 -0.00309613 3.2647 -1.1779e-08
2.8199 0.00099508 -0.00307595 3.2653 -1.15948e-08
2.82316 0.000985085 -0.00305598 3.26589 -1.14149e-08
2.82642 0.000975155 -0.0030362 3.26648 -1.12393e-08
2.82968 0.000965289 -0.00301663 3.26707 -1.10678e-08
2.83294 0.000955487 -0.00299725 3.26766 -1.09005e-08
2.8362 0.000945747 -0.00297807 3.26825 -1.07371e-08
2.83946 0.000936069 -0.00295909 3.26883 -1.05777e-08
2.84272 0.000926453 -0.0029403 3.26942 -1.0422e-08
2.84598 0.000916898 -0.0029217 3.27 -1.02702e-08
2.84924 0.000907404 -0.0029033 3.27059 -1.0122e-08
2.8525 0.000897969 -0.00288509 3.27117 -9.97738e-09
2.85576 0.000888593 -0.00286706 3.27175 -9.83633e-09
2.85902 0.000879275 -0.00284923 3.27234 -9.69873e-09
2.86228 0.000870016 -0.00283158 3.27292 -9.56454e-09
2.86554 0.000860813 -0.00281412 3.2735 -9.43367e-09
2.8688 0.000851667 -0.00279684 3.27407 -9.30607e-09
2.87206 0.000842578 -0.00277975 3.27465 -9.18168e-09
2.87532 0.000833543 -0.00276284 3.27523 -9.06042e-09
2.87858 0.000824564 -0.00274611 3.27581 -8.94226e-09
2.88184 0.000815638 -0.00272957 3.27638 -8.82711e-09
2.8851 0.000806767 -0.0027132 3.27696 -8.71494e-09
2.88836 0.000797948 -0.00269701 3.27753 -8.60569e-09
2.89162 0.000789182 -0.002681 3.2781 -8.49931e-09
2.89488 0.000780468 -0.00266516 3.27867 -8.39574e-09
2.89814 0.000771805 -0.0026495 3.27925 -8.29495e-09
2.9014 0.000763193 -0.00263401 3.27982 -8.19687e-09
2.90466 0.000754631 -0.0026187 3.28039 -8.10147e-09
2.90792 0.000746119 -0.00260356 3.28096 -8.00871e-09
2.91118 0.000737656 -0.00258859 3.28153 -7.91853e-09
2.91444 0.000729241 -0.00257378 3.28209 -7.83091e-09
2.9177 0.000720874 -0.00255915 3.28266 -7.7458e-09
2.92096 0.000712555 -0.00254469 3.28323 -7.66316e-09
2.92422 0.000704283 -0.00253039 3.28379 -7.58296e-09
2.92748 0.000696057 -0.00251626 3.28436 -7.50516e-09
2.93074 0.000687877 -0.0025023 3.28493 -7.42974e-09
2.934 0.000679742 -0.0024885 3.28549 -7.35665e-09
2.93726 0.000671651 -0.00247486 3.28605 -7.28588e-09
2.94052 0.000663605 -0.00246139 3.28662 -7.21739e-09
2.94378 0.000655603 -0.00244808 3.28718 -7.15115e-09
2.94704 0.000647644 -0.00243493 3.28774 -7.08715e-09
2.9503 0.000639727 -0.00242194 3.28831 -7.02535e-09
2.95356 0.000631852 -0.0024091 3.28887 -6.96573e-09
2.95682 0.000624019 -0.00239643 3.28943 -6.90828e-09
2.96008 0.000616228 -0.00238391 3.28999 -6.85298e-09
2.96334 0.000608476 -0.00237155 3.29055 -6.7998e-09
2.9666 0.000600765 -0.00235935 3.29111 -6.74874e-09
2.96986 0.000593093 -0.0023473 3.29168 -6.69977e-09
2.97312 0.00058546 -0.0023354 3.29224 -6.65289e-09
2.97638 0.000577866 -0.00232366 3.2928 -6.60809e-09
2.97964 0.00057031 -0.00231207 3.29336 -6.56535e-09
2.9829 0.000562791 -0.00230064 3.29392 -6.52467e-09
2.98616 0.00055531 -0.00228935 3.29448 -6.48605e-09
2.98942 0.000547864 -0.00227821 3.29504 -6.44948e-09
2.99268 0.000540455 -0.00226723 3.2956 -6.41495e-09
2.99594 0.000533082 -0.00225639 3.29616 -6.38248e-09
2.9992 0.000525744 -0.0022457 3.29672 -6.35207e-09
3.00246 0.00051844 -0.00223516 3.29729 -6.32371e-09
3.00572 0.00051117 -0.00222476 3.29785 -6.29741e-09
3.00898 0.000503934 -0.00221451 3.29841 -6.27319e-09
3.01224 0.000496731 -0.00220441 3.29897 -6.25106e-09
3.0155 0.000489561 -0.00219445 3.29954 -6.23102e-09
3.01876 0.000482424 -0.00218463 3.3001 -6.21311e-09
3.02202 0.000475317 -0.00217496 3.30067 -6.19733e-09
3.02528 0.000468243 -0.00216543 3.30124 -6.18372e-09
3.02854 0.000461199 -0.00215604 3.3018 -6.17228e-09
3.0318 0.000454185 -0.0021468 3.30237 -6.16307e-09
3.03506 0.000447201 -0.00213769 3.30294 -6.1561e-09
3.03832 0.000440247 -0.00212873 3.30351 -6.15141e-09
3.04158 0.000433322 -0.0021199 3.30409 -6.14905e-09
3.04484 0.000426425 -0.00211122 3.30466 -6.14905e-09
3.0481 0.000419557 -0.00210267 3.30523 -6.15147e-09
3.05136 0.000412716 -0.00209426 3.30581 -6.15636e-09
3.05462 0.000405902 -0.00208598 3.30639 -6.16376e-09
3.05788 0.000399115 -0.00207785 3.30697 -6.17376e-09
3.06114 0.000392354 -0.00206985 3.30756 -6.18641e-09
3.0644 0.000385619 -0.00206198 3.30814 -6.2018e-09
3.06766 0.00037891 -0.00205425 3.30873 -6.21999e-09
3.07092 0.000372226 -0.00204666 3.30932 -6.24108e-09
3.07418 0.000365566 -0.0020392 3.30991 -6.26517e-09
3.07744 0.00035893 -0.00203187 3.31051 -6.29235e-09
3.0807 0.000352318 -0.00202468 3.31111 -6.32274e-09
3.08396 0.000345729 -0.00201762 3.31171 -6.35646e-09
3.08722 0.000339163 -0.00201069 3.31232 -6.39365e-09
3.09048 0.000332619 -0.00200389 3.31293 -6.43444e-09
3.09374 0.000326097 -0.00199722 3.31355 -6.47899e-09
3.097 0.000319597 -0.00199069 3.31417 -6.52747e-09
3.10026 0.000313118 -0.00198428 3.31479 -6.58007e-09
3.10352 0.000306659 -0.00197801 3.31542 -6.63698e-09
3.10678 0.000300221 -0.00197186 3.31605 -6.69842e-09
3.11004 0.000293803 -0.00196584 3.31669 -6.76464e-09
3.1133 0.000287404 -0.00195996 3.31734 -6.83588e-09
3.11656 0.000281023 -0.0019542 3.31799 -6.91243e-09
3.11982 0.000274662 -0.00194856 3.31865 -6.9946e-09
3.12308 0.000268319 -0.00194306 3.31932 -7.08273e-09
3.12634 0.000261993 -0.00193768 3.31999 -7.17719e-09
3.1296 0.000255685 -0.00193243 3.32068 -7.27839e-09
3.13286 0.000249394 -0.0019273 3.32137 -7.38678e-09
3.13612 0.000243119 -0.0019223 3.32207 -7.50286e-09
3.13938 0.00023686 -0.00191743 3.32278 -7.62717e-09
3.14264 0.000230617 -0.00191268 3.3235 -7.76033e-09
3.1459 0.000224389 -0.00190806 3.32423 -7.903e-09
3.14916 0.000218176 -0.00190356 3.32498 -8.05593e-09
3.15242 0.000211978 -0.00189918 3.32574 -8.21998e-09
3.15568 0.000205794 -0.00189493 3.32651 -8.39607e-09
3.15894 0.000199623 -0.0018908 3.3273 -8.58525e-09
3.1622 0.000193465 -0.0018868 3.3281 -8.78872e-09
3.16546 0.000187321 -0.00188292 3.32892 -9.00782e-09
3.16872 0.000181189 -0.00187916 3.32976 -9.24405e-09
3.17198 0.000175068 -0.00187553 3.33062 -9.49916e-09
3.17524 0.00016896 -0.00187201 3.3315 -9.77512e-09
3.1785 0.000162863 -0.00186862 3.3324 -1.00742e-08
3.18176 0.000156776 -0.00186535 3.33333 -1.0399e-08
3.18502 0.000150701 -0.0018622 3.33429 -1.07526e-08
3.18828 0.000144635 -0.00185918 3.33528 -1.11386e-08
3.19154 0.000138579 -0.00185627 3.3363 -1.1561e-08
3.1948 0.000132532 -0.00185349 3.33735 -1.20249e-08
3.19806 0.000126494 -0.00185082 3.33845 -1.2536e-08
3.20132 0.000120464 -0.00184828 3.33959 -1.31014e-08
3.20458 0.000114443 -0.00184586 3.34078 -1.37296e-08
3.20784 0.000108429 -0.00184355 3.34202 -1.44309e-08
3.2111 0.000102423 -0.00184137 3.34332 -1.52181e-08
3.21436 9.64233e-05 -0.00183931 3.34469 -1.61072e-08
3.21762 9.04303e-05 -0.00183736 3.34613 -1.71183e-08
3.22088 8.44435e-05 -0.00183554 3.34767 -1.82773e-08
3.22414 7.84625e-05 -0.00183383 3.3493 -1.96181e-08
3.2274 7.24868e-05 -0.00183225 3.35105 -2.11854e-08
3.23066 6.65161e-05 -0.00183078 3.35293 -2.30403e-08
3.23392 6.05499e-05 -0.00182944 3.35498 -2.52679e-08
3.23718 5.4588e-05 -0.00182821 3.35722 -2.79904e-08
3.24044 4.86299e-05 -0.00182711 3.35971 -3.139e-08
3.2437 4.26751e-05 -0.00182612 3.3625 -3.57509e-08
3.24696 3.67234e-05 -0.00182525 3.36567 -4.15416e-08
3.25022 3.07743e-05 -0.00182451 3.36938 -4.95942e-08
3.25348 2.48275e-05 -0.00182389 3.37385 -6.15397e-08
3.25674 1.88825e-05 -0.00182339 3.37948 -8.10703e-08
3.26 1.29388e-05 -0.00182303 3.38714 -1.18688e-07
