-3.26 2.05129e-05 0.00182353 3.38019 6.48698e-08
-3.25674 2.64584e-05 0.00182406 3.37496 5.02101e-08
-3.25348 3.24059e-05 0.00182472 3.37075 4.09589e-08
-3.25022 3.83557e-05 0.00182549 3.36722 3.45955e-08
-3.24696 4.43082e-05 0.00182639 3.36418 2.99543e-08
-3.2437 5.02639e-05 0.00182741 3.3615 2.64225e-08
-3.24044 5.62231e-05 0.00182855 3.3591 2.3647e-08
-3.23718 6.21862e-05 0.00182981 3.35692 2.14102e-08
-3.23392 6.81536e-05 0.00183119 3.35493 1.95705e-08
-3.23066 7.41257e-05 0.00183268 3.35309 1.8032e-08
-3.2274 8.01028e-05 0.0018343 3.35139 1.67274e-08
-3.22414 8.60854e-05 0.00183604 3.34979 1.5608e-08
-3.22088 9.20739e-05 0.0018379 3.34829 1.46377e-08
-3.21762 9.80686e-05 0.00183987 3.34687 1.37893e-08
-3.21436 0.00010407 0.00184197 3.34553 1.30419e-08
-3.2111 0.000110078 0.00184418 3.34425 1.23789e-08
-3.20784 0.000116094 0.00184652 3.34303 1.17873e-08
-3.20458 0.000122118 0.00184897 3.34187 1.12567e-08
-3.20132 0.00012815 0.00185155 3.34074 1.07786e-08
-3.19806 0.00013419 0.00185425 3.33967 1.03458e-08
-3.1948 0.000140239 0.00185707 3.33863 9.9527e-09
-3.19154 0.000146298 0.00186 3.33762 9.59435e-09
-3.18828 0.000152367 0.00186306 3.33665 9.26669e-09
-3.18502 0.000158446 0.00186624 3.3357 8.96627e-09
-3.18176 0.000164535 0.00186955 3.33478 8.69011e-09
-3.1785 0.000170635 0.00187297 3.33389 8.43569e-09
-3.17524 0.000176747 0.00187652 3.33302 8.20081e-09
-3.17198 0.00018287 0.00188019 3.33217 7.98358e-09
-3.16872 0.000189006 0.00188398 3.33134 7.78232e-09
-3.16546 0.000195154 0.00188789 3.33053 7.5956e-09
-3.1622 0.000201315 0.00189193 3.32974 7.42214e-09
-3.15894 0.000207489 0.00189609 3.32896 7.2608e-09
-3.15568 0.000213678 0.00190038 3.3282 7.1106e-09
-3.15242 0.00021988 0.00190479 3.32744 6.97063e-09
-3.14916 0.000226097 0.00190932 3.32671 6.84013e-09
-3.1459 0.000232329 0.00191398 3.32598 6.71836e-09
-3.14264 0.000238576 0.00191876 3.32527 6.60471e-09
-3.13938 0.000244839 0.00192367 3.32456 6.49859e-09
-3.13612 0.000251119 0.0019287 3.32387 6.39951e-09
-3.13286 0.000257415 0.00193386 3.32318 6.30699e-09
-3.1296 0.000263728 0.00193915 3.32251 6.22061e-09
-3.12634 0.000270058 0.00194456 3.32184 6.13999e-09
-3.12308 0.000276406 0.0019501 3.32118 6.06479e-09
-3.11982 0.000282773 0.00195577 3.32052 5.99469e-09
-3.11656 0.000289158 0.00196156 3.31987 5.9294e-09
-3.1133 0.000295562 0.00196748 3.31923 5.86866e-09
-3.11004 0.000301986 0.00197354 3.3186 5.81223e-09
-3.10678 0.00030843 0.00197972 3.31797 5.75989e-09
-3.10352 0.000314894 0.00198603 3.31734 5.71144e-09
-3.10026 0.000321379 0.00199247 3.31672 5.66669e-09
-3.097 0.000327885 0.00199904 3.31611 5.62547e-09
-3.09374 0.000334413 0.00200574 3.3155 5.58764e-09
-3.09048 0.000340963 0.00201258 3.31489 5.55304e-09
-3.08722 0.000347535 0.00201954 3.31429 5.52154e-09
-3.08396 0.00035413 0.00202664 3.31369 5.49302e-09
-3.0807 0.000360749 0.00203387 3.3131 5.46736e-09
-3.07744 0.000367391 0.00204123 3.3125 5.44448e-09
-3.07418 0.000374058 0.00204873 3.31191 5.42426e-09
-3.07092 0.000380749 0.00205636 3.31133 5.40662e-09
-3.06766 0.000387465 0.00206413 3.31074 5.39148e-09
-3.0644 0.000394207 0.00207203 3.31016 5.37876e-09
-3.06114 0.000400975 0.00208007 3.30958 5.36841e-09
-3.05788 0.000407769 0.00208824 3.309 5.36034e-09
-3.05462 0.000414591 0.00209655 3.30843 5.35451e-09
-3.05136 0.000421439 0.002105 3.30785 5.35087e-09
-3.0481 0.000428315 0.00211358 3.30728 5.34935e-09
-3.04484 0.00043522 0.00212231 3.30671 5.34993e-09
-3.04158 0.000442153 0.00213117 3.30614 5.35255e-09
-3.03832 0.000449115 0.00214017 3.30558 5.35719e-09
-3.03506 0.000456107 0.00214932 3.30501 5.3638e-09
-3.0318 0.000463129 0.0021586 3.30444 5.37236e-09
-3.02854 0.000470181 0.00216803 3.30388 5.38284e-09
-3.02528 0.000477265 0.0021776 3.30332 5.39521e-09
-3.02202 0.000484379 0.00218731 3.30275 5.40946e-09
-3.01876 0.000491526 0.00219716 3.30219 5.42556e-09
-3.0155 0.000498705 0.00220716 3.30163 5.4435e-09
-3.01224 0.000505917 0.00221731 3.30107 5.46327e-09
-3.00898 0.000513162 0.0022276 3.30051 5.48484e-09
-3.00572 0.000520441 0.00223803 3.29995 5.50822e-09
-3.00246 0.000527754 0.00224861 3.29939 5.5334e-09
-2.9992 0.000535102 0.00225934 3.29884 5.56036e-09
-2.99594 0.000542485 0.00227022 3.29828 5.58911e-09
-2.99268 0.000549904 0.00228125 3.29772 5.61965e-09
-2.98942 0.000557359 0.00229243 3.29716 5.65196e-09
-2.98616 0.000564851 0.00230375 3.2966 5.68606e-09
-2.9829 0.00057238 0.00231523 3.29605 5.72196e-09
-2.97964 0.000579946 0.00232686 3.29549 5.75964e-09
-2.97638 0.000587551 0.00233865 3.29493 5.79912e-09
-2.97312 0.000595194 0.00235058 3.29437 5.84042e-09
-2.96986 0.000602877 0.00236267 3.29382 5.88353e-09
-2.9666 0.000610599 0.00237492 3.29326 5.92847e-09
-2.96334 0.000618362 0.00238732 3.2927 5.97525e-09
-2.96008 0.000626165 0.00239988 3.29214 6.02389e-09
-2.95682 0.000634009 0.0024126 3.29158 6.0744e-09
-2.95356 0.000641895 0.00242548 3.29102 6.12679e-09
-2.9503 0.000649823 0.00243851 3.29047 6.18109e-09
-2.94704 0.000657794 0.00245171 3.28991 6.23732e-09
-2.94378 0.000665809 0.00246506 3.28935 6.2955e-09
-2.94052 0.000673867 0.00247858 3.28878 6.35564e-09
-2.93726 0.000681969 0.00249226 3.28822 6.41778e-09
-2.934 0.000690117 0.00250611 3.28766 6.48193e-09
-2.93074 0.000698309 0.00252012 3.2871 6.54812e-09
-2.92748 0.000706548 0.00253429 3.28654 6.61639e-09
-2.92422 0.000714833 0.00254863 3.28597 6.68676e-09
-2.92096 0.000723165 0.00256314 3.28541 6.75926e-09
-2.9177 0.000731545 0.00257782 3.28485 6.83392e-09
-2.91444 0.000739973 0.00259267 3.28428 6.91077e-09
-2.91118 0.000748449 0.00260768 3.28372 6.98985e-09
-2.90792 0.000756975 0.00262287 3.28315 7.0712e-09
-2.90466 0.00076555 0.00263823 3.28258 7.15485e-09
-2.9014 0.000774176 0.00265377 3.28201 7.24084e-09
-2.89814 0.000782853 0.00266947 3.28145 7.3292e-09
-2.89488 0.000791582 0.00268536 3.28088 7.41999e-09
-2.89162 0.000800362 0.00270142 3.28031 7.51324e-09
-2.88836 0.000809195 0.00271766 3.27974 7.609e-09
-2.8851 0.000818081 0.00273407 3.27916 7.70732e-09
-2.88184 0.000827021 0.00275067 3.27859 7.80823e-09
-2.87858 0.000836016 0.00276745 3.27802 7.91179e-09
-2.87532 0.000845065 0.00278441 3.27744 8.01804e-09
-2.87206 0.00085417 0.00280155 3.27687 8.12705e-09
-2.8688 0.000863332 0.00281888 3.27629 8.23886e-09
-2.86554 0.00087255 0.00283639 3.27572 8.35352e-09
-2.86228 0.000881825 0.00285409 3.27514 8.4711e-09
-2.85902 0.000891159 0.00287197 3.27456 8.59165e-09
-2.85576 0.000900551 0.00289005 3.27398 8.71523e-09
-2.8525 0.000910002 0.00290831 3.2734 8.8419e-09
-2.84924 0.000919513 0.00292677 3.27282 8.97172e-09
-2.84598 0.000929085 0.00294542 3.27224 9.10477e-09
-2.84272 0.000938717 0.00296426 3.27166 9.2411e-09
-2.83946 0.000948412 0.0029833 3.27107 9.38078e-09
-2.8362 0.000958169 0.00300253 3.27049 9.52389e-09
-2.83294 0.000967989 0.00302196 3.2699 9.67049e-09
-2.82968 0.000977872 0.00304159 3.26932 9.82066e-09
-2.82642 0.00098782 0.00306142 3.26873 9.97448e-09
-2.82316 0.000997833 0.00308145 3.26814 1.0132e-08
-2.8199 0.00100791 0.00310168 3.26755 1.02934e-08
-2.81664 0.00101806 0.00312212 3.26696 1.04586e-08
-2.81338 0.00102827 0.00314276 3.26637 1.06278e-08
-2.81012 0.00103855 0.00316361 3.26578 1.08011e-08
-2.80686 0.00104889 0.00318467 3.26518 1.09785e-08
-2.8036 0.00105931 0.00320594 3.26459 1.11601e-08
-2.80034 0.0010698 0.00322742 3.26399 1.13461e-08
-2.79708 0.00108035 0.00324911 3.2634 1.15365e-08
-2.79382 0.00109098 0.00327101 3.2628 1.17314e-08
-2.79056 0.00110168 0.00329313 3.2622 1.1931e-08
-2.7873 0.00111245 0.00331546 3.2616 1.21352e-08
-2.78404 0.0011233 0.00333802 3.261 1.23443e-08
-2.78078 0.00113422 0.00336079 3.2604 1.25584e-08
-2.77752 0.00114521 0.00338378 3.2598 1.27775e-08
-2.77426 0.00115628 0.003407 3.2592 1.30018e-08
-2.771 0.00116742 0.00343044 3.25859 1.32313e-08
-2.76774 0.00117865 0.00345411 3.25799 1.34663e-08
-2.76448 0.00118995 0.003478 3.25738 1.37068e-08
-2.76122 0.00120132 0.00350212 3.25677 1.39529e-08
-2.75796 0.00121278 0.00352648 3.25616 1.42048e-08
-2.7547 0.00122432 0.00355106 3.25555 1.44627e-08
-2.75144 0.00123593 0.00357588 3.25494 1.47265e-08
-2.74818 0.00124763 0.00360093 3.25433 1.49966e-08
-2.74492 0.00125941 0.00362622 3.25372 1.5273e-08
-2.74166 0.00127127 0.00365175 3.25311 1.55559e-08
-2.7384 0.00128322 0.00367752 3.25249 1.58454e-08
-2.73514 0.00129525 0.00370353 3.25188 1.61417e-08
-2.73188 0.00130737 0.00372979 3.25126 1.64449e-08
-2.72862 0.00131957 0.00375629 3.25064 1.67552e-08
-2.72536 0.00133186 0.00378303 3.25002 1.70727e-08
-2.7221 0.00134424 0.00381003 3.2494 1.73977e-08
-2.71884 0.0013567 0.00383728 3.24878 1.77303e-08
-2.71558 0.00136926 0.00386478 3.24816 1.80707e-08
-2.71232 0.0013819 0.00389253 3.24754 1.8419e-08
-2.70906 0.00139464 0.00392054 3.24691 1.87755e-08
-2.7058 0.00140746 0.00394881 3.24629 1.91403e-08
-2.70254 0.00142038 0.00397733 3.24566 1.95137e-08
-2.69928 0.00143339 0.00400612 3.24503 1.98958e-08
-2.69602 0.0014465 0.00403517 3.24441 2.02868e-08
-2.69276 0.0014597 0.00406449 3.24378 2.06869e-08
-2.6895 0.001473 0.00409408 3.24315 2.10964e-08
-2.68624 0.0014864 0.00412393 3.24251 2.15155e-08
-2.68298 0.00149989 0.00415406 3.24188 2.19444e-08
-2.67972 0.00151348 0.00418446 3.24125 2.23833e-08
-2.67646 0.00152717 0.00421513 3.24061 2.28325e-08
-2.6732 0.00154097 0.00424608 3.23998 2.32922e-08
-2.66994 0.00155486 0.00427732 3.23934 2.37627e-08
-2.66668 0.00156885 0.00430883 3.2387 2.42441e-08
-2.66342 0.00158295 0.00434063 3.23806 2.47369e-08
-2.66016 0.00159716 0.00437271 3.23742 2.52412e-08
-2.6569 0.00161146 0.00440508 3.23678 2.57573e-08
-2.65364 0.00162588 0.00443774 3.23614 2.62855e-08
-2.65038 0.0016404 0.00447069 3.2355 2.6826e-08
-2.64712 0.00165503 0.00450393 3.23485 2.73793e-08
-2.64386 0.00166976 0.00453748 3.23421 2.79455e-08
-2.6406 0.00168461 0.00457132 3.23356 2.8525e-08
-2.63734 0.00169957 0.00460546 3.23291 2.9118e-08
-2.63408 0.00171464 0.0046399 3.23227 2.9725e-08
-2.63082 0.00172982 0.00467465 3.23162 3.03463e-08
-2.62756 0.00174512 0.00470971 3.23097 3.09821e-08
-2.6243 0.00176053 0.00474508 3.23031 3.16329e-08
-2.62104 0.00177606 0.00478076 3.22966 3.22989e-08
-2.61778 0.0017917 0.00481675 3.22901 3.29806e-08
-2.61452 0.00180746 0.00485306 3.22835 3.36783e-08
-2.61126 0.00182334 0.00488969 3.2277 3.43924e-08
-2.608 0.00183934 0.00492664 3.22704 3.51233e-08
-2.60474 0.00185546 0.00496392 3.22638 3.58714e-08
-2.60148 0.00187171 0.00500152 3.22572 3.66371e-08
-2.59822 0.00188807 0.00503946 3.22506 3.74208e-08
-2.59496 0.00190457 0.00507772 3.2244 3.8223e-08
-2.5917 0.00192118 0.00511632 3.22374 3.90441e-08
-2.58844 0.00193792 0.00515525 3.22307 3.98845e-08
-2.58518 0.00195479 0.00519453 3.22241 4.07447e-08
-2.58192 0.00197179 0.00523414 3.22174 4.16252e-08
-2.57866 0.00198892 0.0052741 3.22108 4.25264e-08
-2.5754 0.00200618 0.00531441 3.22041 4.34489e-08
-2.57214 0.00202357 0.00535507 3.21974 4.43932e-08
-2.56888 0.0020411 0.00539608 3.21907 4.53598e-08
-2.56562 0.00205875 0.00543744 3.2184 4.63491e-08
-2.56236 0.00207655 0.00547917 3.21773 4.73619e-08
-2.5591 0.00209448 0.00552125 3.21705 4.83985e-08
-2.55584 0.00211255 0.0055637 3.21638 4.94597e-08
-2.55258 0.00213075 0.00560651 3.2157 5.05459e-08
-2.54932 0.0021491 0.00564969 3.21503 5.16578e-08
-2.54606 0.00216759 0.00569324 3.21435 5.27961e-08
-2.5428 0.00218622 0.00573717 3.21367 5.39612e-08
-2.53954 0.002205 0.00578148 3.21299 5.51539e-08
-2.53628 0.00222392 0.00582617 3.21231 5.63749e-08
-2.53302 0.00224298 0.00587124 3.21163 5.76247e-08
-2.52976 0.0022622 0.00591669 3.21095 5.89042e-08
-2.5265 0.00228156 0.00596254 3.21026 6.02139e-08
-2.52324 0.00230108 0.00600878 3.20958 6.15547e-08
-2.51998 0.00232074 0.00605541 3.20889 6.29273e-08
-2.51672 0.00234056 0.00610244 3.2082 6.43324e-08
-2.51346 0.00236053 0.00614988 3.20752 6.57709e-08
-2.5102 0.00238065 0.00619771 3.20683 6.72434e-08
-2.50694 0.00240094 0.00624596 3.20614 6.87509e-08
-2.50368 0.00242138 0.00629462 3.20544 7.02942e-08
-2.50042 0.00244198 0.00634369 3.20475 7.18741e-08
-2.49716 0.00246274 0.00639318 3.20406 7.34916e-08
-2.4939 0.00248366 0.00644309 3.20336 7.51475e-08
-2.49064 0.00250475 0.00649343 3.20267 7.68427e-08
-2.48738 0.002526 0.00654419 3.20197 7.85782e-08
-2.48412 0.00254742 0.00659538 3.20127 8.03549e-08
-2.48086 0.002569 0.00664701 3.20057 8.21739e-08
-2.4776 0.00259076 0.00669907 3.19987 8.40362e-08
-2.47434 0.00261268 0.00675158 3.19917 8.59427e-08
-2.47108 0.00263478 0.00680453 3.19847 8.78947e-08
-2.46782 0.00265705 0.00685793 3.19776 8.98931e-08
-2.46456 0.00267949 0.00691178 3.19706 9.1939e-08
-2.4613 0.00270211 0.00696608 3.19635 9.40337e-08
-2.45804 0.00272491 0.00702084 3.19564 9.61782e-08
-2.45478 0.00274789 0.00707607 3.19494 9.83739e-08
-2.45152 0.00277105 0.00713176 3.19423 1.00622e-07
-2.44826 0.00279439 0.00718792 3.19352 1.02923e-07
-2.445 0.00281791 0.00724455 3.1928 1.0528e-07
-2.44174 0.00284162 0.00730167 3.19209 1.07692e-07
-2.43848 0.00286552 0.00735926 3.19138 1.10162e-07
-2.43522 0.00288961 0.00741733 3.19066 1.12691e-07
-2.43196 0.00291388 0.0074759 3.18995 1.15281e-07
-2.4287 0.00293835 0.00753495 3.18923 1.17932e-07
-2.42544 0.00296301 0.0075945 3.18851 1.20646e-07
-2.42218 0.00298787 0.00765456 3.18779 1.23426e-07
-2.41892 0.00301292 0.00771511 3.18707 1.26271e-07
-2.41566 0.00303817 0.00777618 3.18635 1.29185e-07
-2.4124 0.00306362 0.00783775 3.18562 1.32168e-07
-2.40914 0.00308927 0.00789985 3.1849 1.35222e-07
-2.40588 0.00311513 0.00796246 3.18417 1.3835e-07
-2.40262 0.00314119 0.00802559 3.18345 1.41552e-07
-2.39936 0.00316746 0.00808926 3.18272 1.4483e-07
-2.3961 0.00319393 0.00815346 3.18199 1.48187e-07
-2.39284 0.00322062 0.00821819 3.18126 1.51625e-07
-2.38958 0.00324751 0.00828347 3.18053 1.55144e-07
-2.38632 0.00327463 0.00834929 3.1798 1.58748e-07
-2.38306 0.00330195 0.00841566 3.17906 1.62438e-07
-2.3798 0.0033295 0.00848258 3.17833 1.66216e-07
-2.37654 0.00335726 0.00855006 3.17759 1.70085e-07
-2.37328 0.00338524 0.00861811 3.17686 1.74046e-07
-2.37002 0.00341345 0.00868672 3.17612 1.78102e-07
-2.36676 0.00344188 0.00875591 3.17538 1.82255e-07
-2.3635 0.00347054 0.00882567 3.17464 1.86507e-07
-2.36024 0.00349943 0.00889601 3.1739 1.90862e-07
-2.35698 0.00352854 0.00896694 3.17316 1.95321e-07
-2.35372 0.00355789 0.00903846 3.17241 1.99886e-07
-2.35046 0.00358747 0.00911058 3.17167 2.04561e-07
-2.3472 0.00361729 0.00918329 3.17092 2.09348e-07
-2.34394 0.00364735 0.00925661 3.17017 2.1425e-07
-2.34068 0.00367765 0.00933054 3.16942 2.19269e-07
-2.33742 0.00370818 0.00940508 3.16867 2.24408e-07
-2.33416 0.00373897 0.00948024 3.16792 2.29671e-07
-2.3309 0.00377 0.00955603 3.16717 2.3506e-07
-2.32764 0.00380127 0.00963245 3.16642 2.40578e-07
-2.32438 0.0038328 0.0097095 3.16566 2.46228e-07
-2.32112 0.00386458 0.00978718 3.16491 2.52014e-07
-2.31786 0.00389661 0.00986552 3.16415 2.57939e-07
-2.3146 0.0039289 0.0099445 3.16339 2.64006e-07
-2.31134 0.00396145 0.0100241 3.16263 2.70218e-07
-2.30808 0.00399426 0.0101044 3.16187 2.7658e-07
-2.30482 0.00402733 0.0101854 3.16111 2.83094e-07
-2.30156 0.00406067 0.010267 3.16035 2.89765e-07
-2.2983 0.00409428 0.0103493 3.15958 2.96595e-07
-2.29504 0.00412815 0.0104323 3.15882 3.0359e-07
-2.29178 0.0041623 0.010516 3.15805 3.10753e-07
-2.28852 0.00419672 0.0106004 3.15728 3.18088e-07
-2.28526 0.00423141 0.0106855 3.15651 3.25598e-07
-2.282 0.00426639 0.0107712 3.15574 3.3329e-07
-2.27874 0.00430164 0.0108577 3.15497 3.41166e-07
-2.27548 0.00433718 0.0109449 3.1542 3.49231e-07
-2.27222 0.004373 0.0110328 3.15342 3.5749e-07
-2.26896 0.00440911 0.0111215 3.15265 3.65947e-07
-2.2657 0.00444551 0.0112109 3.15187 3.74608e-07
-2.26244 0.00448221 0.011301 3.15109 3.83476e-07
-2.25918 0.0045192 0.0113918 3.15031 3.92558e-07
-2.25592 0.00455648 0.0114834 3.14953 4.01858e-07
-2.25266 0.00459407 0.0115758 3.14875 4.11382e-07
-2.2494 0.00463196 0.0116689 3.14797 4.21134e-07
-2.24614 0.00467015 0.0117628 3.14718 4.31121e-07
-2.24288 0.00470865 0.0118575 3.1464 4.41349e-07
-2.23962 0.00474746 0.011953 3.14561 4.51822e-07
-2.23636 0.00478659 0.0120492 3.14482 4.62547e-07
-2.2331 0.00482603 0.0121462 3.14403 4.73529e-07
-2.22984 0.00486578 0.0122441 3.14324 4.84776e-07
-2.22658 0.00490586 0.0123427 3.14245 4.96294e-07
-2.22332 0.00494626 0.0124422 3.14166 5.08088e-07
-2.22006 0.00498698 0.0125425 3.14086 5.20166e-07
-2.2168 0.00502804 0.0126436 3.14007 5.32535e-07
-2.21354 0.00506942 0.0127455 3.13927 5.45201e-07
-2.21028 0.00511114 0.0128483 3.13847 5.58172e-07
-2.20702 0.00515319 0.0129519 3.13767 5.71455e-07
-2.20376 0.00519558 0.0130564 3.13687 5.85057e-07
-2.2005 0.00523832 0.0131617 3.13607 5.98987e-07
-2.19724 0.0052814 0.0132679 3.13526 6.13252e-07
-2.19398 0.00532483 0.013375 3.13446 6.27861e-07
-2.19072 0.00536861 0.0134829 3.13365 6.42821e-07
-2.18746 0.00541274 0.0135918 3.13284 6.58141e-07
-2.1842 0.00545722 0.0137015 3.13203 6.7383e-07
-2.18094 0.00550207 0.0138121 3.13122 6.89896e-07
-2.17768 0.00554728 0.0139237 3.13041 7.06349e-07
-2.17442 0.00559285 0.0140361 3.1296 7.23198e-07
-2.17116 0.0056388 0.0141495 3.12878 7.40453e-07
-2.1679 0.00568511 0.0142639 3.12797 7.58123e-07
-2.16464 0.0057318 0.0143791 3.12715 7.76218e-07
-2.16138 0.00577886 0.0144953 3.12633 7.9475e-07
-2.15812 0.00582631 0.0146125 3.12551 8.13727e-07
-2.15486 0.00587414 0.0147306 3.12469 8.33161e-07
-2.1516 0.00592235 0.0148497 3.12387 8.53064e-07
-2.14834 0.00597096 0.0149698 3.12305 8.73445e-07
-2.14508 0.00601996 0.0150909 3.12222 8.94317e-07
-2.14182 0.00606935 0.0152129 3.12139 9.15692e-07
-2.13856 0.00611915 0.015336 3.12056 9.37582e-07
-2.1353 0.00616935 0.0154601 3.11973 9.59999e-07
-2.13204 0.00621995 0.0155852 3.1189 9.82955e-07
-2.12878 0.00627096 0.0157113 3.11807 1.00646e-06
-2.12552 0.00632239 0.0158384 3.11724 1.03054e-06
-2.12226 0.00637423 0.0159666 3.1164 1.0552e-06
-2.119 0.00642649 0.0160959 3.11557 1.08045e-06
-2.11574 0.00647918 0.0162262 3.11473 1.1063e-06
-2.11248 0.00653229 0.0163576 3.11389 1.13278e-06
-2.10922 0.00658583 0.01649 3.11305 1.1599e-06
-2.10596 0.0066398 0.0166235 3.1122 1.18767e-06
-2.1027 0.00669421 0.0167582 3.11136 1.21611e-06
-2.09944 0.00674907 0.0168939 3.11052 1.24524e-06
-2.09618 0.00680436 0.0170308 3.10967 1.27507e-06
-2.09292 0.00686011 0.0171688 3.10882 1.30561e-06
-2.08966 0.00691631 0.0173079 3.10797 1.3369e-06
-2.0864 0.00697296 0.0174481 3.10712 1.36893e-06
-2.08314 0.00703007 0.0175895 3.10627 1.40174e-06
-2.07988 0.00708764 0.0177321 3.10541 1.43534e-06
-2.07662 0.00714568 0.0178758 3.10456 1.46974e-06
-2.07336 0.00720419 0.0180207 3.1037 1.50498e-06
-2.0701 0.00726318 0.0181668 3.10284 1.54106e-06
-2.06684 0.00732264 0.0183141 3.10198 1.57802e-06
-2.06358 0.00738259 0.0184626 3.10112 1.61586e-06
-2.06032 0.00744302 0.0186123 3.10026 1.65462e-06
-2.05706 0.00750394 0.0187632 3.09939 1.69431e-06
-2.0538 0.00756536 0.0189154 3.09853 1.73496e-06
-2.05054 0.00762727 0.0190688 3.09766 1.77658e-06
-2.04728 0.00768969 0.0192235 3.09679 1.81921e-06
-2.04402 0.00775261 0.0193794 3.09592 1.86287e-06
-2.04076 0.00781604 0.0195367 3.09505 1.90757e-06
-2.0375 0.00787999 0.0196952 3.09417 1.95336e-06
-2.03424 0.00794446 0.019855 3.0933 2.00025e-06
-2.03098 0.00800945 0.0200161 3.09242 2.04827e-06
-2.02772 0.00807496 0.0201785 3.09154 2.09744e-06
-2.02446 0.00814101 0.0203423 3.09066 2.1478e-06
-2.0212 0.0082076 0.0205074 3.08978 2.19937e-06
-2.01794 0.00827472 0.0206739 3.0889 2.25219e-06
-2.01468 0.00834239 0.0208417 3.08802 2.30628e-06
-2.01142 0.00841061 0.0210109 3.08713 2.36167e-06
-2.00816 0.00847938 0.0211815 3.08624 2.4184e-06
-2.0049 0.00854872 0.0213534 3.08535 2.47649e-06
-2.00164 0.00861861 0.0215268 3.08446 2.53598e-06
-1.99838 0.00868907 0.0217016 3.08357 2.59691e-06
-1.99512 0.00876011 0.0218779 3.08268 2.6593e-06
-1.99186 0.00883172 0.0220555 3.08178 2.7232e-06
-1.9886 0.00890391 0.0222347 3.08088 2.78864e-06
-1.98534 0.00897669 0.0224153 3.07998 2.85565e-06
-1.98208 0.00905006 0.0225973 3.07908 2.92428e-06
-1.97882 0.00912403 0.0227809 3.07818 2.99456e-06
-1.97556 0.00919859 0.022966 3.07728 3.06654e-06
-1.9723 0.00927377 0.0231525 3.07637 3.14025e-06
-1.96904 0.00934955 0.0233406 3.07546 3.21574e-06
-1.96578 0.00942595 0.0235303 3.07456 3.29304e-06
-1.96252 0.00950297 0.0237215 3.07365 3.37221e-06
-1.95926 0.00958061 0.0239142 3.07273 3.45328e-06
-1.956 0.00965889 0.0241086 3.07182 3.53631e-06
-1.95274 0.0097378 0.0243045 3.0709 3.62134e-06
-1.94948 0.00981736 0.024502 3.06999 3.70841e-06
-1.94622 0.00989756 0.0247012 3.06907 3.79759e-06
-1.94296 0.00997841 0.0249019 3.06815 3.88891e-06
-1.9397 0.0100599 0.0251044 3.06723 3.98243e-06
-1.93644 0.0101421 0.0253084 3.0663 4.07821e-06
-1.93318 0.0102249 0.0255142 3.06538 4.17629e-06
-1.92992 0.0103084 0.0257216 3.06445 4.27673e-06
-1.92666 0.0103926 0.0259307 3.06352 4.3796e-06
-1.9234 0.0104775 0.0261415 3.06259 4.48494e-06
-1.92014 0.0105631 0.0263541 3.06166 4.59282e-06
-1.91688 0.0106493 0.0265684 3.06072 4.7033e-06
-1.91362 0.0107363 0.0267844 3.05979 4.81644e-06
-1.91036 0.010824 0.0270022 3.05885 4.93231e-06
-1.9071 0.0109124 0.0272218 3.05791 5.05096e-06
-1.90384 0.0110015 0.0274432 3.05697 5.17247e-06
-1.90058 0.0110913 0.0276664 3.05603 5.29692e-06
-1.89732 0.0111819 0.0278914 3.05508 5.42435e-06
-1.89406 0.0112732 0.0281182 3.05414 5.55486e-06
-1.8908 0.0113652 0.0283469 3.05319 5.68851e-06
-1.88754 0.011458 0.0285775 3.05224 5.82538e-06
-1.88428 0.0115515 0.02881 3.05129 5.96554e-06
-1.88102 0.0116458 0.0290443 3.05033 6.10908e-06
-1.87776 0.0117409 0.0292806 3.04938 6.25608e-06
-1.8745 0.0118367 0.0295188 3.04842 6.40662e-06
-1.87124 0.0119334 0.029759 3.04746 6.56078e-06
-1.86798 0.0120308 0.0300011 3.0465 6.71866e-06
-1.86472 0.012129 0.0302452 3.04554 6.88033e-06
-1.86146 0.012228 0.0304913 3.04457 7.0459e-06
-1.8582 0.0123278 0.0307394 3.04361 7.21546e-06
-1.85494 0.0124284 0.0309895 3.04264 7.38909e-06
-1.85168 0.0125298 0.0312417 3.04167 7.56691e-06
-1.84842 0.0126321 0.0314959 3.04069 7.74901e-06
-1.84516 0.0127352 0.0317522 3.03972 7.93549e-06
-1.8419 0.0128391 0.0320106 3.03874 8.12647e-06
-1.83864 0.0129439 0.0322712 3.03777 8.32204e-06
-1.83538 0.0130495 0.0325338 3.03679 8.52232e-06
-1.83212 0.013156 0.0327986 3.0358 8.72742e-06
-1.82886 0.0132634 0.0330656 3.03482 8.93745e-06
-1.8256 0.0133716 0.0333347 3.03384 9.15255e-06
-1.82234 0.0134807 0.033606 3.03285 9.37282e-06
-1.81908 0.0135907 0.0338796 3.03186 9.59839e-06
-1.81582 0.0137016 0.0341554 3.03087 9.82939e-06
-1.81256 0.0138134 0.0344334 3.02987 1.0066e-05
-1.8093 0.0139261 0.0347137 3.02888 1.03082e-05
-1.80604 0.0140397 0.0349963 3.02788 1.05563e-05
-1.80278 0.0141543 0.0352812 3.02688 1.08103e-05
-1.79952 0.0142698 0.0355685 3.02588 1.10705e-05
-1.79626 0.0143862 0.0358581 3.02488 1.13369e-05
-1.793 0.0145036 0.03615 3.02387 1.16098e-05
-1.78974 0.0146219 0.0364444 3.02287 1.18892e-05
-1.78648 0.0147412 0.0367411 3.02186 1.21753e-05
-1.78322 0.0148615 0.0370403 3.02084 1.24683e-05
-1.77996 0.0149827 0.0373419 3.01983 1.27684e-05
-1.7767 0.0151049 0.037646 3.01882 1.30757e-05
-1.77344 0.0152282 0.0379525 3.0178 1.33904e-05
-1.77018 0.0153524 0.0382616 3.01678 1.37126e-05
-1.76692 0.0154776 0.0385732 3.01576 1.40426e-05
-1.76366 0.0156039 0.0388873 3.01473 1.43805e-05
-1.7604 0.0157312 0.039204 3.01371 1.47266e-05
-1.75714 0.0158595 0.0395233 3.01268 1.5081e-05
-1.75388 0.0159889 0.0398452 3.01165 1.54439e-05
-1.75062 0.0161193 0.0401697 3.01062 1.58155e-05
-1.74736 0.0162508 0.0404969 3.00958 1.61961e-05
-1.7441 0.0163833 0.0408267 3.00855 1.65858e-05
-1.74084 0.016517 0.0411593 3.00751 1.6985e-05
-1.73758 0.0166517 0.0414946 3.00647 1.73937e-05
-1.73432 0.0167875 0.0418326 3.00543 1.78122e-05
-1.73106 0.0169245 0.0421733 3.00438 1.82408e-05
-1.7278 0.0170625 0.0425169 3.00333 1.86797e-05
-1.72454 0.0172017 0.0428632 3.00228 1.91291e-05
-1.72128 0.017342 0.0432124 3.00123 1.95894e-05
-1.71802 0.0174834 0.0435644 3.00018 2.00607e-05
-1.71476 0.017626 0.0439193 2.99912 2.05434e-05
-1.7115 0.0177698 0.0442771 2.99806 2.10376e-05
-1.70824 0.0179147 0.0446379 2.997 2.15438e-05
-1.70498 0.0180608 0.0450015 2.99594 2.20621e-05
-1.70172 0.0182081 0.0453682 2.99488 2.25928e-05
-1.69846 0.0183566 0.0457378 2.99381 2.31363e-05
-1.6952 0.0185063 0.0461105 2.99274 2.36929e-05
-1.69194 0.0186573 0.0464862 2.99167 2.42629e-05
-1.68868 0.0188094 0.046865 2.99059 2.48465e-05
-1.68542 0.0189628 0.0472468 2.98952 2.54442e-05
-1.68216 0.0191175 0.0476318 2.98844 2.60562e-05
-1.6789 0.0192734 0.0480199 2.98736 2.6683e-05
-1.67564 0.0194306 0.0484112 2.98628 2.73248e-05
-1.67238 0.019589 0.0488057 2.98519 2.7982e-05
-1.66912 0.0197488 0.0492035 2.9841 2.8655e-05
-1.66586 0.0199098 0.0496044 2.98301 2.93442e-05
-1.6626 0.0200722 0.0500087 2.98192 3.005e-05
-1.65934 0.0202359 0.0504162 2.98083 3.07727e-05
-1.65608 0.0204009 0.0508271 2.97973 3.15127e-05
-1.65282 0.0205673 0.0512413 2.97863 3.22705e-05
-1.64956 0.020735 0.051659 2.97753 3.30466e-05
-1.6463 0.0209041 0.05208 2.97642 3.38412e-05
-1.64304 0.0210746 0.0525044 2.97531 3.4655e-05
-1.63978 0.0212464 0.0529324 2.97421 3.54883e-05
-1.63652 0.0214197 0.0533638 2.97309 3.63416e-05
-1.63326 0.0215944 0.0537988 2.97198 3.72154e-05
-1.63 0.0217705 0.0542373 2.97086 3.81101e-05
-1.62674 0.021948 0.0546794 2.96974 3.90264e-05
-1.62348 0.022127 0.0551251 2.96862 3.99647e-05
-1.62022 0.0223074 0.0555744 2.9675 4.09254e-05
-1.61696 0.0224893 0.0560274 2.96637 4.19093e-05
-1.6137 0.0226727 0.0564841 2.96524 4.29167e-05
-1.61044 0.0228576 0.0569446 2.96411 4.39484e-05
-1.60718 0.023044 0.0574088 2.96297 4.50047e-05
-1.60392 0.0232319 0.0578768 2.96184 4.60865e-05
-1.60066 0.0234214 0.0583486 2.9607 4.71942e-05
-1.5974 0.0236124 0.0588243 2.95956 4.83285e-05
-1.59414 0.0238049 0.0593039 2.95841 4.949e-05
-1.59088 0.023999 0.0597873 2.95726 5.06794e-05
-1.58762 0.0241947 0.0602748 2.95611 5.18973e-05
-1.58436 0.024392 0.0607662 2.95496 5.31444e-05
-1.5811 0.0245909 0.0612616 2.95381 5.44215e-05
-1.57784 0.0247915 0.0617611 2.95265 5.57291e-05
-1.57458 0.0249936 0.0622646 2.95149 5.70682e-05
-1.57132 0.0251974 0.0627723 2.95033 5.84394e-05
-1.56806 0.0254029 0.0632841 2.94916 5.98434e-05
-1.5648 0.0256101 0.0638001 2.94799 6.12812e-05
-1.56154 0.0258189 0.0643203 2.94682 6.27534e-05
-1.55828 0.0260294 0.0648448 2.94565 6.42609e-05
-1.55502 0.0262417 0.0653735 2.94447 6.58045e-05
-1.55176 0.0264557 0.0659066 2.94329 6.73852e-05
-1.5485 0.0266714 0.066444 2.94211 6.90038e-05
-1.54524 0.0268889 0.0669859 2.94092 7.06611e-05
-1.54198 0.0271081 0.0675321 2.93973 7.23583e-05
-1.53872 0.0273292 0.0680828 2.93854 7.4096e-05
-1.53546 0.0275521 0.068638 2.93735 7.58755e-05
-1.5322 0.0277767 0.0691978 2.93615 7.76976e-05
-1.52894 0.0280032 0.0697621 2.93496 7.95633e-05
-1.52568 0.0282316 0.070331 2.93375 8.14738e-05
-1.52242 0.0284618 0.0709046 2.93255 8.343e-05
-1.51916 0.0286939 0.0714828 2.93134 8.54331e-05
-1.5159 0.0289279 0.0720658 2.93013 8.74843e-05
-1.51264 0.0291638 0.0726536 2.92892 8.95845e-05
-1.50938 0.0294016 0.0732461 2.9277 9.17351e-05
-1.50612 0.0296413 0.0738435 2.92648 9.39372e-05
-1.50286 0.029883 0.0744458 2.92526 9.6192e-05
-1.4996 0.0301267 0.075053 2.92403 9.85009e-05
-1.49634 0.0303724 0.0756652 2.92281 0.000100865
-1.49308 0.0306201 0.0762823 2.92157 0.000103286
-1.48982 0.0308698 0.0769046 2.92034 0.000105764
-1.48656 0.0311215 0.0775319 2.9191 0.000108303
-1.4833 0.0313753 0.0781643 2.91786 0.000110901
-1.48004 0.0316311 0.0788019 2.91662 0.000113562
-1.47678 0.0318891 0.0794447 2.91537 0.000116287
-1.47352 0.0321491 0.0800927 2.91412 0.000119077
-1.47026 0.0324113 0.0807461 2.91287 0.000121934
-1.467 0.0326756 0.0814048 2.91162 0.000124859
-1.46374 0.032942 0.0820688 2.91036 0.000127854
-1.46048 0.0332107 0.0827383 2.90909 0.000130921
-1.45722 0.0334815 0.0834133 2.90783 0.000134061
-1.45396 0.0337545 0.0840938 2.90656 0.000137277
-1.4507 0.0340298 0.0847798 2.90529 0.000140569
-1.44744 0.0343073 0.0854715 2.90401 0.00014394
-1.44418 0.0345871 0.0861688 2.90274 0.000147392
-1.44092 0.0348691 0.0868718 2.90146 0.000150926
-1.43766 0.0351535 0.0875806 2.90017 0.000154545
-1.4344 0.0354402 0.0882951 2.89888 0.00015825
-1.43114 0.0357292 0.0890155 2.89759 0.000162044
-1.42788 0.0360205 0.0897418 2.8963 0.000165929
-1.42462 0.0363143 0.090474 2.895 0.000169907
-1.42136 0.0366104 0.0912122 2.8937 0.000173979
-1.4181 0.036909 0.0919565 2.89239 0.000178149
-1.41484 0.03721 0.0927068 2.89109 0.000182419
-1.41158 0.0375135 0.0934633 2.88978 0.000186791
-1.40832 0.0378194 0.0942259 2.88846 0.000191267
-1.40506 0.0381278 0.0949948 2.88714 0.000195851
-1.4018 0.0384388 0.0957699 2.88582 0.000200543
-1.39854 0.0387522 0.0965514 2.8845 0.000205348
-1.39528 0.0390683 0.0973393 2.88317 0.000210268
-1.39202 0.0393869 0.0981337 2.88184 0.000215305
-1.38876 0.0397081 0.0989345 2.8805 0.000220463
-1.3855 0.040032 0.0997419 2.87916 0.000225744
-1.38224 0.0403585 0.100556 2.87782 0.000231151
-1.37898 0.0406876 0.101376 2.87647 0.000236687
-1.37572 0.0410194 0.102204 2.87512 0.000242355
-1.37246 0.041354 0.103038 2.87377 0.000248159
-1.3692 0.0416912 0.103879 2.87241 0.000254101
-1.36594 0.0420313 0.104727 2.87105 0.000260185
-1.36268 0.0423741 0.105581 2.86969 0.000266415
-1.35942 0.0427197 0.106443 2.86832 0.000272793
-1.35616 0.0430681 0.107312 2.86695 0.000279323
-1.3529 0.0434194 0.108188 2.86558 0.000286009
-1.34964 0.0437735 0.109071 2.8642 0.000292855
-1.34638 0.0441305 0.109961 2.86281 0.000299864
-1.34312 0.0444904 0.110859 2.86143 0.00030704
-1.33986 0.0448533 0.111763 2.86004 0.000314388
-1.3366 0.0452191 0.112676 2.85864 0.00032191
-1.33334 0.045588 0.113595 2.85724 0.000329613
-1.33008 0.0459598 0.114523 2.85584 0.000337499
-1.32682 0.0463347 0.115458 2.85444 0.000345573
-1.32356 0.0467126 0.1164 2.85303 0.000353839
-1.3203 0.0470936 0.11735 2.85161 0.000362303
-1.31704 0.0474777 0.118308 2.85019 0.000370968
-1.31378 0.047865 0.119274 2.84877 0.00037984
-1.31052 0.0482554 0.120248 2.84735 0.000388924
-1.30726 0.048649 0.121229 2.84592 0.000398224
-1.304 0.0490458 0.122219 2.84448 0.000407746
-1.30074 0.0494459 0.123217 2.84305 0.000417494
-1.29748 0.0498492 0.124223 2.8416 0.000427475
-1.29422 0.0502558 0.125237 2.84016 0.000437694
-1.29096 0.0506658 0.12626 2.83871 0.000448156
-1.2877 0.051079 0.12729 2.83725 0.000458867
-1.28444 0.0514957 0.12833 2.8358 0.000469833
-1.28118 0.0519158 0.129377 2.83433 0.000481061
-1.27792 0.0523392 0.130434 2.83287 0.000492556
-1.27466 0.0527662 0.131499 2.83139 0.000504325
-1.2714 0.0531966 0.132572 2.82992 0.000516373
-1.26814 0.0536306 0.133655 2.82844 0.000528709
-1.26488 0.0540681 0.134746 2.82695 0.000541338
-1.26162 0.0545091 0.135847 2.82547 0.000554268
-1.25836 0.0549538 0.136956 2.82397 0.000567506
-1.2551 0.0554021 0.138074 2.82248 0.000581059
-1.25184 0.055854 0.139202 2.82097 0.000594934
-1.24858 0.0563097 0.140338 2.81947 0.000609139
-1.24532 0.0567691 0.141484 2.81796 0.000623682
-1.24206 0.0572322 0.14264 2.81644 0.000638571
-1.2388 0.0576991 0.143805 2.81492 0.000653814
-1.23554 0.0581698 0.144979 2.8134 0.000669419
-1.23228 0.0586444 0.146163 2.81187 0.000685396
-1.22902 0.0591228 0.147357 2.81033 0.000701752
-1.22576 0.0596051 0.14856 2.8088 0.000718497
-1.2225 0.0600914 0.149774 2.80725 0.000735641
-1.21924 0.0605817 0.150997 2.80571 0.000753191
-1.21598 0.0610759 0.15223 2.80415 0.000771159
-1.21272 0.0615742 0.153473 2.8026 0.000789554
-1.20946 0.0620766 0.154727 2.80103 0.000808385
-1.2062 0.0625831 0.155991 2.79947 0.000827664
-1.20294 0.0630937 0.157265 2.79789 0.000847401
-1.19968 0.0636084 0.158549 2.79632 0.000867607
-1.19642 0.0641274 0.159844 2.79474 0.000888292
-1.19316 0.0646506 0.16115 2.79315 0.000909468
-1.1899 0.0651781 0.162466 2.79156 0.000931148
-1.18664 0.0657099 0.163793 2.78996 0.000953342
-1.18338 0.0662461 0.165131 2.78836 0.000976062
-1.18012 0.0667866 0.16648 2.78675 0.000999322
-1.17686 0.0673315 0.16784 2.78514 0.00102313
-1.1736 0.0678809 0.169211 2.78353 0.00104751
-1.17034 0.0684348 0.170593 2.7819 0.00107247
-1.16708 0.0689932 0.171987 2.78028 0.00109801
-1.16382 0.0695562 0.173392 2.77864 0.00112416
-1.16056 0.0701237 0.174809 2.77701 0.00115094
-1.1573 0.0706959 0.176237 2.77536 0.00117834
-1.15404 0.0712728 0.177676 2.77371 0.0012064
-1.15078 0.0718544 0.179128 2.77206 0.00123512
-1.14752 0.0724407 0.180592 2.7704 0.00126453
-1.14426 0.0730319 0.182067 2.76874 0.00129463
-1.141 0.0736278 0.183554 2.76707 0.00132544
-1.13774 0.0742287 0.185054 2.76539 0.00135698
-1.13448 0.0748344 0.186566 2.76371 0.00138927
-1.13122 0.0754451 0.18809 2.76202 0.00142233
-1.12796 0.0760608 0.189627 2.76033 0.00145617
-1.1247 0.0766815 0.191177 2.75863 0.00149081
-1.12144 0.0773072 0.192739 2.75693 0.00152626
-1.11818 0.0779381 0.194313 2.75522 0.00156256
-1.11492 0.0785742 0.195901 2.7535 0.00159972
-1.11166 0.0792154 0.197502 2.75178 0.00163776
-1.1084 0.0798619 0.199116 2.75006 0.00167669
-1.10514 0.0805137 0.200743 2.74832 0.00171655
-1.10188 0.0811708 0.202383 2.74658 0.00175735
-1.09862 0.0818332 0.204037 2.74484 0.00179912
-1.09536 0.0825011 0.205704 2.74309 0.00184187
-1.0921 0.0831744 0.207385 2.74133 0.00188563
-1.08884 0.0838533 0.20908 2.73957 0.00193043
-1.08558 0.0845376 0.210788 2.7378 0.00197629
-1.08232 0.0852276 0.212511 2.73603 0.00202323
-1.07906 0.0859232 0.214247 2.73424 0.00207128
-1.0758 0.0866245 0.215998 2.73246 0.00212046
-1.07254 0.0873315 0.217763 2.73066 0.00217081
-1.06928 0.0880443 0.219543 2.72886 0.00222235
-1.06602 0.088763 0.221337 2.72705 0.0022751
-1.06276 0.0894875 0.223146 2.72524 0.0023291
-1.0595 0.0902179 0.224969 2.72342 0.00238437
-1.05624 0.0909543 0.226808 2.72159 0.00244095
-1.05298 0.0916967 0.228662 2.71976 0.00249886
-1.04972 0.0924452 0.23053 2.71792 0.00255814
-1.04646 0.0931998 0.232414 2.71608 0.00261881
-1.0432 0.0939605 0.234314 2.71422 0.00268092
-1.03994 0.0947275 0.236229 2.71236 0.0027445
-1.03668 0.0955008 0.238159 2.7105 0.00280957
-1.03342 0.0962803 0.240106 2.70862 0.00287617
-1.03016 0.0970663 0.242068 2.70674 0.00294435
-1.0269 0.0978586 0.244047 2.70486 0.00301413
-1.02364 0.0986575 0.246041 2.70296 0.00308556
-1.02038 0.0994629 0.248052 2.70106 0.00315867
-1.01712 0.100275 0.250079 2.69915 0.0032335
-1.01386 0.101093 0.252123 2.69723 0.00331009
-1.0106 0.101919 0.254184 2.69531 0.00338849
-1.00734 0.102751 0.256261 2.69338 0.00346873
-1.00408 0.10359 0.258356 2.69144 0.00355086
-1.00082 0.104435 0.260467 2.6895 0.00363493
-0.99756 0.105288 0.262596 2.68754 0.00372097
-0.9943 0.106147 0.264742 2.68558 0.00380904
-0.99104 0.107014 0.266906 2.68362 0.00389917
-0.98778 0.107888 0.269087 2.68164 0.00399143
-0.98452 0.108768 0.271286 2.67966 0.00408586
-0.98126 0.109656 0.273503 2.67767 0.0041825
-0.978 0.110552 0.275739 2.67567 0.00428142
-0.97474 0.111454 0.277992 2.67366 0.00438266
-0.97148 0.112364 0.280264 2.67165 0.00448628
-0.96822 0.113282 0.282554 2.66962 0.00459233
-0.96496 0.114206 0.284864 2.66759 0.00470087
-0.9617 0.115139 0.287192 2.66556 0.00481197
-0.95844 0.116079 0.289539 2.66351 0.00492567
-0.95518 0.117027 0.291905 2.66145 0.00504203
-0.95192 0.117982 0.29429 2.65939 0.00516113
-0.94866 0.118945 0.296695 2.65732 0.00528303
-0.9454 0.119917 0.29912 2.65524 0.00540778
-0.94214 0.120896 0.301564 2.65315 0.00553546
-0.93888 0.121883 0.304028 2.65105 0.00566613
-0.93562 0.122878 0.306513 2.64894 0.00579986
-0.93236 0.123881 0.309017 2.64683 0.00593673
-0.9291 0.124893 0.311542 2.6447 0.0060768
-0.92584 0.125913 0.314088 2.64257 0.00622016
-0.92258 0.126941 0.316654 2.64043 0.00636687
-0.91932 0.127977 0.319241 2.63828 0.00651702
-0.91606 0.129022 0.321849 2.63612 0.00667069
-0.9128 0.130076 0.324479 2.63395 0.00682795
-0.90954 0.131138 0.32713 2.63177 0.00698889
-0.90628 0.132209 0.329802 2.62958 0.00715359
-0.90302 0.133288 0.332497 2.62739 0.00732215
-0.89976 0.134377 0.335213 2.62518 0.00749465
-0.8965 0.135474 0.337951 2.62296 0.00767118
-0.89324 0.13658 0.340711 2.62074 0.00785184
-0.88998 0.137695 0.343494 2.6185 0.00803672
-0.88672 0.13882 0.3463 2.61626 0.00822592
-0.88346 0.139953 0.349128 2.614 0.00841954
-0.8802 0.141096 0.351979 2.61174 0.00861768
-0.87694 0.142248 0.354854 2.60946 0.00882045
-0.87368 0.14341 0.357752 2.60717 0.00902795
-0.87042 0.144581 0.360673 2.60488 0.00924029
-0.86716 0.145761 0.363618 2.60257 0.00945758
-0.8639 0.146951 0.366587 2.60025 0.00967995
-0.86064 0.148151 0.36958 2.59793 0.0099075
-0.85738 0.149361 0.372597 2.59559 0.0101403
-0.85412 0.150581 0.375639 2.59324 0.0103786
-0.85086 0.15181 0.378705 2.59088 0.0106225
-0.8476 0.15305 0.381796 2.58851 0.010872
-0.84434 0.1543 0.384912 2.58613 0.0111273
-0.84108 0.15556 0.388053 2.58373 0.0113886
-0.83782 0.15683 0.39122 2.58133 0.0116559
-0.83456 0.15811 0.394412 2.57891 0.0119295
-0.8313 0.159401 0.39763 2.57649 0.0122094
-0.82804 0.160703 0.400875 2.57405 0.0124959
-0.82478 0.162015 0.404145 2.5716 0.012789
-0.82152 0.163338 0.407441 2.56913 0.0130889
-0.81826 0.164672 0.410765 2.56666 0.0133958
-0.815 0.166016 0.414114 2.56417 0.0137098
-0.81174 0.167372 0.417491 2.56168 0.0140312
-0.80848 0.168738 0.420896 2.55917 0.0143599
-0.80522 0.170116 0.424327 2.55664 0.0146963
-0.80196 0.171505 0.427786 2.55411 0.0150406
-0.7987 0.172905 0.431273 2.55156 0.0153928
-0.79544 0.174317 0.434788 2.549 0.0157532
-0.79218 0.17574 0.438331 2.54642 0.0161219
-0.78892 0.177175 0.441902 2.54384 0.0164992
-0.78566 0.178621 0.445502 2.54124 0.0168852
-0.7824 0.18008 0.449131 2.53862 0.0172802
-0.77914 0.18155 0.452789 2.536 0.0176843
-0.77588 0.183032 0.456477 2.53335 0.0180978
-0.77262 0.184526 0.460193 2.5307 0.0185209
-0.76936 0.186032 0.46394 2.52803 0.0189537
-0.7661 0.187551 0.467716 2.52535 0.0193966
-0.76284 0.189082 0.471522 2.52265 0.0198497
-0.75958 0.190625 0.475359 2.51994 0.0203133
-0.75632 0.192181 0.479226 2.51722 0.0207876
-0.75306 0.19375 0.483124 2.51448 0.0212728
-0.7498 0.195331 0.487053 2.51173 0.0217693
-0.74654 0.196925 0.491013 2.50896 0.0222772
-0.74328 0.198533 0.495005 2.50617 0.0227969
-0.74002 0.200153 0.499028 2.50337 0.0233286
-0.73676 0.201786 0.503083 2.50056 0.0238725
-0.7335 0.203433 0.50717 2.49773 0.024429
-0.73024 0.205093 0.511289 2.49488 0.0249983
-0.72698 0.206767 0.515441 2.49202 0.0255807
-0.72372 0.208454 0.519625 2.48914 0.0261766
-0.72046 0.210155 0.523843 2.48625 0.0267862
-0.7172 0.211869 0.528093 2.48334 0.0274098
-0.71394 0.213598 0.532377 2.48041 0.0280478
-0.71068 0.21534 0.536694 2.47747 0.0287005
-0.70742 0.217097 0.541046 2.47451 0.0293682
-0.70416 0.218868 0.545431 2.47153 0.0300512
-0.7009 0.220653 0.54985 2.46853 0.03075
-0.69764 0.222453 0.554304 2.46552 0.0314648
-0.69438 0.224267 0.558793 2.46249 0.032196
-0.69112 0.226096 0.563316 2.45944 0.0329441
-0.68786 0.22794 0.567875 2.45637 0.0337093
-0.6846 0.229799 0.572469 2.45329 0.0344921
-0.68134 0.231673 0.577098 2.45018 0.0352928
-0.67808 0.233562 0.581763 2.44706 0.0361119
-0.67482 0.235466 0.586464 2.44392 0.0369498
-0.67156 0.237386 0.591202 2.44076 0.0378069
-0.6683 0.239321 0.595975 2.43757 0.0386837
-0.66504 0.241271 0.600785 2.43437 0.0395805
-0.66178 0.243238 0.605632 2.43115 0.0404979
-0.65852 0.24522 0.610516 2.42791 0.0414363
-0.65526 0.247218 0.615437 2.42465 0.0423962
-0.652 0.249233 0.620396 2.42137 0.043378
-0.64874 0.251263 0.625392 2.41806 0.0443822
-0.64548 0.25331 0.630426 2.41474 0.0454095
-0.64222 0.255374 0.635498 2.41139 0.0464602
-0.63896 0.257454 0.640608 2.40802 0.0475349
-0.6357 0.259551 0.645757 2.40463 0.0486341
-0.63244 0.261664 0.650944 2.40122 0.0497585
-0.62918 0.263795 0.65617 2.39778 0.0509085
-0.62592 0.265943 0.661434 2.39432 0.0520847
-0.62266 0.268107 0.666738 2.39084 0.0532878
-0.6194 0.27029 0.672082 2.38733 0.0545183
-0.61614 0.272489 0.677464 2.3838 0.0557768
-0.61288 0.274707 0.682886 2.38025 0.057064
-0.60962 0.276942 0.688349 2.37667 0.0583805
-0.60636 0.279195 0.693851 2.37307 0.059727
-0.6031 0.281466 0.699393 2.36944 0.0611041
-0.59984 0.283755 0.704975 2.36578 0.0625125
-0.59658 0.286062 0.710598 2.3621 0.063953
-0.59332 0.288388 0.716261 2.35839 0.0654261
-0.59006 0.290732 0.721966 2.35466 0.0669328
-0.5868 0.293095 0.727711 2.3509 0.0684737
-0.58354 0.295477 0.733496 2.34711 0.0700495
-0.58028 0.297878 0.739324 2.34329 0.0716612
-0.57702 0.300298 0.745192 2.33944 0.0733093
-0.57376 0.302737 0.751101 2.33557 0.0749949
-0.5705 0.305195 0.757052 2.33167 0.0767186
-0.56724 0.307673 0.763045 2.32773 0.0784815
-0.56398 0.31017 0.769079 2.32377 0.0802842
-0.56072 0.312687 0.775154 2.31978 0.0821278
-0.55746 0.315224 0.781272 2.31575 0.0840131
-0.5542 0.317781 0.787431 2.31169 0.085941
-0.55094 0.320358 0.793632 2.30761 0.0879125
-0.54768 0.322955 0.799875 2.30348 0.0899286
-0.54442 0.325573 0.80616 2.29933 0.0919903
-0.54116 0.328212 0.812487 2.29514 0.0940985
-0.5379 0.330871 0.818856 2.29092 0.0962543
-0.53464 0.333551 0.825267 2.28666 0.0984588
-0.53138 0.336252 0.83172 2.28237 0.100713
-0.52812 0.338974 0.838214 2.27805 0.103018
-0.52486 0.341717 0.844751 2.27368 0.105375
-0.5216 0.344481 0.85133 2.26928 0.107785
-0.51834 0.347267 0.85795 2.26484 0.11025
-0.51508 0.350075 0.864612 2.26037 0.11277
-0.51182 0.352905 0.871316 2.25585 0.115346
-0.50856 0.355756 0.878062 2.2513 0.117981
-0.5053 0.35863 0.884849 2.2467 0.120675
-0.50204 0.361526 0.891677 2.24207 0.123429
-0.49878 0.364444 0.898547 2.23739 0.126245
-0.49552 0.367384 0.905457 2.23267 0.129125
-0.49226 0.370347 0.912409 2.22791 0.132069
-0.489 0.373333 0.919401 2.2231 0.135079
-0.48574 0.376342 0.926433 2.21825 0.138157
-0.48248 0.379373 0.933506 2.21335 0.141304
-0.47922 0.382428 0.940619 2.20841 0.144521
-0.47596 0.385506 0.947771 2.20342 0.14781
-0.4727 0.388608 0.954963 2.19838 0.151174
-0.46944 0.391733 0.962194 2.19329 0.154612
-0.46618 0.394881 0.969464 2.18815 0.158127
-0.46292 0.398054 0.976772 2.18296 0.161721
-0.45966 0.40125 0.984118 2.17772 0.165395
-0.4564 0.40447 0.991501 2.17243 0.169152
-0.45314 0.407715 0.998922 2.16708 0.172992
-0.44988 0.410983 1.00638 2.16168 0.176918
-0.44662 0.414276 1.01387 2.15622 0.180931
-0.44336 0.417594 1.0214 2.1507 0.185034
-0.4401 0.420936 1.02897 2.14513 0.189229
-0.43684 0.424303 1.03656 2.13949 0.193517
-0.43358 0.427694 1.0442 2.1338 0.197901
-0.43032 0.431111 1.05186 2.12804 0.202382
-0.42706 0.434552 1.05956 2.12222 0.206963
-0.4238 0.438019 1.06729 2.11633 0.211645
-0.42054 0.441511 1.07505 2.11037 0.216432
-0.41728 0.445028 1.08284 2.10435 0.221326
-0.41402 0.448571 1.09066 2.09826 0.226327
-0.41076 0.45214 1.09851 2.0921 0.23144
-0.4075 0.455734 1.10639 2.08586 0.236667
-0.40424 0.459353 1.11429 2.07955 0.242009
-0.40098 0.462999 1.12222 2.07317 0.24747
-0.39772 0.46667 1.13017 2.0667 0.253051
-0.39446 0.470368 1.13815 2.06016 0.258756
-0.3912 0.474091 1.14615 2.05353 0.264588
-0.38794 0.477841 1.15417 2.04682 0.270548
-0.38468 0.481616 1.16221 2.04002 0.27664
-0.38142 0.485418 1.17027 2.03314 0.282866
-0.37816 0.489246 1.17835 2.02616 0.28923
-0.3749 0.493101 1.18644 2.01909 0.295734
-0.37164 0.496982 1.19454 2.01193 0.302382
-0.36838 0.500889 1.20266 2.00467 0.309176
-0.36512 0.504823 1.21079 1.99731 0.316119
-0.36186 0.508784 1.21893 1.98984 0.323215
-0.3586 0.512771 1.22708 1.98227 0.330467
-0.35534 0.516784 1.23523 1.97459 0.337878
-0.35208 0.520825 1.24339 1.96679 0.345452
-0.34882 0.524891 1.25155 1.95888 0.353191
-0.34556 0.528985 1.25971 1.95085 0.3611
-0.3423 0.533105 1.26786 1.9427 0.369181
-0.33904 0.537251 1.27602 1.93443 0.377439
-0.33578 0.541424 1.28416 1.92602 0.385877
-0.33252 0.545624 1.2923 1.91748 0.394499
-0.32926 0.54985 1.30043 1.90879 0.403309
-0.326 0.554103 1.30854 1.89997 0.412309
-0.32274 0.558382 1.31663 1.891 0.421505
-0.31948 0.562687 1.32471 1.88187 0.4309
-0.31622 0.567019 1.33276 1.87259 0.440498
-0.31296 0.571377 1.34078 1.86315 0.450303
-0.3097 0.575761 1.34878 1.85353 0.460319
-0.30644 0.580171 1.35675 1.84374 0.47055
-0.30318 0.584607 1.36468 1.83377 0.481
-0.29992 0.589068 1.37257 1.82361 0.491674
-0.29666 0.593556 1.38042 1.81326 0.502575
-0.2934 0.598069 1.38822 1.8027 0.513707
-0.29014 0.602607 1.39597 1.79193 0.525075
-0.28688 0.60717 1.40366 1.78095 0.536683
-0.28362 0.611759 1.4113 1.76973 0.548535
-0.28036 0.616372 1.41887 1.75828 0.560635
-0.2771 0.62101 1.42637 1.74658 0.572986
-0.27384 0.625672 1.4338 1.73463 0.585593
-0.27058 0.630358 1.44114 1.7224 0.59846
-0.26732 0.635068 1.4484 1.7099 0.611589
-0.26406 0.639801 1.45557 1.6971 0.624986
-0.2608 0.644558 1.46264 1.68399 0.638651
-0.25754 0.649338 1.4696 1.67056 0.652589
-0.25428 0.65414 1.47645 1.65679 0.666803
-0.25102 0.658964 1.48318 1.64267 0.681294
-0.24776 0.66381 1.48978 1.62818 0.696064
-0.2445 0.668677 1.49624 1.61329 0.711114
-0.24124 0.673565 1.50256 1.598 0.726446
-0.23798 0.678474 1.50871 1.58227 0.742059
-0.23472 0.683402 1.5147 1.56608 0.757951
-0.23146 0.688349 1.5205 1.54941 0.774122
-0.2282 0.693315 1.52611 1.53222 0.790567
-0.22494 0.698299 1.53152 1.5145 0.807283
-0.22168 0.703301 1.53669 1.4962 0.824262
-0.21842 0.708318 1.54163 1.4773 0.841497
-0.21516 0.713352 1.54631 1.45775 0.858978
-0.2119 0.7184 1.5507 1.43752 0.876692
-0.20864 0.723462 1.5548 1.41655 0.894622
-0.20538 0.728537 1.55857 1.39481 0.912749
-0.20212 0.733624 1.56198 1.37225 0.931051
-0.19886 0.738721 1.56502 1.3488 0.9495
-0.1956 0.743827 1.56764 1.32441 0.968061
-0.19234 0.748941 1.56981 1.29901 0.986696
-0.18908 0.754062 1.57149 1.27255 1.00536
-0.18582 0.759187 1.57264 1.24494 1.024
-0.18256 0.764315 1.57321 1.21612 1.04254
-0.1793 0.769443 1.57315 1.186 1.06093
-0.17604 0.774571 1.57241 1.1545 1.07908
-0.17278 0.779695 1.57094 1.12155 1.09689
-0.16952 0.784812 1.56866 1.08705 1.11425
-0.16626 0.789921 1.56553 1.05093 1.13106
-0.163 0.795019 1.56147 1.01313 1.14718
-0.15974 0.800101 1.55644 0.973561 1.16248
-0.15648 0.805166 1.55039 0.93219 1.17682
-0.15322 0.810208 1.54325 0.888983 1.19004
-0.14996 0.815226 1.53502 0.843931 1.202
-0.1467 0.820216 1.52566 0.797056 1.21256
-0.14344 0.825172 1.51519 0.748411 1.22161
-0.14018 0.830093 1.50364 0.698085 1.22904
-0.13692 0.834975 1.49106 0.646201 1.23477
-0.13366 0.839814 1.47754 0.592914 1.23878
-0.1304 0.844608 1.46317 0.538408 1.24105
-0.12714 0.849353 1.44809 0.482886 1.24162
-0.12388 0.854049 1.43243 0.426562 1.24055
-0.12062 0.858692 1.41633 0.369653 1.23795
-0.11736 0.863283 1.39994 0.312369 1.23394
-0.1141 0.86782 1.38339 0.254905 1.22865
-0.11084 0.872302 1.36682 0.197438 1.22222
-0.10758 0.876731 1.35034 0.140123 1.21479
-0.10432 0.881107 1.33403 0.0830888 1.20651
-0.10106 0.88543 1.31799 0.0264434 1.19752
-0.0978 0.8897 1.30227 -0.0297282 1.18792
-0.09454 0.893921 1.28692 -0.0853603 1.17784
-0.09128 0.898092 1.27197 -0.140404 1.16738
-0.08802 0.902214 1.25746 -0.194826 1.15661
-0.08476 0.906291 1.24338 -0.248603 1.14562
-0.0815 0.910322 1.22976 -0.301723 1.13448
-0.07824 0.914309 1.21657 -0.35418 1.12323
-0.07498 0.918254 1.20383 -0.405975 1.11193
-0.07172 0.922159 1.19152 -0.457114 1.10061
-0.06846 0.926024 1.17962 -0.507606 1.08932
-0.0652 0.92985 1.16813 -0.55746 1.07807
-0.06194 0.93364 1.15702 -0.60669 1.06689
-0.05868 0.937394 1.14629 -0.65531 1.0558
-0.05542 0.941114 1.13591 -0.703334 1.04482
-0.05216 0.944801 1.12587 -0.750777 1.03396
-0.0489 0.948455 1.11616 -0.797654 1.02322
-0.04564 0.952079 1.10675 -0.84398 1.01262
-0.04238 0.955672 1.09763 -0.889769 1.00216
-0.03912 0.959236 1.08879 -0.935037 0.991849
-0.03586 0.962771 1.08022 -0.979795 0.981688
-0.0326 0.966279 1.07189 -1.02406 0.97168
-0.02934 0.96976 1.06381 -1.06784 0.961825
-0.02608 0.973215 1.05595 -1.11115 0.952126
-0.02282 0.976645 1.0483 -1.15401 0.942581
-0.01956 0.98005 1.04086 -1.19642 0.933189
-0.0163 0.983432 1.03362 -1.23839 0.923951
-0.01304 0.98679 1.02656 -1.27995 0.914865
-0.00978 0.990125 1.01967 -1.32108 0.905928
-0.00652 0.993438 1.01296 -1.36182 0.89714
-0.00326 0.99673 1.0064 -1.40215 0.888498
0 1 1 -1.44211 0.88
0.0224 1.02194 0.959653 -1.70687 0.825306
0.0448 1.04303 0.924514 -1.95623 0.776481
0.0672 1.06339 0.893403 -2.1921 0.732733
0.0896 1.08308 0.865507 -2.41601 0.693357
0.112 1.10218 0.840247 -2.62923 0.657757
0.1344 1.12074 0.817197 -2.83281 0.625426
0.1568 1.1388 0.796029 -3.02766 0.595943
0.1792 1.15641 0.776491 -3.21453 0.568952
0.2016 1.1736 0.758375 -3.39411 0.544153
0.224 1.1904 0.741516 -3.56698 0.521291
0.2464 1.20683 0.725774 -3.73366 0.500149
0.2688 1.22292 0.711031 -3.89461 0.480542
0.2912 1.23869 0.697188 -4.05024 0.462309
0.3136 1.25416 0.684158 -4.20092 0.445312
0.336 1.26935 0.671866 -4.34697 0.42943
0.3584 1.28426 0.660249 -4.48869 0.414558
0.3808 1.29893 0.649247 -4.62635 0.400602
0.4032 1.31336 0.638811 -4.76019 0.387481
0.4256 1.32755 0.628895 -4.89045 0.375123
0.448 1.34153 0.619459 -5.01731 0.363463
0.4704 1.35531 0.610467 -5.14098 0.352445
0.4928 1.36889 0.601887 -5.26162 0.342018
0.5152 1.38228 0.59369 -5.37938 0.332135
0.5376 1.39549 0.585848 -5.49442 0.322756
0.56 1.40852 0.578339 -5.60687 0.313842
0.5824 1.4214 0.57114 -5.71685 0.305362
0.6048 1.43411 0.564232 -5.82449 0.297284
0.6272 1.44668 0.557596 -5.92988 0.289581
0.6496 1.4591 0.551215 -6.03313 0.282227
0.672 1.47137 0.545076 -6.13433 0.275199
0.6944 1.48352 0.539162 -6.23357 0.268477
0.7168 1.49553 0.533462 -6.33093 0.262041
0.7392 1.50742 0.527963 -6.4265 0.255874
0.7616 1.51918 0.522654 -6.52033 0.24996
0.784 1.53083 0.517526 -6.6125 0.244282
0.8064 1.54237 0.512568 -6.70308 0.238829
0.8288 1.5538 0.507772 -6.79212 0.233586
0.8512 1.56512 0.50313 -6.87968 0.228542
0.8736 1.57634 0.498633 -6.96581 0.223687
0.896 1.58746 0.494275 -7.05057 0.219009
0.9184 1.59848 0.490049 -7.134 0.2145
0.9408 1.60941 0.485949 -7.21615 0.210151
0.9632 1.62025 0.481969 -7.29706 0.205953
0.9856 1.63101 0.478103 -7.37677 0.2019
1.008 1.64167 0.474347 -7.45533 0.197983
1.0304 1.65226 0.470695 -7.53276 0.194196
1.0528 1.66276 0.467142 -7.6091 0.190533
1.0752 1.67319 0.463686 -7.68439 0.186988
1.0976 1.68354 0.460321 -7.75867 0.183556
1.12 1.69381 0.457044 -7.83194 0.180231
1.1424 1.70401 0.453851 -7.90426 0.177009
1.1648 1.71414 0.450738 -7.97565 0.173885
1.1872 1.72421 0.447703 -8.04612 0.170854
1.2096 1.7342 0.444743 -8.11572 0.167913
1.232 1.74413 0.441855 -8.18446 0.165058
1.2544 1.754 0.439035 -8.25236 0.162285
1.2768 1.7638 0.436281 -8.31945 0.159591
1.2992 1.77354 0.433592 -8.38576 0.156972
1.3216 1.78323 0.430964 -8.45129 0.154426
1.344 1.79285 0.428395 -8.51607 0.15195
1.3664 1.80242 0.425883 -8.58013 0.14954
1.3888 1.81193 0.423426 -8.64347 0.147195
1.4112 1.82139 0.421023 -8.70611 0.144912
1.4336 1.83079 0.418671 -8.76808 0.142688
1.456 1.84014 0.416369 -8.82939 0.140522
1.4784 1.84945 0.414114 -8.89005 0.13841
1.5008 1.8587 0.411906 -8.95008 0.136352
1.5232 1.8679 0.409743 -9.00949 0.134345
1.5456 1.87705 0.407623 -9.0683 0.132387
1.568 1.88616 0.405546 -9.12652 0.130477
1.5904 1.89522 0.403509 -9.18417 0.128613
1.6128 1.90424 0.401511 -9.24125 0.126794
1.6352 1.91321 0.399552 -9.29779 0.125017
1.6576 1.92214 0.39763 -9.35378 0.123282
1.68 1.93102 0.395743 -9.40925 0.121586
1.7024 1.93987 0.393892 -9.4642 0.11993
1.7248 1.94867 0.392074 -9.51865 0.118311
1.7472 1.95743 0.390289 -9.5726 0.116728
1.7696 1.96616 0.388536 -9.62606 0.11518
1.792 1.97484 0.386814 -9.67905 0.113667
1.8144 1.98349 0.385122 -9.73158 0.112186
1.8368 1.99209 0.383459 -9.78364 0.110737
1.8592 2.00067 0.381825 -9.83526 0.109319
1.8816 2.0092 0.380218 -9.88644 0.107931
1.904 2.0177 0.378638 -9.93719 0.106572
1.9264 2.02616 0.377085 -9.98752 0.105241
1.9488 2.03459 0.375557 -10.0374 0.103938
1.9712 2.04299 0.374053 -10.0869 0.102661
1.9936 2.05135 0.372574 -10.136 0.10141
2.016 2.05968 0.371118 -10.1847 0.100184
2.0384 2.06798 0.369685 -10.2331 0.0989827
2.0608 2.07624 0.368275 -10.281 0.0978047
2.0832 2.08448 0.366886 -10.3286 0.0966498
2.1056 2.09268 0.365518 -10.3758 0.0955172
2.128 2.10085 0.364172 -10.4226 0.0944063
2.1504 2.10899 0.362845 -10.4691 0.0933166
2.1728 2.11711 0.361538 -10.5153 0.0922474
2.1952 2.12519 0.36025 -10.5611 0.0911983
2.2176 2.13325 0.358981 -10.6065 0.0901686
2.24 2.14127 0.35773 -10.6517 0.089158
2.2624 2.14927 0.356498 -10.6965 0.0881658
2.2848 2.15724 0.355282 -10.741 0.0871916
2.3072 2.16519 0.354084 -10.7852 0.086235
2.3296 2.17311 0.352902 -10.829 0.0852954
2.352 2.181 0.351737 -10.8726 0.0843725
2.3744 2.18887 0.350587 -10.9158 0.0834658
2.3968 2.19671 0.349454 -10.9588 0.082575
2.4192 2.20452 0.348335 -11.0015 0.0816996
2.4416 2.21231 0.347231 -11.0439 0.0808393
2.464 2.22008 0.346142 -11.086 0.0799937
2.4864 2.22782 0.345067 -11.1278 0.0791624
2.5088 2.23554 0.344006 -11.1693 0.0783451
2.5312 2.24323 0.342958 -11.2106 0.0775415
2.5536 2.2509 0.341924 -11.2516 0.0767512
2.576 2.25855 0.340903 -11.2924 0.075974
2.5984 2.26617 0.339895 -11.3329 0.0752094
2.6208 2.27378 0.338899 -11.3731 0.0744574
2.6432 2.28136 0.337916 -11.4131 0.0737174
2.6656 2.28891 0.336945 -11.4528 0.0729893
2.688 2.29645 0.335985 -11.4923 0.0722729
2.7104 2.30397 0.335037 -11.5316 0.0715677
2.7328 2.31146 0.3341 -11.5706 0.0708737
2.7552 2.31893 0.333174 -11.6094 0.0701905
2.7776 2.32639 0.33226 -11.6479 0.0695179
2.8 2.33382 0.331356 -11.6862 0.0688557
2.8224 2.34123 0.330462 -11.7243 0.0682036
2.8448 2.34862 0.329578 -11.7622 0.0675615
2.8672 2.356 0.328705 -11.7999 0.066929
2.8896 2.36335 0.327842 -11.8373 0.0663061
2.912 2.37068 0.326988 -11.8745 0.0656925
2.9344 2.378 0.326144 -11.9115 0.065088
2.9568 2.3853 0.325309 -11.9483 0.0644924
2.9792 2.39257 0.324483 -11.9849 0.0639056
3.0016 2.39983 0.323666 -12.0213 0.0633273
3.024 2.40707 0.322858 -12.0575 0.0627574
3.0464 2.4143 0.322059 -12.0935 0.0621957
3.0688 2.4215 0.321268 -12.1293 0.061642
3.0912 2.42869 0.320485 -12.1649 0.0610962
3.1136 2.43586 0.319711 -12.2003 0.0605582
3.136 2.44301 0.318945 -12.2355 0.0600277
3.1584 2.45015 0.318186 -12.2705 0.0595047
3.1808 2.45727 0.317436 -12.3054 0.0589889
3.2032 2.46437 0.316693 -12.34 0.0584803
3.2256 2.47146 0.315958 -12.3745 0.0579787
3.248 2.47853 0.31523 -12.4088 0.0574839
3.2704 2.48558 0.314509 -12.443 0.0569958
3.2928 2.49262 0.313795 -12.4769 0.0565144
3.3152 2.49964 0.313089 -12.5107 0.0560394
3.3376 2.50664 0.312389 -12.5443 0.0555708
3.36 2.51363 0.311697 -12.5778 0.0551085
3.3824 2.52061 0.31101 -12.611 0.0546522
3.4048 2.52756 0.310331 -12.6441 0.054202
3.4272 2.53451 0.309658 -12.6771 0.0537576
3.4496 2.54144 0.308991 -12.7099 0.0533191
3.472 2.54835 0.308331 -12.7425 0.0528862
3.4944 2.55525 0.307676 -12.775 0.0524589
3.5168 2.56214 0.307028 -12.8073 0.0520371
3.5392 2.56901 0.306386 -12.8394 0.0516207
3.5616 2.57586 0.305749 -12.8714 0.0512096
3.584 2.5827 0.305119 -12.9033 0.0508036
3.6064 2.58953 0.304494 -12.935 0.0504028
3.6288 2.59634 0.303875 -12.9666 0.0500069
3.6512 2.60314 0.303261 -12.998 0.049616
3.6736 2.60993 0.302653 -13.0292 0.0492299
3.696 2.6167 0.30205 -13.0604 0.0488486
3.7184 2.62346 0.301452 -13.0913 0.048472
3.7408 2.63021 0.300859 -13.1222 0.0480999
3.7632 2.63694 0.300272 -13.1529 0.0477324
3.7856 2.64366 0.29969 -13.1834 0.0473693
3.808 2.65037 0.299112 -13.2139 0.0470106
3.8304 2.65706 0.29854 -13.2442 0.0466562
3.8528 2.66374 0.297972 -13.2743 0.0463059
3.8752 2.67041 0.297409 -13.3043 0.0459599
3.8976 2.67707 0.296851 -13.3342 0.0456179
3.92 2.68371 0.296298 -13.364 0.0452799
3.9424 2.69034 0.295748 -13.3936 0.0449459
3.9648 2.69696 0.295204 -13.4231 0.0446158
3.9872 2.70357 0.294664 -13.4525 0.0442895
4.0096 2.71016 0.294128 -13.4818 0.0439669
4.032 2.71674 0.293597 -13.5109 0.0436481
4.0544 2.72331 0.29307 -13.5399 0.0433329
4.0768 2.72987 0.292547 -13.5688 0.0430213
4.0992 2.73642 0.292028 -13.5975 0.0427132
4.1216 2.74295 0.291513 -13.6262 0.0424086
4.144 2.74948 0.291002 -13.6547 0.0421074
4.1664 2.75599 0.290495 -13.6831 0.0418095
4.1888 2.76249 0.289993 -13.7114 0.041515
4.2112 2.76898 0.289494 -13.7396 0.0412237
4.2336 2.77546 0.288998 -13.7676 0.0409357
4.256 2.78193 0.288507 -13.7956 0.0406508
4.2784 2.78839 0.288019 -13.8234 0.040369
4.3008 2.79483 0.287535 -13.8512 0.0400903
4.3232 2.80127 0.287055 -13.8788 0.0398146
4.3456 2.80769 0.286578 -13.9063 0.0395419
4.368 2.81411 0.286104 -13.9337 0.0392721
4.3904 2.82051 0.285635 -13.961 0.0390052
4.4128 2.8269 0.285168 -13.9881 0.0387412
4.4352 2.83329 0.284705 -14.0152 0.0384799
4.4576 2.83966 0.284245 -14.0422 0.0382214
4.48 2.84602 0.283789 -14.0691 0.0379657
4.5024 2.85237 0.283336 -14.0958 0.0377126
4.5248 2.85871 0.282886 -14.1225 0.0374621
4.5472 2.86505 0.282439 -14.1491 0.0372143
4.5696 2.87137 0.281996 -14.1755 0.036969
4.592 2.87768 0.281555 -14.2019 0.0367263
4.6144 2.88398 0.281118 -14.2281 0.036486
4.6368 2.89027 0.280683 -14.2543 0.0362482
4.6592 2.89656 0.280252 -14.2804 0.0360129
4.6816 2.90283 0.279823 -14.3064 0.0357799
4.704 2.90909 0.279398 -14.3322 0.0355493
4.7264 2.91535 0.278975 -14.358 0.035321
4.7488 2.92159 0.278556 -14.3837 0.035095
4.7712 2.92783 0.278139 -14.4093 0.0348712
4.7936 2.93405 0.277724 -14.4348 0.0346497
4.816 2.94027 0.277313 -14.4602 0.0344304
4.8384 2.94647 0.276904 -14.4855 0.0342132
4.8608 2.95267 0.276498 -14.5108 0.0339982
4.8832 2.95886 0.276095 -14.5359 0.0337853
4.9056 2.96504 0.275694 -14.5609 0.0335745
4.928 2.97121 0.275296 -14.5859 0.0333657
4.9504 2.97738 0.274901 -14.6108 0.033159
4.9728 2.98353 0.274508 -14.6356 0.0329542
4.9952 2.98967 0.274117 -14.6603 0.0327514
5.0176 2.99581 0.273729 -14.6849 0.0325506
5.04 3.00194 0.273344 -14.7094 0.0323517
5.0624 3.00805 0.272961 -14.7339 0.0321546
5.0848 3.01416 0.27258 -14.7582 0.0319595
5.1072 3.02027 0.272202 -14.7825 0.0317662
5.1296 3.02636 0.271826 -14.8067 0.0315747
5.152 3.03244 0.271452 -14.8308 0.031385
5.1744 3.03852 0.271081 -14.8548 0.031197
5.1968 3.04459 0.270712 -14.8788 0.0310109
5.2192 3.05065 0.270345 -14.9027 0.0308264
5.2416 3.0567 0.26998 -14.9264 0.0306437
5.264 3.06274 0.269618 -14.9502 0.0304626
5.2864 3.06878 0.269258 -14.9738 0.0302833
5.3088 3.07481 0.268899 -14.9973 0.0301055
5.3312 3.08083 0.268544 -15.0208 0.0299294
5.3536 3.08684 0.26819 -15.0442 0.0297549
5.376 3.09284 0.267838 -15.0675 0.0295819
5.3984 3.09884 0.267488 -15.0908 0.0294105
5.4208 3.10482 0.267141 -15.114 0.0292407
5.4432 3.1108 0.266795 -15.1371 0.0290724
5.4656 3.11678 0.266451 -15.1601 0.0289056
5.488 3.12274 0.26611 -15.183 0.0287402
5.5104 3.1287 0.26577 -15.2059 0.0285764
5.5328 3.13465 0.265433 -15.2287 0.028414
5.5552 3.14059 0.265097 -15.2515 0.028253
5.5776 3.14652 0.264763 -15.2741 0.0280934
5.6 3.15245 0.264431 -15.2967 0.0279353
5.6224 3.15837 0.264101 -15.3192 0.0277785
5.6448 3.16428 0.263772 -15.3417 0.0276231
5.6672 3.17019 0.263446 -15.3641 0.027469
5.6896 3.17609 0.263121 -15.3864 0.0273162
5.712 3.18198 0.262798 -15.4086 0.0271648
5.7344 3.18786 0.262477 -15.4308 0.0270147
5.7568 3.19373 0.262158 -15.4529 0.0268659
5.7792 3.1996 0.261841 -15.4749 0.0267183
5.8016 3.20546 0.261525 -15.4969 0.026572
5.824 3.21132 0.261211 -15.5188 0.0264269
5.8464 3.21717 0.260898 -15.5407 0.0262831
5.8688 3.22301 0.260587 -15.5624 0.0261404
5.8912 3.22884 0.260278 -15.5841 0.025999
5.9136 3.23467 0.259971 -15.6058 0.0258587
5.936 3.24049 0.259665 -15.6274 0.0257197
5.9584 3.2463 0.259361 -15.6489 0.0255817
5.9808 3.25211 0.259058 -15.6703 0.025445
6.0032 3.25791 0.258757 -15.6917 0.0253093
6.0256 3.2637 0.258457 -15.713 0.0251748
6.048 3.26949 0.258159 -15.7343 0.0250413
6.0704 3.27527 0.257863 -15.7555 0.024909
6.0928 3.28104 0.257568 -15.7766 0.0247778
6.1152 3.2868 0.257275 -15.7977 0.0246476
6.1376 3.29256 0.256983 -15.8187 0.0245185
6.16 3.29832 0.256693 -15.8397 0.0243904
6.1824 3.30406 0.256404 -15.8606 0.0242633
6.2048 3.3098 0.256116 -15.8814 0.0241373
6.2272 3.31554 0.25583 -15.9022 0.0240123
6.2496 3.32127 0.255546 -15.9229 0.0238883
6.272 3.32699 0.255262 -15.9436 0.0237652
6.2944 3.3327 0.254981 -15.9642 0.0236432
6.3168 3.33841 0.2547 -15.9847 0.0235221
6.3392 3.34411 0.254421 -16.0052 0.023402
6.3616 3.34981 0.254144 -16.0256 0.0232828
6.384 3.3555 0.253867 -16.046 0.0231646
6.4064 3.36118 0.253592 -16.0663 0.0230473
6.4288 3.36686 0.253319 -16.0866 0.0229309
6.4512 3.37253 0.253047 -16.1068 0.0228154
6.4736 3.37819 0.252776 -16.1269 0.0227008
6.496 3.38385 0.252506 -16.147 0.0225871
6.5184 3.38951 0.252238 -16.1671 0.0224742
6.5408 3.39515 0.251971 -16.187 0.0223623
6.5632 3.4008 0.251705 -16.207 0.0222512
6.5856 3.40643 0.25144 -16.2268 0.0221409
6.608 3.41206 0.251177 -16.2467 0.0220315
6.6304 3.41768 0.250915 -16.2664 0.0219229
6.6528 3.4233 0.250654 -16.2861 0.0218152
6.6752 3.42891 0.250394 -16.3058 0.0217083
6.6976 3.43452 0.250136 -16.3254 0.0216021
6.72 3.44012 0.249878 -16.345 0.0214968
6.7424 3.44571 0.249622 -16.3645 0.0213923
6.7648 3.4513 0.249367 -16.3839 0.0212885
6.7872 3.45688 0.249114 -16.4033 0.0211855
6.8096 3.46246 0.248861 -16.4227 0.0210833
6.832 3.46803 0.24861 -16.442 0.0209819
6.8544 3.4736 0.248359 -16.4612 0.0208812
6.8768 3.47916 0.24811 -16.4804 0.0207812
6.8992 3.48472 0.247862 -16.4996 0.020682
6.9216 3.49026 0.247615 -16.5187 0.0205835
6.944 3.49581 0.247369 -16.5377 0.0204857
6.9664 3.50135 0.247125 -16.5567 0.0203886
6.9888 3.50688 0.246881 -16.5757 0.0202923
7.0112 3.51241 0.246638 -16.5946 0.0201966
7.0336 3.51793 0.246397 -16.6134 0.0201017
7.056 3.52345 0.246156 -16.6323 0.0200074
7.0784 3.52896 0.245917 -16.651 0.0199138
7.1008 3.53446 0.245678 -16.6697 0.0198209
7.1232 3.53996 0.245441 -16.6884 0.0197286
7.1456 3.54546 0.245205 -16.707 0.019637
7.168 3.55095 0.244969 -16.7256 0.0195461
7.1904 3.55643 0.244735 -16.7441 0.0194558
7.2128 3.56191 0.244502 -16.7626 0.0193662
7.2352 3.56739 0.244269 -16.781 0.0192771
7.2576 3.57286 0.244038 -16.7994 0.0191887
7.28 3.57832 0.243808 -16.8177 0.019101
7.3024 3.58378 0.243578 -16.836 0.0190138
7.3248 3.58923 0.24335 -16.8543 0.0189273
7.3472 3.59468 0.243122 -16.8725 0.0188414
7.3696 3.60012 0.242896 -16.8907 0.018756
7.392 3.60556 0.24267 -16.9088 0.0186713
7.4144 3.611 0.242445 -16.9269 0.0185871
7.4368 3.61642 0.242222 -16.9449 0.0185035
7.4592 3.62185 0.241999 -16.9629 0.0184205
7.4816 3.62727 0.241777 -16.9808 0.0183381
7.504 3.63268 0.241556 -16.9987 0.0182563
7.5264 3.63809 0.241336 -17.0166 0.018175
7.5488 3.64349 0.241117 -17.0344 0.0180942
7.5712 3.64889 0.240898 -17.0522 0.018014
7.5936 3.65428 0.240681 -17.0699 0.0179344
7.616 3.65967 0.240464 -17.0876 0.0178553
7.6384 3.66506 0.240249 -17.1052 0.0177767
7.6608 3.67043 0.240034 -17.1228 0.0176986
7.6832 3.67581 0.23982 -17.1404 0.0176211
7.7056 3.68118 0.239607 -17.1579 0.0175441
7.728 3.68654 0.239394 -17.1754 0.0174676
7.7504 3.6919 0.239183 -17.1928 0.0173917
7.7728 3.69726 0.238972 -17.2102 0.0173162
7.7952 3.70261 0.238762 -17.2276 0.0172412
7.8176 3.70796 0.238553 -17.2449 0.0171668
7.84 3.7133 0.238345 -17.2622 0.0170928
7.8624 3.71863 0.238138 -17.2794 0.0170193
7.8848 3.72397 0.237931 -17.2966 0.0169463
7.9072 3.72929 0.237726 -17.3138 0.0168738
7.9296 3.73462 0.237521 -17.3309 0.0168017
7.952 3.73993 0.237316 -17.348 0.0167302
7.9744 3.74525 0.237113 -17.365 0.0166591
7.9968 3.75056 0.23691 -17.382 0.0165884
8.0192 3.75586 0.236708 -17.399 0.0165182
8.0416 3.76116 0.236507 -17.4159 0.0164485
8.064 3.76646 0.236307 -17.4328 0.0163792
8.0864 3.77175 0.236107 -17.4496 0.0163104
8.1088 3.77703 0.235908 -17.4664 0.016242
8.1312 3.78232 0.23571 -17.4832 0.016174
8.1536 3.78759 0.235513 -17.5 0.0161065
8.176 3.79287 0.235316 -17.5167 0.0160394
8.1984 3.79814 0.23512 -17.5333 0.0159728
8.2208 3.8034 0.234925 -17.5499 0.0159065
8.2432 3.80866 0.234731 -17.5665 0.0158407
8.2656 3.81392 0.234537 -17.5831 0.0157753
8.288 3.81917 0.234344 -17.5996 0.0157103
8.3104 3.82441 0.234152 -17.6161 0.0156458
8.3328 3.82966 0.23396 -17.6325 0.0155816
8.3552 3.8349 0.233769 -17.6489 0.0155178
8.3776 3.84013 0.233579 -17.6653 0.0154545
8.4 3.84536 0.233389 -17.6816 0.0153915
8.4224 3.85059 0.2332 -17.6979 0.0153289
8.4448 3.85581 0.233012 -17.7142 0.0152667
8.4672 3.86103 0.232825 -17.7304 0.0152049
8.4896 3.86624 0.232638 -17.7466 0.0151435
8.512 3.87145 0.232452 -17.7628 0.0150824
8.5344 3.87665 0.232266 -17.7789 0.0150218
8.5568 3.88185 0.232081 -17.795 0.0149615
8.5792 3.88705 0.231897 -17.8111 0.0149015
8.6016 3.89224 0.231713 -17.8271 0.014842
8.624 3.89743 0.23153 -17.8431 0.0147828
8.6464 3.90261 0.231348 -17.859 0.014724
8.6688 3.90779 0.231166 -17.8749 0.0146655
8.6912 3.91297 0.230985 -17.8908 0.0146074
8.7136 3.91814 0.230805 -17.9067 0.0145496
8.736 3.92331 0.230625 -17.9225 0.0144922
8.7584 3.92847 0.230446 -17.9383 0.0144351
8.7808 3.93363 0.230267 -17.954 0.0143784
8.8032 3.93879 0.230089 -17.9698 0.014322
8.8256 3.94394 0.229912 -17.9855 0.0142659
8.848 3.94909 0.229735 -18.0011 0.0142102
8.8704 3.95424 0.229559 -18.0167 0.0141548
8.8928 3.95938 0.229383 -18.0323 0.0140997
8.9152 3.96451 0.229208 -18.0479 0.014045
8.9376 3.96964 0.229034 -18.0634 0.0139906
8.96 3.97477 0.22886 -18.0789 0.0139365
8.9824 3.9799 0.228687 -18.0944 0.0138828
9.0048 3.98502 0.228514 -18.1098 0.0138293
9.0272 3.99013 0.228342 -18.1252 0.0137762
9.0496 3.99525 0.228171 -18.1406 0.0137233
9.072 4.00036 0.228 -18.1559 0.0136708
9.0944 4.00546 0.22783 -18.1712 0.0136186
9.1168 4.01056 0.22766 -18.1865 0.0135667
9.1392 4.01566 0.227491 -18.2017 0.0135151
9.1616 4.02075 0.227322 -18.217 0.0134638
9.184 4.02584 0.227154 -18.2321 0.0134128
9.2064 4.03093 0.226986 -18.2473 0.0133621
9.2288 4.03601 0.226819 -18.2624 0.0133117
9.2512 4.04109 0.226653 -18.2775 0.0132616
9.2736 4.04617 0.226487 -18.2926 0.0132117
9.296 4.05124 0.226321 -18.3076 0.0131622
9.3184 4.05631 0.226156 -18.3226 0.0131129
9.3408 4.06137 0.225992 -18.3376 0.0130639
9.3632 4.06643 0.225828 -18.3525 0.0130152
9.3856 4.07149 0.225665 -18.3674 0.0129668
9.408 4.07654 0.225502 -18.3823 0.0129186
9.4304 4.08159 0.22534 -18.3972 0.0128707
9.4528 4.08664 0.225178 -18.412 0.0128231
9.4752 4.09168 0.225017 -18.4268 0.0127757
9.4976 4.09672 0.224856 -18.4416 0.0127287
9.52 4.10175 0.224696 -18.4563 0.0126818
9.5424 4.10678 0.224536 -18.471 0.0126353
9.5648 4.11181 0.224377 -18.4857 0.012589
9.5872 4.11684 0.224218 -18.5004 0.012543
9.6096 4.12186 0.22406 -18.515 0.0124972
9.632 4.12687 0.223902 -18.5296 0.0124517
9.6544 4.13189 0.223745 -18.5442 0.0124064
9.6768 4.1369 0.223588 -18.5587 0.0123614
9.6992 4.1419 0.223432 -18.5732 0.0123166
9.7216 4.14691 0.223276 -18.5877 0.0122721
9.744 4.15191 0.22312 -18.6022 0.0122278
9.7664 4.1569 0.222965 -18.6166 0.0121837
9.7888 4.1619 0.222811 -18.631 0.01214
9.8112 4.16688 0.222657 -18.6454 0.0120964
9.8336 4.17187 0.222504 -18.6598 0.0120531
9.856 4.17685 0.222351 -18.6741 0.01201
9.8784 4.18183 0.222198 -18.6884 0.0119672
9.9008 4.18681 0.222046 -18.7027 0.0119245
9.9232 4.19178 0.221894 -18.7169 0.0118822
9.9456 4.19675 0.221743 -18.7311 0.01184
9.968 4.20171 0.221592 -18.7453 0.0117981
9.9904 4.20668 0.221442 -18.7595 0.0117564
10.0128 4.21163 0.221292 -18.7736 0.0117149
10.0352 4.21659 0.221143 -18.7877 0.0116736
10.0576 4.22154 0.220994 -18.8018 0.0116326
10.08 4.22649 0.220845 -18.8159 0.0115918
10.1024 4.23144 0.220697 -18.8299 0.0115512
10.1248 4.23638 0.22055 -18.8439 0.0115108
10.1472 4.24132 0.220402 -18.8579 0.0114707
10.1696 4.24625 0.220256 -18.8719 0.0114307
10.192 4.25118 0.220109 -18.8858 0.011391
10.2144 4.25611 0.219963 -18.8997 0.0113514
10.2368 4.26104 0.219818 -18.9136 0.0113121
10.2592 4.26596 0.219673 -18.9274 0.011273
10.2816 4.27088 0.219528 -18.9413 0.0112341
10.304 4.27579 0.219384 -18.9551 0.0111954
10.3264 4.28071 0.21924 -18.9689 0.0111569
10.3488 4.28562 0.219096 -18.9826 0.0111186
10.3712 4.29052 0.218953 -18.9963 0.0110805
10.3936 4.29543 0.218811 -19.0101 0.0110426
10.416 4.30033 0.218669 -19.0237 0.0110049
10.4384 4.30522 0.218527 -19.0374 0.0109674
10.4608 4.31012 0.218385 -19.051 0.0109301
10.4832 4.31501 0.218244 -19.0646 0.010893
10.5056 4.31989 0.218104 -19.0782 0.010856
10.528 4.32478 0.217964 -19.0918 0.0108193
10.5504 4.32966 0.217824 -19.1053 0.0107827
10.5728 4.33454 0.217684 -19.1188 0.0107464
10.5952 4.33941 0.217545 -19.1323 0.0107102
10.6176 4.34428 0.217407 -19.1458 0.0106742
10.64 4.34915 0.217268 -19.1592 0.0106384
10.6624 4.35402 0.21713 -19.1726 0.0106028
10.6848 4.35888 0.216993 -19.186 0.0105674
10.7072 4.36374 0.216856 -19.1994 0.0105321
10.7296 4.36859 0.216719 -19.2128 0.010497
10.752 4.37345 0.216583 -19.2261 0.0104621
10.7744 4.3783 0.216447 -19.2394 0.0104274
10.7968 4.38314 0.216311 -19.2527 0.0103928
10.8192 4.38799 0.216176 -19.2659 0.0103584
10.8416 4.39283 0.216041 -19.2792 0.0103242
10.864 4.39766 0.215906 -19.2924 0.0102902
10.8864 4.4025 0.215772 -19.3056 0.0102563
10.9088 4.40733 0.215638 -19.3187 0.0102226
10.9312 4.41216 0.215505 -19.3319 0.0101891
10.9536 4.41699 0.215372 -19.345 0.0101557
10.976 4.42181 0.215239 -19.3581 0.0101226
10.9984 4.42663 0.215107 -19.3712 0.0100895
11.0208 4.43145 0.214975 -19.3842 0.0100567
11.0432 4.43626 0.214843 -19.3972 0.010024
11.0656 4.44107 0.214712 -19.4102 0.00999141
11.088 4.44588 0.214581 -19.4232 0.00995903
11.1104 4.45068 0.21445 -19.4362 0.00992681
11.1328 4.45549 0.21432 -19.4491 0.00989475
11.1552 4.46029 0.21419 -19.4621 0.00986284
11.1776 4.46508 0.214061 -19.475 0.00983109
11.2 4.46988 0.213931 -19.4878 0.0097995
11.2224 4.47467 0.213802 -19.5007 0.00976806
11.2448 4.47945 0.213674 -19.5135 0.00973677
11.2672 4.48424 0.213546 -19.5263 0.00970563
11.2896 4.48902 0.213418 -19.5391 0.00967465
11.312 4.4938 0.21329 -19.5519 0.00964381
11.3344 4.49858 0.213163 -19.5646 0.00961313
11.3568 4.50335 0.213036 -19.5774 0.00958259
11.3792 4.50812 0.212909 -19.5901 0.0095522
11.4016 4.51289 0.212783 -19.6028 0.00952196
11.424 4.51765 0.212657 -19.6154 0.00949186
11.4464 4.52241 0.212532 -19.6281 0.00946191
11.4688 4.52717 0.212406 -19.6407 0.0094321
11.4912 4.53193 0.212281 -19.6533 0.00940243
11.5136 4.53668 0.212157 -19.6659 0.00937291
11.536 4.54144 0.212032 -19.6784 0.00934352
11.5584 4.54618 0.211908 -19.691 0.00931427
11.5808 4.55093 0.211785 -19.7035 0.00928517
11.6032 4.55567 0.211661 -19.716 0.0092562
11.6256 4.56041 0.211538 -19.7285 0.00922737
11.648 4.56515 0.211415 -19.7409 0.00919867
11.6704 4.56988 0.211293 -19.7534 0.00917011
11.6928 4.57461 0.211171 -19.7658 0.00914169
11.7152 4.57934 0.211049 -19.7782 0.0091134
11.7376 4.58407 0.210927 -19.7906 0.00908524
11.76 4.58879 0.210806 -19.8029 0.00905721
11.7824 4.59351 0.210685 -19.8153 0.00902932
11.8048 4.59823 0.210565 -19.8276 0.00900155
11.8272 4.60295 0.210444 -19.8399 0.00897392
11.8496 4.60766 0.210324 -19.8522 0.00894641
11.872 4.61237 0.210204 -19.8645 0.00891903
11.8944 4.61708 0.210085 -19.8767 0.00889178
11.9168 4.62178 0.209966 -19.8889 0.00886465
11.9392 4.62648 0.209847 -19.9011 0.00883765
11.9616 4.63118 0.209728 -19.9133 0.00881078
11.984 4.63588 0.20961 -19.9255 0.00878403
12.0064 4.64057 0.209492 -19.9376 0.0087574
12.0288 4.64526 0.209374 -19.9497 0.00873089
12.0512 4.64995 0.209257 -19.9618 0.00870451
12.0736 4.65464 0.20914 -19.9739 0.00867824
12.096 4.65932 0.209023 -19.986 0.0086521
12.1184 4.664 0.208906 -19.9981 0.00862608
12.1408 4.66868 0.20879 -20.0101 0.00860017
12.1632 4.67336 0.208674 -20.0221 0.00857438
12.1856 4.67803 0.208558 -20.0341 0.00854871
12.208 4.6827 0.208443 -20.0461 0.00852316
12.2304 4.68737 0.208328 -20.058 0.00849772
12.2528 4.69203 0.208213 -20.07 0.0084724
12.2752 4.6967 0.208098 -20.0819 0.00844719
12.2976 4.70136 0.207984 -20.0938 0.0084221
12.32 4.70601 0.20787 -20.1057 0.00839712
12.3424 4.71067 0.207756 -20.1175 0.00837225
12.3648 4.71532 0.207642 -20.1294 0.00834749
12.3872 4.71997 0.207529 -20.1412 0.00832284
12.4096 4.72462 0.207416 -20.153 0.00829831
12.432 4.72926 0.207303 -20.1648 0.00827388
12.4544 4.73391 0.207191 -20.1766 0.00824956
12.4768 4.73855 0.207078 -20.1883 0.00822535
12.4992 4.74318 0.206967 -20.2001 0.00820125
12.5216 4.74782 0.206855 -20.2118 0.00817726
12.544 4.75245 0.206743 -20.2235 0.00815337
12.5664 4.75708 0.206632 -20.2352 0.00812959
12.5888 4.76171 0.206521 -20.2469 0.00810591
12.6112 4.76633 0.206411 -20.2585 0.00808234
12.6336 4.77095 0.2063 -20.2702 0.00805887
12.656 4.77557 0.20619 -20.2818 0.0080355
12.6784 4.78019 0.20608 -20.2934 0.00801224
12.7008 4.78481 0.20597 -20.3049 0.00798908
12.7232 4.78942 0.205861 -20.3165 0.00796602
12.7456 4.79403 0.205752 -20.3281 0.00794306
12.768 4.79864 0.205643 -20.3396 0.0079202
12.7904 4.80324 0.205534 -20.3511 0.00789744
12.8128 4.80784 0.205426 -20.3626 0.00787478
12.8352 4.81244 0.205318 -20.3741 0.00785222
12.8576 4.81704 0.20521 -20.3855 0.00782975
12.88 4.82164 0.205102 -20.397 0.00780739
12.9024 4.82623 0.204995 -20.4084 0.00778512
12.9248 4.83082 0.204887 -20.4198 0.00776294
12.9472 4.83541 0.20478 -20.4312 0.00774087
12.9696 4.84 0.204674 -20.4426 0.00771888
12.992 4.84458 0.204567 -20.4539 0.007697
13.0144 4.84916 0.204461 -20.4653 0.0076752
13.0368 4.85374 0.204355 -20.4766 0.0076535
13.0592 4.85832 0.204249 -20.4879 0.00763189
13.0816 4.86289 0.204144 -20.4992 0.00761038
13.104 4.86746 0.204038 -20.5105 0.00758896
13.1264 4.87203 0.203933 -20.5217 0.00756762
13.1488 4.8766 0.203828 -20.533 0.00754638
13.1712 4.88116 0.203724 -20.5442 0.00752523
13.1936 4.88572 0.203619 -20.5554 0.00750417
13.216 4.89028 0.203515 -20.5666 0.0074832
13.2384 4.89484 0.203411 -20.5778 0.00746231
13.2608 4.8994 0.203308 -20.589 0.00744152
13.2832 4.90395 0.203204 -20.6001 0.00742081
13.3056 4.9085 0.203101 -20.6113 0.00740019
13.328 4.91305 0.202998 -20.6224 0.00737966
13.3504 4.91759 0.202895 -20.6335 0.00735921
13.3728 4.92214 0.202792 -20.6445 0.00733885
13.3952 4.92668 0.20269 -20.6556 0.00731857
13.4176 4.93122 0.202588 -20.6667 0.00729838
13.44 4.93576 0.202486 -20.6777 0.00727827
13.4624 4.94029 0.202384 -20.6887 0.00725825
13.4848 4.94482 0.202283 -20.6997 0.00723831
13.5072 4.94935 0.202182 -20.7107 0.00721845
13.5296 4.95388 0.202081 -20.7217 0.00719868
13.552 4.95841 0.20198 -20.7327 0.00717899
13.5744 4.96293 0.201879 -20.7436 0.00715938
13.5968 4.96745 0.201779 -20.7545 0.00713985
13.6192 4.97197 0.201679 -20.7654 0.0071204
13.6416 4.97649 0.201579 -20.7763 0.00710103
13.664 4.981 0.201479 -20.7872 0.00708174
13.6864 4.98551 0.201379 -20.7981 0.00706253
13.7088 4.99002 0.20128 -20.8089 0.0070434
13.7312 4.99453 0.201181 -20.8198 0.00702434
13.7536 4.99903 0.201082 -20.8306 0.00700537
13.776 5.00354 0.200983 -20.8414 0.00698647
13.7984 5.00804 0.200885 -20.8522 0.00696765
13.8208 5.01254 0.200787 -20.863 0.00694891
13.8432 5.01703 0.200688 -20.8737 0.00693024
13.8656 5.02153 0.200591 -20.8845 0.00691165
13.888 5.02602 0.200493 -20.8952 0.00689313
13.9104 5.03051 0.200395 -20.9059 0.00687469
13.9328 5.035 0.200298 -20.9166 0.00685633
13.9552 5.03948 0.200201 -20.9273 0.00683804
13.9776 5.04397 0.200104 -20.938 0.00681982
14 5.04845 0.200007 -20.9486 0.00680167
14.0224 5.05293 0.199911 -20.9593 0.0067836
14.0448 5.0574 0.199815 -20.9699 0.0067656
14.0672 5.06188 0.199719 -20.9805 0.00674767
14.0896 5.06635 0.199623 -20.9911 0.00672982
14.112 5.07082 0.199527 -21.0017 0.00671204
14.1344 5.07529 0.199432 -21.0123 0.00669432
14.1568 5.07976 0.199336 -21.0228 0.00667668
14.1792 5.08422 0.199241 -21.0334 0.00665911
14.2016 5.08868 0.199146 -21.0439 0.00664161
14.224 5.09314 0.199052 -21.0544 0.00662418
14.2464 5.0976 0.198957 -21.0649 0.00660681
14.2688 5.10206 0.198863 -21.0754 0.00658952
14.2912 5.10651 0.198769 -21.0859 0.00657229
14.3136 5.11096 0.198675 -21.0963 0.00655514
14.336 5.11541 0.198581 -21.1068 0.00653805
14.3584 5.11986 0.198487 -21.1172 0.00652103
14.3808 5.1243 0.198394 -21.1276 0.00650407
14.4032 5.12874 0.198301 -21.138 0.00648718
14.4256 5.13319 0.198208 -21.1484 0.00647036
14.448 5.13762 0.198115 -21.1588 0.0064536
14.4704 5.14206 0.198022 -21.1691 0.00643691
14.4928 5.1465 0.19793 -21.1795 0.00642029
14.5152 5.15093 0.197838 -21.1898 0.00640373
14.5376 5.15536 0.197745 -21.2001 0.00638723
14.56 5.15979 0.197654 -21.2104 0.0063708
14.5824 5.16421 0.197562 -21.2207 0.00635443
14.6048 5.16864 0.19747 -21.231 0.00633813
14.6272 5.17306 0.197379 -21.2413 0.00632189
14.6496 5.17748 0.197288 -21.2515 0.00630571
14.672 5.1819 0.197197 -21.2617 0.00628959
14.6944 5.18632 0.197106 -21.272 0.00627354
14.7168 5.19073 0.197015 -21.2822 0.00625755
14.7392 5.19514 0.196925 -21.2924 0.00624162
14.7616 5.19955 0.196835 -21.3026 0.00622575
14.784 5.20396 0.196744 -21.3127 0.00620994
14.8064 5.20837 0.196654 -21.3229 0.00619419
14.8288 5.21277 0.196565 -21.333 0.00617851
14.8512 5.21717 0.196475 -21.3432 0.00616288
14.8736 5.22157 0.196386 -21.3533 0.00614732
14.896 5.22597 0.196296 -21.3634 0.00613181
14.9184 5.23037 0.196207 -21.3735 0.00611636
14.9408 5.23476 0.196118 -21.3835 0.00610097
14.9632 5.23915 0.19603 -21.3936 0.00608564
14.9856 5.24354 0.195941 -21.4037 0.00607037
15.008 5.24793 0.195853 -21.4137 0.00605515
15.0304 5.25232 0.195765 -21.4237 0.00604
15.0528 5.2567 0.195676 -21.4337 0.0060249
15.0752 5.26108 0.195589 -21.4437 0.00600985
15.0976 5.26546 0.195501 -21.4537 0.00599487
15.12 5.26984 0.195413 -21.4637 0.00597994
15.1424 5.27422 0.195326 -21.4737 0.00596506
15.1648 5.27859 0.195239 -21.4836 0.00595025
15.1872 5.28296 0.195152 -21.4935 0.00593549
15.2096 5.28733 0.195065 -21.5035 0.00592078
15.232 5.2917 0.194978 -21.5134 0.00590613
15.2544 5.29607 0.194891 -21.5233 0.00589153
15.2768 5.30043 0.194805 -21.5332 0.00587699
15.2992 5.3048 0.194719 -21.543 0.0058625
15.3216 5.30916 0.194633 -21.5529 0.00584807
15.344 5.31352 0.194547 -21.5628 0.00583369
15.3664 5.31787 0.194461 -21.5726 0.00581936
15.3888 5.32223 0.194376 -21.5824 0.00580509
15.4112 5.32658 0.19429 -21.5922 0.00579087
15.4336 5.33093 0.194205 -21.602 0.0057767
15.456 5.33528 0.19412 -21.6118 0.00576258
15.4784 5.33963 0.194035 -21.6216 0.00574852
15.5008 5.34397 0.19395 -21.6313 0.00573451
15.5232 5.34832 0.193865 -21.6411 0.00572055
15.5456 5.35266 0.193781 -21.6508 0.00570664
15.568 5.357 0.193696 -21.6606 0.00569278
15.5904 5.36134 0.193612 -21.6703 0.00567897
15.6128 5.36567 0.193528 -21.68 0.00566522
15.6352 5.37001 0.193444 -21.6897 0.00565151
15.6576 5.37434 0.193361 -21.6993 0.00563786
15.68 5.37867 0.193277 -21.709 0.00562425
15.7024 5.383 0.193194 -21.7187 0.00561069
15.7248 5.38732 0.19311 -21.7283 0.00559719
15.7472 5.39165 0.193027 -21.7379 0.00558373
15.7696 5.39597 0.192944 -21.7476 0.00557032
15.792 5.40029 0.192862 -21.7572 0.00555696
15.8144 5.40461 0.192779 -21.7668 0.00554365
15.8368 5.40893 0.192696 -21.7763 0.00553038
15.8592 5.41325 0.192614 -21.7859 0.00551717
15.8816 5.41756 0.192532 -21.7955 0.005504
15.904 5.42187 0.19245 -21.805 0.00549088
15.9264 5.42618 0.192368 -21.8146 0.0054778
15.9488 5.43049 0.192286 -21.8241 0.00546478
15.9712 5.4348 0.192205 -21.8336 0.0054518
15.9936 5.4391 0.192123 -21.8431 0.00543886
16.016 5.4434 0.192042 -21.8526 0.00542598
16.0384 5.4477 0.191961 -21.8621 0.00541313
16.0608 5.452 0.19188 -21.8715 0.00540034
16.0832 5.4563 0.191799 -21.881 0.00538759
16.1056 5.46059 0.191718 -21.8904 0.00537489
16.128 5.46489 0.191637 -21.8999 0.00536223
16.1504 5.46918 0.191557 -21.9093 0.00534961
16.1728 5.47347 0.191477 -21.9187 0.00533705
16.1952 5.47776 0.191396 -21.9281 0.00532452
16.2176 5.48204 0.191316 -21.9375 0.00531204
16.24 5.48633 0.191237 -21.9468 0.00529961
16.2624 5.49061 0.191157 -21.9562 0.00528721
16.2848 5.49489 0.191077 -21.9656 0.00527487
16.3072 5.49917 0.190998 -21.9749 0.00526256
16.3296 5.50345 0.190918 -21.9842 0.0052503
16.352 5.50773 0.190839 -21.9936 0.00523808
16.3744 5.512 0.19076 -22.0029 0.00522591
16.3968 5.51627 0.190681 -22.0122 0.00521377
16.4192 5.52054 0.190602 -22.0215 0.00520168
16.4416 5.52481 0.190524 -22.0307 0.00518964
16.464 5.52908 0.190445 -22.04 0.00517763
16.4864 5.53334 0.190367 -22.0492 0.00516567
16.5088 5.53761 0.190289 -22.0585 0.00515375
16.5312 5.54187 0.190211 -22.0677 0.00514187
16.5536 5.54613 0.190133 -22.0769 0.00513003
16.576 5.55039 0.190055 -22.0862 0.00511823
16.5984 5.55464 0.189977 -22.0953 0.00510647
16.6208 5.5589 0.1899 -22.1045 0.00509476
16.6432 5.56315 0.189822 -22.1137 0.00508308
16.6656 5.5674 0.189745 -22.1229 0.00507145
16.688 5.57165 0.189668 -22.132 0.00505985
16.7104 5.5759 0.189591 -22.1412 0.0050483
16.7328 5.58014 0.189514 -22.1503 0.00503678
16.7552 5.58439 0.189437 -22.1594 0.0050253
16.7776 5.58863 0.189361 -22.1686 0.00501387
16.8 5.59287 0.189284 -22.1777 0.00500247
16.8224 5.59711 0.189208 -22.1868 0.00499111
16.8448 5.60135 0.189131 -22.1958 0.0049798
16.8672 5.60558 0.189055 -22.2049 0.00496852
16.8896 5.60982 0.188979 -22.214 0.00495727
16.912 5.61405 0.188903 -22.223 0.00494607
16.9344 5.61828 0.188828 -22.2321 0.00493491
16.9568 5.62251 0.188752 -22.2411 0.00492378
16.9792 5.62674 0.188677 -22.2501 0.00491269
17.0016 5.63096 0.188601 -22.2591 0.00490164
17.024 5.63519 0.188526 -22.2681 0.00489063
17.0464 5.63941 0.188451 -22.2771 0.00487965
17.0688 5.64363 0.188376 -22.2861 0.00486871
17.0912 5.64785 0.188301 -22.295 0.00485781
17.1136 5.65206 0.188227 -22.304 0.00484694
17.136 5.65628 0.188152 -22.313 0.00483611
17.1584 5.66049 0.188078 -22.3219 0.00482532
17.1808 5.66471 0.188003 -22.3308 0.00481457
17.2032 5.66892 0.187929 -22.3397 0.00480385
17.2256 5.67312 0.187855 -22.3486 0.00479316
17.248 5.67733 0.187781 -22.3575 0.00478251
17.2704 5.68154 0.187707 -22.3664 0.0047719
17.2928 5.68574 0.187633 -22.3753 0.00476133
17.3152 5.68994 0.18756 -22.3842 0.00475078
17.3376 5.69414 0.187486 -22.393 0.00474028
17.36 5.69834 0.187413 -22.4019 0.00472981
17.3824 5.70254 0.18734 -22.4107 0.00471937
17.4048 5.70674 0.187267 -22.4195 0.00470897
17.4272 5.71093 0.187194 -22.4283 0.0046986
17.4496 5.71512 0.187121 -22.4372 0.00468827
17.472 5.71931 0.187048 -22.4459 0.00467797
17.4944 5.7235 0.186975 -22.4547 0.00466771
17.5168 5.72769 0.186903 -22.4635 0.00465748
17.5392 5.73187 0.18683 -22.4723 0.00464728
17.5616 5.73606 0.186758 -22.481 0.00463712
17.584 5.74024 0.186686 -22.4898 0.00462699
17.6064 5.74442 0.186614 -22.4985 0.00461689
17.6288 5.7486 0.186542 -22.5072 0.00460683
17.6512 5.75278 0.18647 -22.516 0.0045968
17.6736 5.75696 0.186398 -22.5247 0.00458681
17.696 5.76113 0.186327 -22.5334 0.00457684
17.7184 5.7653 0.186255 -22.5421 0.00456691
17.7408 5.76947 0.186184 -22.5507 0.00455701
17.7632 5.77364 0.186113 -22.5594 0.00454715
17.7856 5.77781 0.186042 -22.5681 0.00453731
17.808 5.78198 0.185971 -22.5767 0.00452751
17.8304 5.78614 0.1859 -22.5854 0.00451774
17.8528 5.79031 0.185829 -22.594 0.004508
17.8752 5.79447 0.185758 -22.6026 0.0044983
17.8976 5.79863 0.185688 -22.6112 0.00448862
17.92 5.80279 0.185617 -22.6198 0.00447898
17.9424 5.80694 0.185547 -22.6284 0.00446937
17.9648 5.8111 0.185477 -22.637 0.00445979
17.9872 5.81525 0.185407 -22.6456 0.00445024
18.0096 5.81941 0.185337 -22.6542 0.00444072
18.032 5.82356 0.185267 -22.6627 0.00443123
18.0544 5.82771 0.185197 -22.6713 0.00442177
18.0768 5.83185 0.185127 -22.6798 0.00441234
18.0992 5.836 0.185058 -22.6883 0.00440294
18.1216 5.84014 0.184988 -22.6968 0.00439358
18.144 5.84429 0.184919 -22.7054 0.00438424
18.1664 5.84843 0.18485 -22.7139 0.00437493
18.1888 5.85257 0.18478 -22.7223 0.00436566
18.2112 5.85671 0.184711 -22.7308 0.00435641
18.2336 5.86084 0.184643 -22.7393 0.00434719
18.256 5.86498 0.184574 -22.7478 0.004338
18.2784 5.86911 0.184505 -22.7562 0.00432884
18.3008 5.87325 0.184436 -22.7647 0.00431971
18.3232 5.87738 0.184368 -22.7731 0.00431061
18.3456 5.8815 0.1843 -22.7815 0.00430154
18.368 5.88563 0.184231 -22.79 0.00429249
18.3904 5.88976 0.184163 -22.7984 0.00428348
18.4128 5.89388 0.184095 -22.8068 0.00427449
18.4352 5.89801 0.184027 -22.8152 0.00426553
18.4576 5.90213 0.183959 -22.8235 0.00425661
18.48 5.90625 0.183892 -22.8319 0.0042477
18.5024 5.91037 0.183824 -22.8403 0.00423883
18.5248 5.91448 0.183756 -22.8486 0.00422998
18.5472 5.9186 0.183689 -22.857 0.00422117
18.5696 5.92271 0.183622 -22.8653 0.00421238
18.592 5.92682 0.183554 -22.8736 0.00420362
18.6144 5.93093 0.183487 -22.882 0.00419488
18.6368 5.93504 0.18342 -22.8903 0.00418617
18.6592 5.93915 0.183353 -22.8986 0.00417749
18.6816 5.94326 0.183287 -22.9069 0.00416884
18.704 5.94736 0.18322 -22.9152 0.00416021
18.7264 5.95147 0.183153 -22.9234 0.00415161
18.7488 5.95557 0.183087 -22.9317 0.00414304
18.7712 5.95967 0.18302 -22.94 0.0041345
18.7936 5.96377 0.182954 -22.9482 0.00412598
18.816 5.96787 0.182888 -22.9565 0.00411748
18.8384 5.97196 0.182822 -22.9647 0.00410902
18.8608 5.97606 0.182756 -22.9729 0.00410058
18.8832 5.98015 0.18269 -22.9811 0.00409216
18.9056 5.98424 0.182624 -22.9893 0.00408378
18.928 5.98833 0.182558 -22.9975 0.00407541
18.9504 5.99242 0.182493 -23.0057 0.00406708
18.9728 5.99651 0.182427 -23.0139 0.00405877
18.9952 6.00059 0.182362 -23.0221 0.00405048
19.0176 6.00468 0.182297 -23.0303 0.00404222
19.04 6.00876 0.182231 -23.0384 0.00403399
19.0624 6.01284 0.182166 -23.0466 0.00402578
19.0848 6.01692 0.182101 -23.0547 0.0040176
19.1072 6.021 0.182036 -23.0628 0.00400944
19.1296 6.02507 0.181971 -23.071 0.00400131
19.152 6.02915 0.181907 -23.0791 0.0039932
19.1744 6.03322 0.181842 -23.0872 0.00398511
19.1968 6.0373 0.181778 -23.0953 0.00397705
19.2192 6.04137 0.181713 -23.1034 0.00396902
19.2416 6.04544 0.181649 -23.1114 0.00396101
19.264 6.04951 0.181585 -23.1195 0.00395302
19.2864 6.05357 0.18152 -23.1276 0.00394506
19.3088 6.05764 0.181456 -23.1356 0.00393712
19.3312 6.0617 0.181392 -23.1437 0.00392921
19.3536 6.06576 0.181328 -23.1517 0.00392132
19.376 6.06983 0.181265 -23.1598 0.00391346
19.3984 6.07388 0.181201 -23.1678 0.00390561
19.4208 6.07794 0.181137 -23.1758 0.0038978
19.4432 6.082 0.181074 -23.1838 0.00389
19.4656 6.08606 0.18101 -23.1918 0.00388223
19.488 6.09011 0.180947 -23.1998 0.00387448
19.5104 6.09416 0.180884 -23.2078 0.00386676
19.5328 6.09821 0.180821 -23.2158 0.00385906
19.5552 6.10226 0.180758 -23.2237 0.00385138
19.5776 6.10631 0.180695 -23.2317 0.00384373
19.6 6.11036 0.180632 -23.2396 0.00383609
19.6224 6.1144 0.180569 -23.2476 0.00382848
19.6448 6.11845 0.180507 -23.2555 0.0038209
19.6672 6.12249 0.180444 -23.2634 0.00381333
19.6896 6.12653 0.180381 -23.2714 0.00380579
19.712 6.13057 0.180319 -23.2793 0.00379827
19.7344 6.13461 0.180257 -23.2872 0.00379078
19.7568 6.13865 0.180195 -23.2951 0.0037833
19.7792 6.14268 0.180132 -23.3029 0.00377585
19.8016 6.14672 0.18007 -23.3108 0.00376842
19.824 6.15075 0.180008 -23.3187 0.00376101
19.8464 6.15478 0.179947 -23.3266 0.00375363
19.8688 6.15881 0.179885 -23.3344 0.00374626
19.8912 6.16284 0.179823 -23.3423 0.00373892
19.9136 6.16687 0.179762 -23.3501 0.0037316
19.936 6.17089 0.1797 -23.3579 0.0037243
19.9584 6.17492 0.179639 -23.3658 0.00371703
19.9808 6.17894 0.179577 -23.3736 0.00370977
20.0032 6.18296 0.179516 -23.3814 0.00370254
20.0256 6.18698 0.179455 -23.3892 0.00369532
20.048 6.191 0.179394 -23.397 0.00368813
20.0704 6.19502 0.179333 -23.4048 0.00368096
20.0928 6.19904 0.179272 -23.4125 0.00367381
20.1152 6.20305 0.179211 -23.4203 0.00366668
20.1376 6.20706 0.17915 -23.4281 0.00365957
20.16 6.21108 0.17909 -23.4358 0.00365248
20.1824 6.21509 0.179029 -23.4436 0.00364542
20.2048 6.2191 0.178969 -23.4513 0.00363837
20.2272 6.22311 0.178908 -23.459 0.00363134
20.2496 6.22711 0.178848 -23.4668 0.00362434
20.272 6.23112 0.178788 -23.4745 0.00361735
20.2944 6.23512 0.178728 -23.4822 0.00361039
20.3168 6.23913 0.178668 -23.4899 0.00360344
20.3392 6.24313 0.178608 -23.4976 0.00359652
20.3616 6.24713 0.178548 -23.5053 0.00358962
20.384 6.25113 0.178488 -23.513 0.00358273
20.4064 6.25512 0.178428 -23.5206 0.00357587
20.4288 6.25912 0.178369 -23.5283 0.00356902
20.4512 6.26311 0.178309 -23.5359 0.0035622
20.4736 6.26711 0.17825 -23.5436 0.00355539
20.496 6.2711 0.17819 -23.5512 0.00354861
20.5184 6.27509 0.178131 -23.5589 0.00354184
20.5408 6.27908 0.178072 -23.5665 0.00353509
20.5632 6.28307 0.178012 -23.5741 0.00352837
20.5856 6.28705 0.177953 -23.5817 0.00352166
20.608 6.29104 0.177894 -23.5893 0.00351497
20.6304 6.29502 0.177836 -23.5969 0.0035083
20.6528 6.29901 0.177777 -23.6045 0.00350165
20.6752 6.30299 0.177718 -23.6121 0.00349502
20.6976 6.30697 0.177659 -23.6197 0.0034884
20.72 6.31095 0.177601 -23.6273 0.00348181
20.7424 6.31493 0.177542 -23.6348 0.00347524
20.7648 6.3189 0.177484 -23.6424 0.00346868
20.7872 6.32288 0.177426 -23.6499 0.00346214
20.8096 6.32685 0.177367 -23.6575 0.00345562
20.832 6.33082 0.177309 -23.665 0.00344912
20.8544 6.33479 0.177251 -23.6725 0.00344264
20.8768 6.33876 0.177193 -23.68 0.00343618
20.8992 6.34273 0.177135 -23.6875 0.00342973
20.9216 6.3467 0.177077 -23.695 0.0034233
20.944 6.35067 0.177019 -23.7025 0.00341689
20.9664 6.35463 0.176962 -23.71 0.0034105
20.9888 6.35859 0.176904 -23.7175 0.00340413
21.0112 6.36256 0.176847 -23.725 0.00339777
21.0336 6.36652 0.176789 -23.7325 0.00339143
21.056 6.37048 0.176732 -23.7399 0.00338512
21.0784 6.37443 0.176674 -23.7474 0.00337881
21.1008 6.37839 0.176617 -23.7548 0.00337253
21.1232 6.38235 0.17656 -23.7623 0.00336626
21.1456 6.3863 0.176503 -23.7697 0.00336001
21.168 6.39025 0.176446 -23.7771 0.00335378
21.1904 6.39421 0.176389 -23.7845 0.00334757
21.2128 6.39816 0.176332 -23.7919 0.00334137
21.2352 6.4021 0.176275 -23.7994 0.00333519
21.2576 6.40605 0.176219 -23.8067 0.00332903
21.28 6.41 0.176162 -23.8141 0.00332288
21.3024 6.41394 0.176106 -23.8215 0.00331675
21.3248 6.41789 0.176049 -23.8289 0.00331064
21.3472 6.42183 0.175993 -23.8363 0.00330455
21.3696 6.42577 0.175936 -23.8436 0.00329847
21.392 6.42971 0.17588 -23.851 0.00329241
21.4144 6.43365 0.175824 -23.8583 0.00328637
21.4368 6.43759 0.175768 -23.8657 0.00328034
21.4592 6.44153 0.175712 -23.873 0.00327433
21.4816 6.44546 0.175656 -23.8803 0.00326834
21.504 6.4494 0.1756 -23.8877 0.00326236
21.5264 6.45333 0.175544 -23.895 0.0032564
21.5488 6.45726 0.175488 -23.9023 0.00325045
21.5712 6.46119 0.175433 -23.9096 0.00324453
21.5936 6.46512 0.175377 -23.9169 0.00323861
21.616 6.46905 0.175322 -23.9242 0.00323272
21.6384 6.47297 0.175266 -23.9315 0.00322684
21.6608 6.4769 0.175211 -23.9387 0.00322098
21.6832 6.48082 0.175156 -23.946 0.00321513
21.7056 6.48475 0.1751 -23.9533 0.0032093
21.728 6.48867 0.175045 -23.9605 0.00320348
21.7504 6.49259 0.17499 -23.9678 0.00319768
21.7728 6.49651 0.174935 -23.975 0.0031919
21.7952 6.50043 0.17488 -23.9822 0.00318613
21.8176 6.50434 0.174825 -23.9895 0.00318038
21.84 6.50826 0.174771 -23.9967 0.00317464
21.8624 6.51217 0.174716 -24.0039 0.00316892
21.8848 6.51609 0.174661 -24.0111 0.00316321
21.9072 6.52 0.174607 -24.0183 0.00315752
21.9296 6.52391 0.174552 -24.0255 0.00315185
21.952 6.52782 0.174498 -24.0327 0.00314619
21.9744 6.53173 0.174443 -24.0399 0.00314055
21.9968 6.53563 0.174389 -24.0471 0.00313492
22.0192 6.53954 0.174335 -24.0542 0.0031293
22.0416 6.54344 0.174281 -24.0614 0.00312371
22.064 6.54735 0.174227 -24.0686 0.00311812
22.0864 6.55125 0.174173 -24.0757 0.00311255
22.1088 6.55515 0.174119 -24.0829 0.003107
22.1312 6.55905 0.174065 -24.09 0.00310146
22.1536 6.56295 0.174011 -24.0971 0.00309594
22.176 6.56684 0.173957 -24.1042 0.00309043
22.1984 6.57074 0.173904 -24.1114 0.00308494
22.2208 6.57464 0.17385 -24.1185 0.00307946
22.2432 6.57853 0.173797 -24.1256 0.00307399
22.2656 6.58242 0.173743 -24.1327 0.00306854
22.288 6.58631 0.17369 -24.1398 0.00306311
22.3104 6.5902 0.173636 -24.1469 0.00305768
22.3328 6.59409 0.173583 -24.1539 0.00305228
22.3552 6.59798 0.17353 -24.161 0.00304689
22.3776 6.60187 0.173477 -24.1681 0.00304151
22.4 6.60575 0.173424 -24.1751 0.00303614
