-22.4 4.4966 -0.0845114 -22.0495 -0.0105056
-22.3776 4.4947 -0.0845459 -22.0444 -0.0105189
-22.3552 4.49281 -0.0845804 -22.0393 -0.0105322
-22.3328 4.49091 -0.084615 -22.0343 -0.0105456
-22.3104 4.48902 -0.0846496 -22.0292 -0.0105589
-22.288 4.48712 -0.0846843 -22.0241 -0.0105723
-22.2656 4.48522 -0.0847191 -22.0191 -0.0105857
-22.2432 4.48333 -0.0847539 -22.014 -0.0105992
-22.2208 4.48143 -0.0847888 -22.0089 -0.0106127
-22.1984 4.47953 -0.0848237 -22.0038 -0.0106262
-22.176 4.47763 -0.0848587 -21.9987 -0.0106397
-22.1536 4.47573 -0.0848937 -21.9936 -0.0106533
-22.1312 4.47382 -0.0849288 -21.9885 -0.0106669
-22.1088 4.47192 -0.084964 -21.9834 -0.0106805
-22.0864 4.47002 -0.0849992 -21.9783 -0.0106941
-22.064 4.46811 -0.0850345 -21.9732 -0.0107078
-22.0416 4.46621 -0.0850698 -21.9681 -0.0107215
-22.0192 4.4643 -0.0851052 -21.963 -0.0107353
-21.9968 4.4624 -0.0851407 -21.9578 -0.010749
-21.9744 4.46049 -0.0851762 -21.9527 -0.0107628
-21.952 4.45858 -0.0852118 -21.9476 -0.0107767
-21.9296 4.45667 -0.0852475 -21.9424 -0.0107905
-21.9072 4.45476 -0.0852832 -21.9373 -0.0108044
-21.8848 4.45285 -0.0853189 -21.9321 -0.0108183
-21.8624 4.45094 -0.0853548 -21.927 -0.0108323
-21.84 4.44903 -0.0853906 -21.9218 -0.0108462
-21.8176 4.44711 -0.0854266 -21.9167 -0.0108602
-21.7952 4.4452 -0.0854626 -21.9115 -0.0108743
-21.7728 4.44328 -0.0854987 -21.9063 -0.0108883
-21.7504 4.44137 -0.0855348 -21.9012 -0.0109024
-21.728 4.43945 -0.085571 -21.896 -0.0109166
-21.7056 4.43753 -0.0856072 -21.8908 -0.0109307
-21.6832 4.43562 -0.0856436 -21.8856 -0.0109449
-21.6608 4.4337 -0.0856799 -21.8804 -0.0109591
-21.6384 4.43178 -0.0857164 -21.8752 -0.0109734
-21.616 4.42986 -0.0857529 -21.87 -0.0109876
-21.5936 4.42794 -0.0857895 -21.8648 -0.011002
-21.5712 4.42601 -0.0858261 -21.8596 -0.0110163
-21.5488 4.42409 -0.0858628 -21.8544 -0.0110307
-21.5264 4.42217 -0.0858995 -21.8492 -0.0110451
-21.504 4.42024 -0.0859364 -21.8439 -0.0110595
-21.4816 4.41832 -0.0859732 -21.8387 -0.011074
-21.4592 4.41639 -0.0860102 -21.8335 -0.0110885
-21.4368 4.41446 -0.0860472 -21.8282 -0.011103
-21.4144 4.41254 -0.0860843 -21.823 -0.0111175
-21.392 4.41061 -0.0861214 -21.8177 -0.0111321
-21.3696 4.40868 -0.0861586 -21.8125 -0.0111468
-21.3472 4.40675 -0.0861959 -21.8072 -0.0111614
-21.3248 4.40482 -0.0862332 -21.802 -0.0111761
-21.3024 4.40288 -0.0862706 -21.7967 -0.0111908
-21.28 4.40095 -0.0863081 -21.7914 -0.0112056
-21.2576 4.39902 -0.0863456 -21.7862 -0.0112204
-21.2352 4.39708 -0.0863832 -21.7809 -0.0112352
-21.2128 4.39515 -0.0864209 -21.7756 -0.01125
-21.1904 4.39321 -0.0864586 -21.7703 -0.0112649
-21.168 4.39127 -0.0864964 -21.765 -0.0112798
-21.1456 4.38934 -0.0865343 -21.7597 -0.0112948
-21.1232 4.3874 -0.0865722 -21.7544 -0.0113097
-21.1008 4.38546 -0.0866102 -21.7491 -0.0113248
-21.0784 4.38352 -0.0866483 -21.7438 -0.0113398
-21.056 4.38158 -0.0866864 -21.7385 -0.0113549
-21.0336 4.37963 -0.0867246 -21.7332 -0.01137
-21.0112 4.37769 -0.0867629 -21.7279 -0.0113851
-20.9888 4.37575 -0.0868012 -21.7225 -0.0114003
-20.9664 4.3738 -0.0868396 -21.7172 -0.0114155
-20.944 4.37186 -0.0868781 -21.7119 -0.0114308
-20.9216 4.36991 -0.0869166 -21.7065 -0.0114461
-20.8992 4.36796 -0.0869552 -21.7012 -0.0114614
-20.8768 4.36601 -0.0869939 -21.6958 -0.0114767
-20.8544 4.36407 -0.0870327 -21.6904 -0.0114921
-20.832 4.36212 -0.0870715 -21.6851 -0.0115075
-20.8096 4.36017 -0.0871104 -21.6797 -0.011523
-20.7872 4.35821 -0.0871493 -21.6743 -0.0115385
-20.7648 4.35626 -0.0871883 -21.669 -0.011554
-20.7424 4.35431 -0.0872274 -21.6636 -0.0115696
-20.72 4.35235 -0.0872666 -21.6582 -0.0115852
-20.6976 4.3504 -0.0873058 -21.6528 -0.0116008
-20.6752 4.34844 -0.0873451 -21.6474 -0.0116164
-20.6528 4.34648 -0.0873845 -21.642 -0.0116321
-20.6304 4.34453 -0.087424 -21.6366 -0.0116479
-20.608 4.34257 -0.0874635 -21.6312 -0.0116636
-20.5856 4.34061 -0.0875031 -21.6258 -0.0116794
-20.5632 4.33865 -0.0875427 -21.6203 -0.0116953
-20.5408 4.33669 -0.0875825 -21.6149 -0.0117112
-20.5184 4.33472 -0.0876223 -21.6095 -0.0117271
-20.496 4.33276 -0.0876621 -21.6041 -0.011743
-20.4736 4.3308 -0.0877021 -21.5986 -0.011759
-20.4512 4.32883 -0.0877421 -21.5932 -0.011775
-20.4288 4.32687 -0.0877822 -21.5877 -0.0117911
-20.4064 4.3249 -0.0878224 -21.5823 -0.0118072
-20.384 4.32293 -0.0878626 -21.5768 -0.0118233
-20.3616 4.32096 -0.0879029 -21.5713 -0.0118395
-20.3392 4.31899 -0.0879433 -21.5659 -0.0118557
-20.3168 4.31702 -0.0879838 -21.5604 -0.0118719
-20.2944 4.31505 -0.0880243 -21.5549 -0.0118882
-20.272 4.31308 -0.0880649 -21.5494 -0.0119045
-20.2496 4.31111 -0.0881056 -21.5439 -0.0119209
-20.2272 4.30913 -0.0881464 -21.5384 -0.0119373
-20.2048 4.30716 -0.0881872 -21.5329 -0.0119537
-20.1824 4.30518 -0.0882282 -21.5274 -0.0119702
-20.16 4.30321 -0.0882691 -21.5219 -0.0119867
-20.1376 4.30123 -0.0883102 -21.5164 -0.0120032
-20.1152 4.29925 -0.0883513 -21.5109 -0.0120198
-20.0928 4.29727 -0.0883926 -21.5053 -0.0120364
-20.0704 4.29529 -0.0884339 -21.4998 -0.0120531
-20.048 4.29331 -0.0884752 -21.4943 -0.0120698
-20.0256 4.29133 -0.0885167 -21.4887 -0.0120865
-20.0032 4.28934 -0.0885582 -21.4832 -0.0121033
-19.9808 4.28736 -0.0885998 -21.4776 -0.0121201
-19.9584 4.28537 -0.0886415 -21.4721 -0.0121369
-19.936 4.28339 -0.0886832 -21.4665 -0.0121538
-19.9136 4.2814 -0.0887251 -21.461 -0.0121707
-19.8912 4.27941 -0.088767 -21.4554 -0.0121877
-19.8688 4.27742 -0.088809 -21.4498 -0.0122047
-19.8464 4.27543 -0.0888511 -21.4442 -0.0122218
-19.824 4.27344 -0.0888932 -21.4386 -0.0122389
-19.8016 4.27145 -0.0889355 -21.433 -0.012256
-19.7792 4.26946 -0.0889778 -21.4274 -0.0122732
-19.7568 4.26746 -0.0890202 -21.4218 -0.0122904
-19.7344 4.26547 -0.0890626 -21.4162 -0.0123076
-19.712 4.26347 -0.0891052 -21.4106 -0.0123249
-19.6896 4.26148 -0.0891478 -21.405 -0.0123422
-19.6672 4.25948 -0.0891905 -21.3994 -0.0123596
-19.6448 4.25748 -0.0892333 -21.3937 -0.012377
-19.6224 4.25548 -0.0892762 -21.3881 -0.0123945
-19.6 4.25348 -0.0893192 -21.3824 -0.012412
-19.5776 4.25148 -0.0893622 -21.3768 -0.0124295
-19.5552 4.24948 -0.0894053 -21.3711 -0.0124471
-19.5328 4.24748 -0.0894485 -21.3655 -0.0124647
-19.5104 4.24547 -0.0894918 -21.3598 -0.0124824
-19.488 4.24347 -0.0895352 -21.3542 -0.0125001
-19.4656 4.24146 -0.0895786 -21.3485 -0.0125178
-19.4432 4.23945 -0.0896222 -21.3428 -0.0125356
-19.4208 4.23745 -0.0896658 -21.3371 -0.0125534
-19.3984 4.23544 -0.0897095 -21.3314 -0.0125713
-19.376 4.23343 -0.0897533 -21.3257 -0.0125892
-19.3536 4.23142 -0.0897971 -21.32 -0.0126072
-19.3312 4.2294 -0.0898411 -21.3143 -0.0126252
-19.3088 4.22739 -0.0898851 -21.3086 -0.0126432
-19.2864 4.22538 -0.0899293 -21.3029 -0.0126613
-19.264 4.22336 -0.0899735 -21.2972 -0.0126794
-19.2416 4.22135 -0.0900178 -21.2914 -0.0126976
-19.2192 4.21933 -0.0900622 -21.2857 -0.0127158
-19.1968 4.21731 -0.0901066 -21.28 -0.0127341
-19.1744 4.21529 -0.0901512 -21.2742 -0.0127524
-19.152 4.21327 -0.0901958 -21.2685 -0.0127707
-19.1296 4.21125 -0.0902406 -21.2627 -0.0127891
-19.1072 4.20923 -0.0902854 -21.2569 -0.0128076
-19.0848 4.20721 -0.0903303 -21.2512 -0.0128261
-19.0624 4.20518 -0.0903753 -21.2454 -0.0128446
-19.04 4.20316 -0.0904204 -21.2396 -0.0128632
-19.0176 4.20113 -0.0904655 -21.2338 -0.0128818
-18.9952 4.19911 -0.0905108 -21.228 -0.0129004
-18.9728 4.19708 -0.0905562 -21.2222 -0.0129191
-18.9504 4.19505 -0.0906016 -21.2164 -0.0129379
-18.928 4.19302 -0.0906471 -21.2106 -0.0129567
-18.9056 4.19099 -0.0906927 -21.2048 -0.0129755
-18.8832 4.18896 -0.0907384 -21.199 -0.0129944
-18.8608 4.18692 -0.0907842 -21.1932 -0.0130134
-18.8384 4.18489 -0.0908301 -21.1873 -0.0130324
-18.816 4.18285 -0.0908761 -21.1815 -0.0130514
-18.7936 4.18082 -0.0909222 -21.1757 -0.0130705
-18.7712 4.17878 -0.0909684 -21.1698 -0.0130896
-18.7488 4.17674 -0.0910146 -21.164 -0.0131088
-18.7264 4.1747 -0.091061 -21.1581 -0.013128
-18.704 4.17266 -0.0911074 -21.1522 -0.0131473
-18.6816 4.17062 -0.0911539 -21.1464 -0.0131666
-18.6592 4.16858 -0.0912006 -21.1405 -0.0131859
-18.6368 4.16653 -0.0912473 -21.1346 -0.0132053
-18.6144 4.16449 -0.0912941 -21.1287 -0.0132248
-18.592 4.16244 -0.091341 -21.1228 -0.0132443
-18.5696 4.1604 -0.091388 -21.1169 -0.0132639
-18.5472 4.15835 -0.0914351 -21.111 -0.0132835
-18.5248 4.1563 -0.0914823 -21.1051 -0.0133031
-18.5024 4.15425 -0.0915296 -21.0992 -0.0133228
-18.48 4.1522 -0.091577 -21.0932 -0.0133426
-18.4576 4.15015 -0.0916244 -21.0873 -0.0133624
-18.4352 4.1481 -0.091672 -21.0814 -0.0133822
-18.4128 4.14604 -0.0917197 -21.0754 -0.0134021
-18.3904 4.14399 -0.0917675 -21.0695 -0.0134221
-18.368 4.14193 -0.0918153 -21.0635 -0.0134421
-18.3456 4.13987 -0.0918633 -21.0576 -0.0134621
-18.3232 4.13782 -0.0919114 -21.0516 -0.0134822
-18.3008 4.13576 -0.0919595 -21.0456 -0.0135024
-18.2784 4.1337 -0.0920078 -21.0396 -0.0135226
-18.256 4.13163 -0.0920561 -21.0337 -0.0135428
-18.2336 4.12957 -0.0921046 -21.0277 -0.0135631
-18.2112 4.12751 -0.0921531 -21.0217 -0.0135835
-18.1888 4.12544 -0.0922018 -21.0157 -0.0136039
-18.1664 4.12338 -0.0922506 -21.0097 -0.0136243
-18.144 4.12131 -0.0922994 -21.0036 -0.0136448
-18.1216 4.11924 -0.0923484 -20.9976 -0.0136654
-18.0992 4.11717 -0.0923974 -20.9916 -0.013686
-18.0768 4.1151 -0.0924466 -20.9855 -0.0137067
-18.0544 4.11303 -0.0924958 -20.9795 -0.0137274
-18.032 4.11096 -0.0925452 -20.9735 -0.0137482
-18.0096 4.10889 -0.0925947 -20.9674 -0.013769
-17.9872 4.10681 -0.0926442 -20.9613 -0.0137899
-17.9648 4.10474 -0.0926939 -20.9553 -0.0138108
-17.9424 4.10266 -0.0927437 -20.9492 -0.0138318
-17.92 4.10058 -0.0927936 -20.9431 -0.0138528
-17.8976 4.0985 -0.0928436 -20.937 -0.0138739
-17.8752 4.09642 -0.0928936 -20.9309 -0.0138951
-17.8528 4.09434 -0.0929438 -20.9248 -0.0139163
-17.8304 4.09226 -0.0929941 -20.9187 -0.0139375
-17.808 4.09017 -0.0930445 -20.9126 -0.0139588
-17.7856 4.08809 -0.0930951 -20.9065 -0.0139802
-17.7632 4.086 -0.0931457 -20.9004 -0.0140016
-17.7408 4.08392 -0.0931964 -20.8943 -0.0140231
-17.7184 4.08183 -0.0932472 -20.8881 -0.0140446
-17.696 4.07974 -0.0932982 -20.882 -0.0140662
-17.6736 4.07765 -0.0933492 -20.8758 -0.0140879
-17.6512 4.07556 -0.0934004 -20.8697 -0.0141096
-17.6288 4.07346 -0.0934516 -20.8635 -0.0141313
-17.6064 4.07137 -0.093503 -20.8573 -0.0141532
-17.584 4.06927 -0.0935545 -20.8512 -0.014175
-17.5616 4.06718 -0.0936061 -20.845 -0.014197
-17.5392 4.06508 -0.0936578 -20.8388 -0.0142189
-17.5168 4.06298 -0.0937096 -20.8326 -0.014241
-17.4944 4.06088 -0.0937615 -20.8264 -0.0142631
-17.472 4.05878 -0.0938135 -20.8202 -0.0142852
-17.4496 4.05668 -0.0938657 -20.814 -0.0143075
-17.4272 4.05458 -0.0939179 -20.8077 -0.0143297
-17.4048 4.05247 -0.0939703 -20.8015 -0.0143521
-17.3824 4.05037 -0.0940228 -20.7953 -0.0143745
-17.36 4.04826 -0.0940754 -20.789 -0.0143969
-17.3376 4.04615 -0.0941281 -20.7828 -0.0144194
-17.3152 4.04404 -0.0941809 -20.7765 -0.014442
-17.2928 4.04193 -0.0942338 -20.7703 -0.0144646
-17.2704 4.03982 -0.0942869 -20.764 -0.0144873
-17.248 4.03771 -0.0943401 -20.7577 -0.0145101
-17.2256 4.0356 -0.0943933 -20.7514 -0.0145329
-17.2032 4.03348 -0.0944467 -20.7451 -0.0145558
-17.1808 4.03136 -0.0945003 -20.7388 -0.0145787
-17.1584 4.02925 -0.0945539 -20.7325 -0.0146017
-17.136 4.02713 -0.0946076 -20.7262 -0.0146248
-17.1136 4.02501 -0.0946615 -20.7199 -0.0146479
-17.0912 4.02289 -0.0947155 -20.7136 -0.0146711
-17.0688 4.02077 -0.0947696 -20.7072 -0.0146943
-17.0464 4.01864 -0.0948238 -20.7009 -0.0147176
-17.024 4.01652 -0.0948781 -20.6946 -0.014741
-17.0016 4.01439 -0.0949326 -20.6882 -0.0147644
-16.9792 4.01226 -0.0949872 -20.6818 -0.0147879
-16.9568 4.01014 -0.0950419 -20.6755 -0.0148115
-16.9344 4.00801 -0.0950967 -20.6691 -0.0148351
-16.912 4.00588 -0.0951516 -20.6627 -0.0148588
-16.8896 4.00374 -0.0952067 -20.6563 -0.0148825
-16.8672 4.00161 -0.0952619 -20.6499 -0.0149063
-16.8448 3.99948 -0.0953172 -20.6435 -0.0149302
-16.8224 3.99734 -0.0953726 -20.6371 -0.0149542
-16.8 3.9952 -0.0954282 -20.6307 -0.0149782
-16.7776 3.99306 -0.0954839 -20.6243 -0.0150022
-16.7552 3.99093 -0.0955397 -20.6178 -0.0150264
-16.7328 3.98878 -0.0955956 -20.6114 -0.0150506
-16.7104 3.98664 -0.0956517 -20.605 -0.0150749
-16.688 3.9845 -0.0957078 -20.5985 -0.0150992
-16.6656 3.98235 -0.0957641 -20.592 -0.0151236
-16.6432 3.98021 -0.0958206 -20.5856 -0.0151481
-16.6208 3.97806 -0.0958771 -20.5791 -0.0151726
-16.5984 3.97591 -0.0959338 -20.5726 -0.0151972
-16.576 3.97376 -0.0959906 -20.5661 -0.0152219
-16.5536 3.97161 -0.0960476 -20.5596 -0.0152466
-16.5312 3.96946 -0.0961047 -20.5531 -0.0152715
-16.5088 3.96731 -0.0961619 -20.5466 -0.0152963
-16.4864 3.96515 -0.0962192 -20.5401 -0.0153213
-16.464 3.963 -0.0962767 -20.5336 -0.0153463
-16.4416 3.96084 -0.0963343 -20.527 -0.0153714
-16.4192 3.95868 -0.096392 -20.5205 -0.0153966
-16.3968 3.95652 -0.0964498 -20.5139 -0.0154218
-16.3744 3.95436 -0.0965078 -20.5074 -0.0154471
-16.352 3.9522 -0.0965659 -20.5008 -0.0154725
-16.3296 3.95003 -0.0966242 -20.4943 -0.0154979
-16.3072 3.94787 -0.0966826 -20.4877 -0.0155234
-16.2848 3.9457 -0.0967411 -20.4811 -0.015549
-16.2624 3.94354 -0.0967998 -20.4745 -0.0155746
-16.24 3.94137 -0.0968586 -20.4679 -0.0156004
-16.2176 3.9392 -0.0969175 -20.4613 -0.0156262
-16.1952 3.93702 -0.0969766 -20.4547 -0.015652
-16.1728 3.93485 -0.0970358 -20.448 -0.015678
-16.1504 3.93268 -0.0970951 -20.4414 -0.015704
-16.128 3.9305 -0.0971546 -20.4348 -0.0157301
-16.1056 3.92832 -0.0972142 -20.4281 -0.0157563
-16.0832 3.92615 -0.0972739 -20.4215 -0.0157825
-16.0608 3.92397 -0.0973338 -20.4148 -0.0158088
-16.0384 3.92179 -0.0973939 -20.4081 -0.0158352
-16.016 3.9196 -0.097454 -20.4014 -0.0158617
-15.9936 3.91742 -0.0975144 -20.3948 -0.0158882
-15.9712 3.91524 -0.0975748 -20.3881 -0.0159148
-15.9488 3.91305 -0.0976354 -20.3814 -0.0159415
-15.9264 3.91086 -0.0976962 -20.3747 -0.0159683
-15.904 3.90867 -0.097757 -20.3679 -0.0159951
-15.8816 3.90648 -0.0978181 -20.3612 -0.0160221
-15.8592 3.90429 -0.0978792 -20.3545 -0.0160491
-15.8368 3.9021 -0.0979406 -20.3477 -0.0160761
-15.8144 3.8999 -0.098002 -20.341 -0.0161033
-15.792 3.89771 -0.0980636 -20.3342 -0.0161305
-15.7696 3.89551 -0.0981254 -20.3275 -0.0161578
-15.7472 3.89331 -0.0981873 -20.3207 -0.0161852
-15.7248 3.89111 -0.0982493 -20.3139 -0.0162127
-15.7024 3.88891 -0.0983115 -20.3071 -0.0162402
-15.68 3.88671 -0.0983739 -20.3003 -0.0162679
-15.6576 3.8845 -0.0984364 -20.2935 -0.0162956
-15.6352 3.8823 -0.098499 -20.2867 -0.0163234
-15.6128 3.88009 -0.0985618 -20.2799 -0.0163512
-15.5904 3.87788 -0.0986248 -20.273 -0.0163792
-15.568 3.87567 -0.0986878 -20.2662 -0.0164072
-15.5456 3.87346 -0.0987511 -20.2593 -0.0164354
-15.5232 3.87125 -0.0988145 -20.2525 -0.0164635
-15.5008 3.86903 -0.0988781 -20.2456 -0.0164918
-15.4784 3.86682 -0.0989418 -20.2387 -0.0165202
-15.456 3.8646 -0.0990056 -20.2319 -0.0165486
-15.4336 3.86238 -0.0990696 -20.225 -0.0165772
-15.4112 3.86016 -0.0991338 -20.2181 -0.0166058
-15.3888 3.85794 -0.0991981 -20.2112 -0.0166345
-15.3664 3.85572 -0.0992626 -20.2042 -0.0166633
-15.344 3.85349 -0.0993273 -20.1973 -0.0166921
-15.3216 3.85127 -0.0993921 -20.1904 -0.0167211
-15.2992 3.84904 -0.099457 -20.1834 -0.0167501
-15.2768 3.84681 -0.0995222 -20.1765 -0.0167793
-15.2544 3.84458 -0.0995874 -20.1695 -0.0168085
-15.232 3.84235 -0.0996529 -20.1626 -0.0168378
-15.2096 3.84012 -0.0997185 -20.1556 -0.0168672
-15.1872 3.83788 -0.0997842 -20.1486 -0.0168967
-15.1648 3.83565 -0.0998502 -20.1416 -0.0169262
-15.1424 3.83341 -0.0999163 -20.1346 -0.0169559
-15.12 3.83117 -0.0999825 -20.1276 -0.0169856
-15.0976 3.82893 -0.100049 -20.1206 -0.0170155
-15.0752 3.82669 -0.100116 -20.1135 -0.0170454
-15.0528 3.82444 -0.100182 -20.1065 -0.0170754
-15.0304 3.8222 -0.100249 -20.0995 -0.0171055
-15.008 3.81995 -0.100316 -20.0924 -0.0171357
-14.9856 3.81771 -0.100384 -20.0853 -0.017166
-14.9632 3.81546 -0.100451 -20.0783 -0.0171964
-14.9408 3.81321 -0.100519 -20.0712 -0.0172268
-14.9184 3.81095 -0.100586 -20.0641 -0.0172574
-14.896 3.8087 -0.100654 -20.057 -0.0172881
-14.8736 3.80644 -0.100722 -20.0499 -0.0173188
-14.8512 3.80419 -0.100791 -20.0428 -0.0173496
-14.8288 3.80193 -0.100859 -20.0356 -0.0173806
-14.8064 3.79967 -0.100928 -20.0285 -0.0174116
-14.784 3.79741 -0.100996 -20.0214 -0.0174427
-14.7616 3.79514 -0.101065 -20.0142 -0.017474
-14.7392 3.79288 -0.101135 -20.0071 -0.0175053
-14.7168 3.79061 -0.101204 -19.9999 -0.0175367
-14.6944 3.78835 -0.101273 -19.9927 -0.0175682
-14.672 3.78608 -0.101343 -19.9855 -0.0175998
-14.6496 3.78381 -0.101413 -19.9783 -0.0176315
-14.6272 3.78153 -0.101483 -19.9711 -0.0176633
-14.6048 3.77926 -0.101553 -19.9639 -0.0176952
-14.5824 3.77698 -0.101623 -19.9567 -0.0177272
-14.56 3.77471 -0.101694 -19.9494 -0.0177593
-14.5376 3.77243 -0.101765 -19.9422 -0.0177915
-14.5152 3.77015 -0.101836 -19.9349 -0.0178239
-14.4928 3.76787 -0.101907 -19.9276 -0.0178563
-14.4704 3.76558 -0.101978 -19.9204 -0.0178888
-14.448 3.7633 -0.10205 -19.9131 -0.0179214
-14.4256 3.76101 -0.102121 -19.9058 -0.0179541
-14.4032 3.75872 -0.102193 -19.8985 -0.0179869
-14.3808 3.75643 -0.102265 -19.8912 -0.0180198
-14.3584 3.75414 -0.102337 -19.8839 -0.0180528
-14.336 3.75185 -0.10241 -19.8765 -0.0180859
-14.3136 3.74955 -0.102482 -19.8692 -0.0181192
-14.2912 3.74726 -0.102555 -19.8618 -0.0181525
-14.2688 3.74496 -0.102628 -19.8545 -0.0181859
-14.2464 3.74266 -0.102701 -19.8471 -0.0182195
-14.224 3.74036 -0.102775 -19.8397 -0.0182531
-14.2016 3.73805 -0.102848 -19.8323 -0.0182869
-14.1792 3.73575 -0.102922 -19.8249 -0.0183208
-14.1568 3.73344 -0.102996 -19.8175 -0.0183547
-14.1344 3.73113 -0.10307 -19.8101 -0.0183888
-14.112 3.72882 -0.103145 -19.8027 -0.018423
-14.0896 3.72651 -0.103219 -19.7952 -0.0184573
-14.0672 3.7242 -0.103294 -19.7878 -0.0184917
-14.0448 3.72189 -0.103369 -19.7803 -0.0185262
-14.0224 3.71957 -0.103444 -19.7728 -0.0185609
-14 3.71725 -0.103519 -19.7654 -0.0185956
-13.9776 3.71493 -0.103595 -19.7579 -0.0186305
-13.9552 3.71261 -0.103671 -19.7504 -0.0186655
-13.9328 3.71029 -0.103747 -19.7428 -0.0187005
-13.9104 3.70796 -0.103823 -19.7353 -0.0187357
-13.888 3.70564 -0.103899 -19.7278 -0.018771
-13.8656 3.70331 -0.103976 -19.7203 -0.0188065
-13.8432 3.70098 -0.104052 -19.7127 -0.018842
-13.8208 3.69865 -0.104129 -19.7051 -0.0188777
-13.7984 3.69631 -0.104207 -19.6976 -0.0189134
-13.776 3.69398 -0.104284 -19.69 -0.0189493
-13.7536 3.69164 -0.104362 -19.6824 -0.0189853
-13.7312 3.6893 -0.104439 -19.6748 -0.0190215
-13.7088 3.68696 -0.104518 -19.6672 -0.0190577
-13.6864 3.68462 -0.104596 -19.6595 -0.0190941
-13.664 3.68228 -0.104674 -19.6519 -0.0191306
-13.6416 3.67993 -0.104753 -19.6443 -0.0191672
-13.6192 3.67758 -0.104832 -19.6366 -0.0192039
-13.5968 3.67523 -0.104911 -19.6289 -0.0192407
-13.5744 3.67288 -0.10499 -19.6213 -0.0192777
-13.552 3.67053 -0.10507 -19.6136 -0.0193148
-13.5296 3.66818 -0.10515 -19.6059 -0.019352
-13.5072 3.66582 -0.10523 -19.5982 -0.0193894
-13.4848 3.66346 -0.10531 -19.5904 -0.0194268
-13.4624 3.6611 -0.10539 -19.5827 -0.0194644
-13.44 3.65874 -0.105471 -19.575 -0.0195021
-13.4176 3.65638 -0.105552 -19.5672 -0.01954
-13.3952 3.65401 -0.105633 -19.5594 -0.019578
-13.3728 3.65164 -0.105714 -19.5517 -0.019616
-13.3504 3.64928 -0.105796 -19.5439 -0.0196543
-13.328 3.64691 -0.105878 -19.5361 -0.0196926
-13.3056 3.64453 -0.10596 -19.5283 -0.0197311
-13.2832 3.64216 -0.106042 -19.5204 -0.0197697
-13.2608 3.63978 -0.106124 -19.5126 -0.0198085
-13.2384 3.6374 -0.106207 -19.5048 -0.0198474
-13.216 3.63502 -0.10629 -19.4969 -0.0198864
-13.1936 3.63264 -0.106373 -19.489 -0.0199255
-13.1712 3.63026 -0.106457 -19.4812 -0.0199648
-13.1488 3.62787 -0.10654 -19.4733 -0.0200042
-13.1264 3.62549 -0.106624 -19.4654 -0.0200437
-13.104 3.6231 -0.106709 -19.4575 -0.0200834
-13.0816 3.6207 -0.106793 -19.4495 -0.0201232
-13.0592 3.61831 -0.106878 -19.4416 -0.0201632
-13.0368 3.61592 -0.106962 -19.4337 -0.0202033
-13.0144 3.61352 -0.107048 -19.4257 -0.0202435
-12.992 3.61112 -0.107133 -19.4177 -0.0202839
-12.9696 3.60872 -0.107219 -19.4098 -0.0203244
-12.9472 3.60632 -0.107304 -19.4018 -0.0203651
-12.9248 3.60391 -0.107391 -19.3938 -0.0204058
-12.9024 3.60151 -0.107477 -19.3857 -0.0204468
-12.88 3.5991 -0.107563 -19.3777 -0.0204879
-12.8576 3.59669 -0.10765 -19.3697 -0.0205291
-12.8352 3.59428 -0.107737 -19.3616 -0.0205704
-12.8128 3.59186 -0.107825 -19.3536 -0.0206119
-12.7904 3.58944 -0.107912 -19.3455 -0.0206536
-12.768 3.58703 -0.108 -19.3374 -0.0206954
-12.7456 3.58461 -0.108088 -19.3293 -0.0207374
-12.7232 3.58218 -0.108177 -19.3212 -0.0207794
-12.7008 3.57976 -0.108266 -19.3131 -0.0208217
-12.6784 3.57733 -0.108354 -19.3049 -0.0208641
-12.656 3.57491 -0.108444 -19.2968 -0.0209066
-12.6336 3.57248 -0.108533 -19.2886 -0.0209493
-12.6112 3.57004 -0.108623 -19.2804 -0.0209922
-12.5888 3.56761 -0.108713 -19.2723 -0.0210352
-12.5664 3.56517 -0.108803 -19.2641 -0.0210783
-12.544 3.56273 -0.108894 -19.2559 -0.0211216
-12.5216 3.56029 -0.108984 -19.2476 -0.0211651
-12.4992 3.55785 -0.109075 -19.2394 -0.0212087
-12.4768 3.55541 -0.109167 -19.2312 -0.0212525
-12.4544 3.55296 -0.109258 -19.2229 -0.0212964
-12.432 3.55051 -0.10935 -19.2146 -0.0213405
-12.4096 3.54806 -0.109442 -19.2063 -0.0213847
-12.3872 3.54561 -0.109535 -19.198 -0.0214292
-12.3648 3.54316 -0.109628 -19.1897 -0.0214737
-12.3424 3.5407 -0.109721 -19.1814 -0.0215185
-12.32 3.53824 -0.109814 -19.1731 -0.0215633
-12.2976 3.53578 -0.109907 -19.1647 -0.0216084
-12.2752 3.53332 -0.110001 -19.1564 -0.0216536
-12.2528 3.53085 -0.110095 -19.148 -0.021699
-12.2304 3.52838 -0.11019 -19.1396 -0.0217446
-12.208 3.52591 -0.110284 -19.1312 -0.0217903
-12.1856 3.52344 -0.11038 -19.1228 -0.0218362
-12.1632 3.52097 -0.110475 -19.1143 -0.0218822
-12.1408 3.51849 -0.11057 -19.1059 -0.0219284
-12.1184 3.51602 -0.110666 -19.0974 -0.0219748
-12.096 3.51354 -0.110762 -19.089 -0.0220214
-12.0736 3.51105 -0.110859 -19.0805 -0.0220681
-12.0512 3.50857 -0.110956 -19.072 -0.0221151
-12.0288 3.50608 -0.111053 -19.0635 -0.0221621
-12.0064 3.50359 -0.11115 -19.055 -0.0222094
-11.984 3.5011 -0.111248 -19.0464 -0.0222568
-11.9616 3.49861 -0.111346 -19.0379 -0.0223045
-11.9392 3.49612 -0.111444 -19.0293 -0.0223523
-11.9168 3.49362 -0.111543 -19.0208 -0.0224002
-11.8944 3.49112 -0.111642 -19.0122 -0.0224484
-11.872 3.48862 -0.111741 -19.0036 -0.0224967
-11.8496 3.48611 -0.11184 -18.9949 -0.0225452
-11.8272 3.48361 -0.11194 -18.9863 -0.0225939
-11.8048 3.4811 -0.11204 -18.9777 -0.0226428
-11.7824 3.47859 -0.112141 -18.969 -0.0226919
-11.76 3.47607 -0.112242 -18.9603 -0.0227411
-11.7376 3.47356 -0.112343 -18.9517 -0.0227906
-11.7152 3.47104 -0.112444 -18.9429 -0.0228402
-11.6928 3.46852 -0.112546 -18.9342 -0.02289
-11.6704 3.466 -0.112648 -18.9255 -0.02294
-11.648 3.46347 -0.112751 -18.9168 -0.0229902
-11.6256 3.46095 -0.112853 -18.908 -0.0230406
-11.6032 3.45842 -0.112956 -18.8992 -0.0230912
-11.5808 3.45589 -0.11306 -18.8904 -0.023142
-11.5584 3.45335 -0.113164 -18.8816 -0.023193
-11.536 3.45082 -0.113268 -18.8728 -0.0232441
-11.5136 3.44828 -0.113372 -18.864 -0.0232955
-11.4912 3.44574 -0.113477 -18.8551 -0.0233471
-11.4688 3.44319 -0.113582 -18.8463 -0.0233988
-11.4464 3.44065 -0.113687 -18.8374 -0.0234508
-11.424 3.4381 -0.113793 -18.8285 -0.023503
-11.4016 3.43555 -0.113899 -18.8196 -0.0235554
-11.3792 3.433 -0.114006 -18.8107 -0.0236079
-11.3568 3.43044 -0.114113 -18.8018 -0.0236607
-11.3344 3.42789 -0.11422 -18.7928 -0.0237137
-11.312 3.42533 -0.114327 -18.7839 -0.0237669
-11.2896 3.42276 -0.114435 -18.7749 -0.0238204
-11.2672 3.4202 -0.114544 -18.7659 -0.023874
-11.2448 3.41763 -0.114652 -18.7569 -0.0239278
-11.2224 3.41506 -0.114761 -18.7478 -0.0239819
-11.2 3.41249 -0.11487 -18.7388 -0.0240361
-11.1776 3.40992 -0.11498 -18.7297 -0.0240906
-11.1552 3.40734 -0.11509 -18.7207 -0.0241453
-11.1328 3.40476 -0.115201 -18.7116 -0.0242002
-11.1104 3.40218 -0.115312 -18.7025 -0.0242554
-11.088 3.3996 -0.115423 -18.6934 -0.0243107
-11.0656 3.39701 -0.115534 -18.6842 -0.0243663
-11.0432 3.39442 -0.115646 -18.6751 -0.0244221
-11.0208 3.39183 -0.115758 -18.6659 -0.0244781
-10.9984 3.38923 -0.115871 -18.6567 -0.0245344
-10.976 3.38664 -0.115984 -18.6475 -0.0245909
-10.9536 3.38404 -0.116098 -18.6383 -0.0246476
-10.9312 3.38144 -0.116212 -18.6291 -0.0247045
-10.9088 3.37883 -0.116326 -18.6198 -0.0247617
-10.8864 3.37622 -0.11644 -18.6106 -0.0248191
-10.864 3.37361 -0.116555 -18.6013 -0.0248767
-10.8416 3.371 -0.116671 -18.592 -0.0249346
-10.8192 3.36839 -0.116787 -18.5827 -0.0249927
-10.7968 3.36577 -0.116903 -18.5734 -0.0250511
-10.7744 3.36315 -0.11702 -18.564 -0.0251097
-10.752 3.36053 -0.117137 -18.5547 -0.0251685
-10.7296 3.3579 -0.117254 -18.5453 -0.0252276
-10.7072 3.35528 -0.117372 -18.5359 -0.0252869
-10.6848 3.35264 -0.11749 -18.5265 -0.0253465
-10.6624 3.35001 -0.117609 -18.517 -0.0254063
-10.64 3.34738 -0.117728 -18.5076 -0.0254664
-10.6176 3.34474 -0.117847 -18.4981 -0.0255267
-10.5952 3.3421 -0.117967 -18.4886 -0.0255872
-10.5728 3.33945 -0.118088 -18.4792 -0.0256481
-10.5504 3.33681 -0.118208 -18.4696 -0.0257091
-10.528 3.33416 -0.11833 -18.4601 -0.0257705
-10.5056 3.3315 -0.118451 -18.4506 -0.0258321
-10.4832 3.32885 -0.118573 -18.441 -0.0258939
-10.4608 3.32619 -0.118696 -18.4314 -0.025956
-10.4384 3.32353 -0.118819 -18.4218 -0.0260184
-10.416 3.32087 -0.118942 -18.4122 -0.0260811
-10.3936 3.3182 -0.119066 -18.4025 -0.026144
-10.3712 3.31554 -0.11919 -18.3929 -0.0262071
-10.3488 3.31286 -0.119315 -18.3832 -0.0262706
-10.3264 3.31019 -0.11944 -18.3735 -0.0263343
-10.304 3.30751 -0.119565 -18.3638 -0.0263983
-10.2816 3.30483 -0.119692 -18.3541 -0.0264626
-10.2592 3.30215 -0.119818 -18.3443 -0.0265271
-10.2368 3.29947 -0.119945 -18.3346 -0.0265919
-10.2144 3.29678 -0.120072 -18.3248 -0.0266571
-10.192 3.29409 -0.1202 -18.315 -0.0267224
-10.1696 3.29139 -0.120329 -18.3052 -0.0267881
-10.1472 3.2887 -0.120458 -18.2953 -0.0268541
-10.1248 3.286 -0.120587 -18.2855 -0.0269203
-10.1024 3.28329 -0.120717 -18.2756 -0.0269868
-10.08 3.28059 -0.120847 -18.2657 -0.0270537
-10.0576 3.27788 -0.120978 -18.2558 -0.0271208
-10.0352 3.27517 -0.121109 -18.2459 -0.0271882
-10.0128 3.27245 -0.121241 -18.2359 -0.0272559
-9.9904 3.26974 -0.121373 -18.226 -0.0273239
-9.968 3.26702 -0.121506 -18.216 -0.0273922
-9.9456 3.26429 -0.121639 -18.206 -0.0274609
-9.9232 3.26157 -0.121772 -18.1959 -0.0275298
-9.9008 3.25884 -0.121907 -18.1859 -0.027599
-9.8784 3.25611 -0.122041 -18.1758 -0.0276685
-9.856 3.25337 -0.122177 -18.1657 -0.0277384
-9.8336 3.25063 -0.122312 -18.1556 -0.0278086
-9.8112 3.24789 -0.122448 -18.1455 -0.027879
-9.7888 3.24515 -0.122585 -18.1354 -0.0279498
-9.7664 3.2424 -0.122723 -18.1252 -0.0280209
-9.744 3.23965 -0.12286 -18.115 -0.0280924
-9.7216 3.23689 -0.122999 -18.1048 -0.0281641
-9.6992 3.23414 -0.123137 -18.0946 -0.0282362
-9.6768 3.23138 -0.123277 -18.0843 -0.0283086
-9.6544 3.22862 -0.123417 -18.0741 -0.0283814
-9.632 3.22585 -0.123557 -18.0638 -0.0284544
-9.6096 3.22308 -0.123698 -18.0535 -0.0285279
-9.5872 3.22031 -0.12384 -18.0432 -0.0286016
-9.5648 3.21753 -0.123982 -18.0328 -0.0286757
-9.5424 3.21475 -0.124125 -18.0224 -0.0287501
-9.52 3.21197 -0.124268 -18.0121 -0.0288249
-9.4976 3.20919 -0.124412 -18.0016 -0.0289
-9.4752 3.2064 -0.124556 -17.9912 -0.0289755
-9.4528 3.20361 -0.124701 -17.9808 -0.0290513
-9.4304 3.20081 -0.124846 -17.9703 -0.0291275
-9.408 3.19801 -0.124992 -17.9598 -0.029204
-9.3856 3.19521 -0.125139 -17.9493 -0.0292809
-9.3632 3.19241 -0.125286 -17.9387 -0.0293581
-9.3408 3.1896 -0.125434 -17.9282 -0.0294357
-9.3184 3.18679 -0.125582 -17.9176 -0.0295137
-9.296 3.18397 -0.125731 -17.907 -0.0295921
-9.2736 3.18115 -0.125881 -17.8964 -0.0296708
-9.2512 3.17833 -0.126031 -17.8857 -0.0297499
-9.2288 3.17551 -0.126182 -17.875 -0.0298293
-9.2064 3.17268 -0.126333 -17.8643 -0.0299092
-9.184 3.16985 -0.126485 -17.8536 -0.0299894
-9.1616 3.16701 -0.126638 -17.8429 -0.03007
-9.1392 3.16417 -0.126791 -17.8321 -0.030151
-9.1168 3.16133 -0.126945 -17.8213 -0.0302324
-9.0944 3.15849 -0.127099 -17.8105 -0.0303142
-9.072 3.15564 -0.127254 -17.7997 -0.0303964
-9.0496 3.15279 -0.12741 -17.7889 -0.0304789
-9.0272 3.14993 -0.127566 -17.778 -0.0305619
-9.0048 3.14707 -0.127723 -17.7671 -0.0306453
-8.9824 3.14421 -0.127881 -17.7562 -0.0307291
-8.96 3.14134 -0.128039 -17.7452 -0.0308133
-8.9376 3.13847 -0.128198 -17.7342 -0.0308979
-8.9152 3.1356 -0.128358 -17.7233 -0.0309829
-8.8928 3.13272 -0.128518 -17.7122 -0.0310684
-8.8704 3.12984 -0.128679 -17.7012 -0.0311542
-8.848 3.12696 -0.128841 -17.6901 -0.0312405
-8.8256 3.12407 -0.129003 -17.679 -0.0313272
-8.8032 3.12118 -0.129166 -17.6679 -0.0314144
-8.7808 3.11828 -0.12933 -17.6568 -0.031502
-8.7584 3.11538 -0.129494 -17.6456 -0.03159
-8.736 3.11248 -0.129659 -17.6344 -0.0316785
-8.7136 3.10958 -0.129825 -17.6232 -0.0317674
-8.6912 3.10667 -0.129991 -17.612 -0.0318567
-8.6688 3.10375 -0.130159 -17.6007 -0.0319465
-8.6464 3.10083 -0.130327 -17.5895 -0.0320368
-8.624 3.09791 -0.130495 -17.5781 -0.0321275
-8.6016 3.09499 -0.130665 -17.5668 -0.0322187
-8.5792 3.09206 -0.130835 -17.5554 -0.0323103
-8.5568 3.08913 -0.131005 -17.5441 -0.0324025
-8.5344 3.08619 -0.131177 -17.5326 -0.032495
-8.512 3.08325 -0.131349 -17.5212 -0.0325881
-8.4896 3.08031 -0.131522 -17.5097 -0.0326816
-8.4672 3.07736 -0.131696 -17.4982 -0.0327757
-8.4448 3.07441 -0.131871 -17.4867 -0.0328702
-8.4224 3.07145 -0.132046 -17.4752 -0.0329652
-8.4 3.06849 -0.132222 -17.4636 -0.0330607
-8.3776 3.06553 -0.132399 -17.452 -0.0331566
-8.3552 3.06256 -0.132577 -17.4404 -0.0332531
-8.3328 3.05959 -0.132755 -17.4287 -0.0333501
-8.3104 3.05661 -0.132934 -17.4171 -0.0334476
-8.288 3.05363 -0.133114 -17.4054 -0.0335456
-8.2656 3.05065 -0.133295 -17.3936 -0.0336442
-8.2432 3.04766 -0.133477 -17.3819 -0.0337432
-8.2208 3.04467 -0.133659 -17.3701 -0.0338428
-8.1984 3.04167 -0.133842 -17.3583 -0.0339429
-8.176 3.03867 -0.134027 -17.3464 -0.0340436
-8.1536 3.03567 -0.134211 -17.3345 -0.0341447
-8.1312 3.03266 -0.134397 -17.3226 -0.0342465
-8.1088 3.02965 -0.134584 -17.3107 -0.0343487
-8.0864 3.02663 -0.134771 -17.2988 -0.0344516
-8.064 3.02361 -0.13496 -17.2868 -0.0345549
-8.0416 3.02058 -0.135149 -17.2748 -0.0346589
-8.0192 3.01755 -0.135339 -17.2627 -0.0347634
-7.9968 3.01452 -0.13553 -17.2506 -0.0348684
-7.9744 3.01148 -0.135722 -17.2385 -0.0349741
-7.952 3.00844 -0.135914 -17.2264 -0.0350803
-7.9296 3.00539 -0.136108 -17.2143 -0.0351871
-7.9072 3.00234 -0.136302 -17.2021 -0.0352945
-7.8848 2.99929 -0.136498 -17.1898 -0.0354025
-7.8624 2.99623 -0.136694 -17.1776 -0.035511
-7.84 2.99316 -0.136891 -17.1653 -0.0356202
-7.8176 2.99009 -0.137089 -17.153 -0.03573
-7.7952 2.98702 -0.137289 -17.1407 -0.0358404
-7.7728 2.98394 -0.137489 -17.1283 -0.0359514
-7.7504 2.98086 -0.13769 -17.1159 -0.0360631
-7.728 2.97778 -0.137892 -17.1035 -0.0361753
-7.7056 2.97468 -0.138094 -17.091 -0.0362882
-7.6832 2.97159 -0.138298 -17.0785 -0.0364017
-7.6608 2.96849 -0.138503 -17.066 -0.0365159
-7.6384 2.96538 -0.138709 -17.0534 -0.0366308
-7.616 2.96227 -0.138916 -17.0408 -0.0367462
-7.5936 2.95916 -0.139124 -17.0282 -0.0368624
-7.5712 2.95604 -0.139333 -17.0155 -0.0369792
-7.5488 2.95292 -0.139542 -17.0029 -0.0370967
-7.5264 2.94979 -0.139753 -16.9901 -0.0372148
-7.504 2.94666 -0.139965 -16.9774 -0.0373336
-7.4816 2.94352 -0.140178 -16.9646 -0.0374532
-7.4592 2.94038 -0.140392 -16.9518 -0.0375734
-7.4368 2.93723 -0.140607 -16.9389 -0.0376943
-7.4144 2.93408 -0.140823 -16.926 -0.0378159
-7.392 2.93092 -0.141041 -16.9131 -0.0379383
-7.3696 2.92776 -0.141259 -16.9002 -0.0380613
-7.3472 2.92459 -0.141478 -16.8872 -0.0381851
-7.3248 2.92142 -0.141699 -16.8742 -0.0383096
-7.3024 2.91825 -0.14192 -16.8611 -0.0384348
-7.28 2.91506 -0.142143 -16.848 -0.0385608
-7.2576 2.91188 -0.142367 -16.8349 -0.0386876
-7.2352 2.90869 -0.142592 -16.8217 -0.0388151
-7.2128 2.90549 -0.142818 -16.8085 -0.0389433
-7.1904 2.90229 -0.143045 -16.7953 -0.0390724
-7.168 2.89908 -0.143273 -16.782 -0.0392022
-7.1456 2.89587 -0.143503 -16.7687 -0.0393328
-7.1232 2.89265 -0.143734 -16.7554 -0.0394642
-7.1008 2.88943 -0.143966 -16.742 -0.0395964
-7.0784 2.8862 -0.144199 -16.7286 -0.0397294
-7.056 2.88297 -0.144433 -16.7151 -0.0398632
-7.0336 2.87973 -0.144669 -16.7017 -0.0399978
-7.0112 2.87649 -0.144906 -16.6881 -0.0401332
-6.9888 2.87324 -0.145144 -16.6746 -0.0402695
-6.9664 2.86999 -0.145383 -16.661 -0.0404067
-6.944 2.86673 -0.145623 -16.6473 -0.0405447
-6.9216 2.86346 -0.145865 -16.6337 -0.0406835
-6.8992 2.86019 -0.146108 -16.6199 -0.0408232
-6.8768 2.85692 -0.146353 -16.6062 -0.0409638
-6.8544 2.85363 -0.146598 -16.5924 -0.0411053
-6.832 2.85035 -0.146845 -16.5786 -0.0412477
-6.8096 2.84706 -0.147094 -16.5647 -0.0413909
-6.7872 2.84376 -0.147343 -16.5508 -0.0415351
-6.7648 2.84046 -0.147594 -16.5368 -0.0416802
-6.7424 2.83715 -0.147847 -16.5229 -0.0418262
-6.72 2.83383 -0.1481 -16.5088 -0.0419732
-6.6976 2.83051 -0.148356 -16.4948 -0.0421211
-6.6752 2.82719 -0.148612 -16.4806 -0.0422699
-6.6528 2.82385 -0.14887 -16.4665 -0.0424197
-6.6304 2.82052 -0.149129 -16.4523 -0.0425705
-6.608 2.81717 -0.14939 -16.4381 -0.0427223
-6.5856 2.81382 -0.149652 -16.4238 -0.042875
-6.5632 2.81047 -0.149916 -16.4095 -0.0430288
-6.5408 2.80711 -0.150181 -16.3951 -0.0431835
-6.5184 2.80374 -0.150448 -16.3807 -0.0433393
-6.496 2.80037 -0.150716 -16.3662 -0.0434961
-6.4736 2.79699 -0.150985 -16.3518 -0.043654
-6.4512 2.7936 -0.151257 -16.3372 -0.0438129
-6.4288 2.79021 -0.151529 -16.3226 -0.0439728
-6.4064 2.78681 -0.151803 -16.308 -0.0441339
-6.384 2.78341 -0.152079 -16.2934 -0.044296
-6.3616 2.78 -0.152357 -16.2786 -0.0444592
-6.3392 2.77659 -0.152635 -16.2639 -0.0446235
-6.3168 2.77316 -0.152916 -16.2491 -0.0447889
-6.2944 2.76973 -0.153198 -16.2342 -0.0449555
-6.272 2.7663 -0.153482 -16.2193 -0.0451232
-6.2496 2.76286 -0.153767 -16.2044 -0.045292
-6.2272 2.75941 -0.154054 -16.1894 -0.045462
-6.2048 2.75596 -0.154343 -16.1744 -0.0456332
-6.1824 2.7525 -0.154634 -16.1593 -0.0458055
-6.16 2.74903 -0.154926 -16.1442 -0.0459791
-6.1376 2.74556 -0.15522 -16.129 -0.0461538
-6.1152 2.74208 -0.155516 -16.1138 -0.0463298
-6.0928 2.73859 -0.155813 -16.0985 -0.046507
-6.0704 2.7351 -0.156112 -16.0832 -0.0466855
-6.048 2.73159 -0.156413 -16.0678 -0.0468652
-6.0256 2.72809 -0.156716 -16.0524 -0.0470462
-6.0032 2.72457 -0.157021 -16.0369 -0.0472285
-5.9808 2.72105 -0.157327 -16.0214 -0.047412
-5.9584 2.71753 -0.157635 -16.0058 -0.0475969
-5.936 2.71399 -0.157946 -15.9902 -0.0477832
-5.9136 2.71045 -0.158258 -15.9745 -0.0479707
-5.8912 2.7069 -0.158572 -15.9588 -0.0481597
-5.8688 2.70335 -0.158888 -15.943 -0.04835
-5.8464 2.69978 -0.159206 -15.9272 -0.0485417
-5.824 2.69621 -0.159525 -15.9113 -0.0487347
-5.8016 2.69264 -0.159847 -15.8954 -0.0489292
-5.7792 2.68905 -0.160171 -15.8794 -0.0491252
-5.7568 2.68546 -0.160497 -15.8634 -0.0493226
-5.7344 2.68186 -0.160825 -15.8473 -0.0495214
-5.712 2.67826 -0.161155 -15.8311 -0.0497218
-5.6896 2.67464 -0.161487 -15.8149 -0.0499236
-5.6672 2.67102 -0.161822 -15.7987 -0.0501269
-5.6448 2.66739 -0.162158 -15.7824 -0.0503318
-5.6224 2.66376 -0.162496 -15.766 -0.0505382
-5.6 2.66011 -0.162837 -15.7495 -0.0507462
-5.5776 2.65646 -0.16318 -15.7331 -0.0509558
-5.5552 2.6528 -0.163525 -15.7165 -0.051167
-5.5328 2.64914 -0.163873 -15.6999 -0.0513798
-5.5104 2.64546 -0.164222 -15.6833 -0.0515942
-5.488 2.64178 -0.164574 -15.6665 -0.0518103
-5.4656 2.63809 -0.164929 -15.6498 -0.0520281
-5.4432 2.63439 -0.165285 -15.6329 -0.0522475
-5.4208 2.63068 -0.165644 -15.616 -0.0524687
-5.3984 2.62697 -0.166006 -15.5991 -0.0526917
-5.376 2.62325 -0.166369 -15.582 -0.0529163
-5.3536 2.61951 -0.166736 -15.565 -0.0531428
-5.3312 2.61578 -0.167104 -15.5478 -0.053371
-5.3088 2.61203 -0.167475 -15.5306 -0.0536011
-5.2864 2.60827 -0.167849 -15.5133 -0.053833
-5.264 2.60451 -0.168225 -15.496 -0.0540668
-5.2416 2.60074 -0.168604 -15.4786 -0.0543024
-5.2192 2.59696 -0.168986 -15.4611 -0.05454
-5.1968 2.59317 -0.16937 -15.4436 -0.0547795
-5.1744 2.58937 -0.169756 -15.426 -0.055021
-5.152 2.58556 -0.170146 -15.4084 -0.0552644
-5.1296 2.58175 -0.170538 -15.3906 -0.0555098
-5.1072 2.57792 -0.170933 -15.3728 -0.0557573
-5.0848 2.57409 -0.17133 -15.355 -0.0560068
-5.0624 2.57025 -0.171731 -15.337 -0.0562584
-5.04 2.56639 -0.172134 -15.319 -0.0565121
-5.0176 2.56253 -0.17254 -15.301 -0.0567679
-4.9952 2.55866 -0.172949 -15.2828 -0.0570259
-4.9728 2.55479 -0.173361 -15.2646 -0.0572861
-4.9504 2.5509 -0.173776 -15.2464 -0.0575485
-4.928 2.547 -0.174194 -15.228 -0.0578131
-4.9056 2.54309 -0.174615 -15.2096 -0.05808
-4.8832 2.53918 -0.17504 -15.1911 -0.0583492
-4.8608 2.53525 -0.175467 -15.1725 -0.0586207
-4.8384 2.53132 -0.175897 -15.1539 -0.0588946
-4.816 2.52737 -0.176331 -15.1351 -0.0591709
-4.7936 2.52342 -0.176767 -15.1163 -0.0594496
-4.7712 2.51945 -0.177207 -15.0975 -0.0597307
-4.7488 2.51548 -0.177651 -15.0785 -0.0600143
-4.7264 2.51149 -0.178097 -15.0595 -0.0603005
-4.704 2.5075 -0.178547 -15.0404 -0.0605892
-4.6816 2.50349 -0.179001 -15.0212 -0.0608805
-4.6592 2.49948 -0.179458 -15.0019 -0.0611744
-4.6368 2.49545 -0.179918 -14.9826 -0.0614709
-4.6144 2.49142 -0.180382 -14.9632 -0.0617702
-4.592 2.48737 -0.18085 -14.9437 -0.0620721
-4.5696 2.48332 -0.181321 -14.9241 -0.0623769
-4.5472 2.47925 -0.181796 -14.9044 -0.0626844
-4.5248 2.47517 -0.182274 -14.8846 -0.0629948
-4.5024 2.47108 -0.182757 -14.8648 -0.063308
-4.48 2.46699 -0.183243 -14.8449 -0.0636242
-4.4576 2.46288 -0.183733 -14.8248 -0.0639433
-4.4352 2.45875 -0.184227 -14.8047 -0.0642655
-4.4128 2.45462 -0.184724 -14.7845 -0.0645907
-4.3904 2.45048 -0.185226 -14.7643 -0.064919
-4.368 2.44632 -0.185732 -14.7439 -0.0652504
-4.3456 2.44216 -0.186242 -14.7234 -0.065585
-4.3232 2.43798 -0.186756 -14.7029 -0.0659228
-4.3008 2.43379 -0.187275 -14.6822 -0.0662638
-4.2784 2.42959 -0.187798 -14.6615 -0.0666082
-4.256 2.42538 -0.188325 -14.6407 -0.066956
-4.2336 2.42115 -0.188856 -14.6197 -0.0673072
-4.2112 2.41692 -0.189392 -14.5987 -0.0676618
-4.1888 2.41267 -0.189932 -14.5776 -0.06802
-4.1664 2.40841 -0.190477 -14.5564 -0.0683817
-4.144 2.40413 -0.191027 -14.5351 -0.0687471
-4.1216 2.39985 -0.191581 -14.5137 -0.0691161
-4.0992 2.39555 -0.19214 -14.4921 -0.0694888
-4.0768 2.39124 -0.192704 -14.4705 -0.0698654
-4.0544 2.38692 -0.193272 -14.4488 -0.0702458
-4.032 2.38258 -0.193846 -14.427 -0.0706301
-4.0096 2.37823 -0.194425 -14.405 -0.0710183
-3.9872 2.37387 -0.195008 -14.383 -0.0714106
-3.9648 2.3695 -0.195597 -14.3609 -0.071807
-3.9424 2.36511 -0.196191 -14.3386 -0.0722076
-3.92 2.36071 -0.196791 -14.3163 -0.0726123
-3.8976 2.35629 -0.197396 -14.2938 -0.0730214
-3.8752 2.35187 -0.198006 -14.2712 -0.0734347
-3.8528 2.34742 -0.198622 -14.2485 -0.0738526
-3.8304 2.34297 -0.199243 -14.2257 -0.0742749
-3.808 2.3385 -0.19987 -14.2028 -0.0747018
-3.7856 2.33401 -0.200503 -14.1797 -0.0751333
-3.7632 2.32951 -0.201142 -14.1566 -0.0755695
-3.7408 2.325 -0.201786 -14.1333 -0.0760106
-3.7184 2.32047 -0.202437 -14.1099 -0.0764565
-3.696 2.31593 -0.203094 -14.0864 -0.0769074
-3.6736 2.31138 -0.203757 -14.0627 -0.0773633
-3.6512 2.3068 -0.204426 -14.0389 -0.0778243
-3.6288 2.30222 -0.205102 -14.0151 -0.0782905
-3.6064 2.29762 -0.205784 -13.991 -0.0787621
-3.584 2.293 -0.206473 -13.9669 -0.079239
-3.5616 2.28837 -0.207169 -13.9426 -0.0797214
-3.5392 2.28372 -0.207871 -13.9182 -0.0802094
-3.5168 2.27905 -0.20858 -13.8936 -0.0807031
-3.4944 2.27437 -0.209296 -13.869 -0.0812025
-3.472 2.26968 -0.21002 -13.8441 -0.0817078
-3.4496 2.26496 -0.210751 -13.8192 -0.0822191
-3.4272 2.26023 -0.211489 -13.7941 -0.0827364
-3.4048 2.25549 -0.212234 -13.7689 -0.08326
-3.3824 2.25073 -0.212987 -13.7435 -0.0837899
-3.36 2.24595 -0.213748 -13.718 -0.0843261
-3.3376 2.24115 -0.214517 -13.6923 -0.084869
-3.3152 2.23634 -0.215293 -13.6665 -0.0854184
-3.2928 2.23151 -0.216078 -13.6405 -0.0859747
-3.2704 2.22666 -0.216871 -13.6144 -0.0865378
-3.248 2.22179 -0.217672 -13.5881 -0.087108
-3.2256 2.2169 -0.218482 -13.5617 -0.0876854
-3.2032 2.212 -0.219301 -13.5351 -0.08827
-3.1808 2.20708 -0.220128 -13.5084 -0.0888621
-3.1584 2.20214 -0.220965 -13.4815 -0.0894618
-3.136 2.19718 -0.22181 -13.4544 -0.0900692
-3.1136 2.1922 -0.222665 -13.4272 -0.0906845
-3.0912 2.1872 -0.223529 -13.3998 -0.0913078
-3.0688 2.18219 -0.224403 -13.3722 -0.0919393
-3.0464 2.17715 -0.225286 -13.3444 -0.0925792
-3.024 2.1721 -0.22618 -13.3165 -0.0932276
-3.0016 2.16702 -0.227083 -13.2884 -0.0938846
-2.9792 2.16192 -0.227997 -13.2601 -0.0945506
-2.9568 2.1568 -0.228922 -13.2317 -0.0952255
-2.9344 2.15167 -0.229857 -13.203 -0.0959098
-2.912 2.14651 -0.230803 -13.1742 -0.0966034
-2.8896 2.14133 -0.23176 -13.1452 -0.0973066
-2.8672 2.13612 -0.232728 -13.116 -0.0980197
-2.8448 2.1309 -0.233708 -13.0866 -0.0987428
-2.8224 2.12565 -0.234699 -13.057 -0.0994761
-2.8 2.12039 -0.235703 -13.0272 -0.10022
-2.7776 2.11509 -0.236719 -12.9972 -0.100974
-2.7552 2.10978 -0.237747 -12.967 -0.10174
-2.7328 2.10444 -0.238788 -12.9366 -0.102516
-2.7104 2.09908 -0.239841 -12.9059 -0.103304
-2.688 2.0937 -0.240908 -12.8751 -0.104104
-2.6656 2.08829 -0.241988 -12.844 -0.104915
-2.6432 2.08286 -0.243082 -12.8127 -0.105739
-2.6208 2.0774 -0.24419 -12.7812 -0.106575
-2.5984 2.07192 -0.245312 -12.7495 -0.107424
-2.576 2.06641 -0.246449 -12.7175 -0.108286
-2.5536 2.06088 -0.247601 -12.6853 -0.109161
-2.5312 2.05532 -0.248767 -12.6529 -0.11005
-2.5088 2.04973 -0.24995 -12.6202 -0.110953
-2.4864 2.04412 -0.251148 -12.5873 -0.11187
-2.464 2.03848 -0.252362 -12.5541 -0.112801
-2.4416 2.03281 -0.253592 -12.5206 -0.113748
-2.4192 2.02712 -0.25484 -12.4869 -0.11471
-2.3968 2.0214 -0.256104 -12.453 -0.115688
-2.3744 2.01564 -0.257387 -12.4188 -0.116682
-2.352 2.00986 -0.258687 -12.3843 -0.117692
-2.3296 2.00406 -0.260006 -12.3495 -0.118719
-2.3072 1.99822 -0.261343 -12.3145 -0.119764
-2.2848 1.99235 -0.2627 -12.2791 -0.120827
-2.2624 1.98645 -0.264076 -12.2435 -0.121907
-2.24 1.98052 -0.265472 -12.2076 -0.123007
-2.2176 1.97455 -0.266889 -12.1714 -0.124126
-2.1952 1.96856 -0.268327 -12.1348 -0.125264
-2.1728 1.96253 -0.269787 -12.098 -0.126423
-2.1504 1.95647 -0.271269 -12.0608 -0.127602
-2.128 1.95038 -0.272773 -12.0234 -0.128803
-2.1056 1.94425 -0.274301 -11.9856 -0.130026
-2.0832 1.93809 -0.275852 -11.9474 -0.131271
-2.0608 1.93189 -0.277428 -11.909 -0.13254
-2.0384 1.92566 -0.279029 -11.8701 -0.133832
-2.016 1.91939 -0.280655 -11.831 -0.135149
-1.9936 1.91309 -0.282308 -11.7914 -0.136492
-1.9712 1.90675 -0.283987 -11.7515 -0.13786
-1.9488 1.90037 -0.285695 -11.7112 -0.139255
-1.9264 1.89395 -0.28743 -11.6706 -0.140677
-1.904 1.88749 -0.289195 -11.6295 -0.142128
-1.8816 1.88099 -0.29099 -11.5881 -0.143608
-1.8592 1.87445 -0.292815 -11.5462 -0.145118
-1.8368 1.86787 -0.294672 -11.504 -0.146659
-1.8144 1.86125 -0.296561 -11.4613 -0.148232
-1.792 1.85459 -0.298484 -11.4182 -0.149838
-1.7696 1.84788 -0.300441 -11.3746 -0.151478
-1.7472 1.84113 -0.302433 -11.3306 -0.153153
-1.7248 1.83433 -0.304462 -11.2862 -0.154864
-1.7024 1.82749 -0.306528 -11.2413 -0.156613
-1.68 1.8206 -0.308632 -11.1958 -0.158401
-1.6576 1.81366 -0.310776 -11.15 -0.160228
-1.6352 1.80667 -0.312961 -11.1036 -0.162097
-1.6128 1.79964 -0.315189 -11.0567 -0.164009
-1.5904 1.79255 -0.317459 -11.0092 -0.165965
-1.568 1.78542 -0.319774 -10.9613 -0.167967
-1.5456 1.77823 -0.322136 -10.9127 -0.170016
-1.5232 1.77098 -0.324545 -10.8637 -0.172114
-1.5008 1.76369 -0.327003 -10.814 -0.174264
-1.4784 1.75633 -0.329512 -10.7638 -0.176466
-1.456 1.74892 -0.332073 -10.7129 -0.178723
-1.4336 1.74146 -0.334689 -10.6615 -0.181036
-1.4112 1.73393 -0.337361 -10.6094 -0.183409
-1.3888 1.72634 -0.340091 -10.5566 -0.185844
-1.3664 1.71869 -0.342881 -10.5032 -0.188342
-1.344 1.71098 -0.345734 -10.4491 -0.190906
-1.3216 1.7032 -0.348651 -10.3943 -0.193539
-1.2992 1.69536 -0.351635 -10.3387 -0.196245
-1.2768 1.68745 -0.354688 -10.2824 -0.199025
-1.2544 1.67947 -0.357813 -10.2254 -0.201883
-1.232 1.67142 -0.361013 -10.1676 -0.204822
-1.2096 1.6633 -0.36429 -10.1089 -0.207846
-1.1872 1.6551 -0.367648 -10.0495 -0.210958
-1.1648 1.64682 -0.37109 -9.98912 -0.214164
-1.1424 1.63847 -0.374619 -9.92791 -0.217465
-1.12 1.63004 -0.378239 -9.86578 -0.220869
-1.0976 1.62153 -0.381954 -9.80272 -0.224377
-1.0752 1.61293 -0.385767 -9.73868 -0.227997
-1.0528 1.60424 -0.389683 -9.67365 -0.231734
-1.0304 1.59547 -0.393706 -9.60758 -0.235592
-1.008 1.5866 -0.397841 -9.54044 -0.239578
-0.9856 1.57765 -0.402094 -9.4722 -0.243699
-0.9632 1.56859 -0.406469 -9.40282 -0.247962
-0.9408 1.55943 -0.410973 -9.33226 -0.252374
-0.9184 1.55018 -0.415611 -9.26047 -0.256942
-0.896 1.54081 -0.420391 -9.18741 -0.261677
-0.8736 1.53134 -0.425318 -9.11304 -0.266586
-0.8512 1.52176 -0.430401 -9.0373 -0.27168
-0.8288 1.51206 -0.435648 -8.96015 -0.27697
-0.8064 1.50224 -0.441067 -8.88152 -0.282466
-0.784 1.4923 -0.446667 -8.80135 -0.288182
-0.7616 1.48223 -0.452459 -8.71959 -0.294131
-0.7392 1.47203 -0.458453 -8.63616 -0.300328
-0.7168 1.46169 -0.464661 -8.551 -0.306788
-0.6944 1.45121 -0.471095 -8.46403 -0.313529
-0.672 1.44058 -0.477769 -8.37516 -0.32057
-0.6496 1.4298 -0.484697 -8.28432 -0.327931
-0.6272 1.41886 -0.491896 -8.1914 -0.335634
-0.6048 1.40776 -0.499383 -8.0963 -0.343706
-0.5824 1.39649 -0.507178 -7.99893 -0.352172
-0.56 1.38504 -0.5153 -7.89915 -0.361064
-0.5376 1.3734 -0.523773 -7.79685 -0.370413
-0.5152 1.36157 -0.532622 -7.69188 -0.380257
-0.4928 1.34954 -0.541875 -7.58411 -0.390637
-0.4704 1.33729 -0.551562 -7.47336 -0.401599
-0.448 1.32482 -0.561718 -7.35946 -0.413192
-0.4256 1.31212 -0.572381 -7.24223 -0.425476
-0.4032 1.29918 -0.583593 -7.12144 -0.438513
-0.3808 1.28597 -0.595402 -6.99687 -0.452377
-0.3584 1.2725 -0.607862 -6.86825 -0.467152
-0.336 1.25874 -0.621033 -6.7353 -0.482931
-0.3136 1.24467 -0.634984 -6.5977 -0.499824
-0.2912 1.23028 -0.649795 -6.45508 -0.517955
-0.2688 1.21555 -0.665557 -6.30705 -0.53747
-0.2464 1.20046 -0.682374 -6.15315 -0.55854
-0.224 1.18497 -0.700371 -5.99285 -0.581365
-0.2016 1.16907 -0.719691 -5.82554 -0.606181
-0.1792 1.15272 -0.740506 -5.65053 -0.633275
-0.1568 1.13588 -0.763022 -5.46699 -0.662989
-0.1344 1.11852 -0.787488 -5.27396 -0.695747
-0.112 1.10059 -0.814211 -5.07026 -0.732073
-0.0896 1.08203 -0.843577 -4.85446 -0.772626
-0.0672 1.06277 -0.876076 -4.62479 -0.818258
-0.0448 1.04275 -0.912348 -4.37899 -0.870087
-0.0224 1.02186 -0.953255 -4.1141 -0.929627
0 1 -1 -3.82611 -0.999
0.0031 0.996889 -1.00702 -3.78413 -1.00953
0.0062 0.993756 -1.01419 -3.7416 -1.02032
0.0093 0.990601 -1.02151 -3.69847 -1.03138
0.0124 0.987423 -1.029 -3.65474 -1.04272
0.0155 0.984221 -1.03666 -3.61038 -1.05434
0.0186 0.980995 -1.04449 -3.56537 -1.06627
0.0217 0.977745 -1.05251 -3.51967 -1.07852
0.0248 0.97447 -1.06073 -3.47328 -1.0911
0.0279 0.971168 -1.06915 -3.42615 -1.10403
0.031 0.967841 -1.07778 -3.37825 -1.11733
0.0341 0.964486 -1.08663 -3.32956 -1.13101
0.0372 0.961103 -1.09572 -3.28003 -1.1451
0.0403 0.957692 -1.10506 -3.22963 -1.15962
0.0434 0.954252 -1.11466 -3.17831 -1.1746
0.0465 0.950781 -1.12454 -3.12604 -1.19005
0.0496 0.947279 -1.13471 -3.07275 -1.20601
0.0527 0.943745 -1.14519 -3.0184 -1.22251
0.0558 0.940179 -1.15601 -2.96293 -1.23958
0.0589 0.936578 -1.16717 -2.90626 -1.25727
0.062 0.932942 -1.17872 -2.84834 -1.27561
0.0651 0.929269 -1.19067 -2.78908 -1.29466
0.0682 0.925559 -1.20306 -2.72838 -1.31445
0.0713 0.92181 -1.21592 -2.66615 -1.33506
0.0744 0.91802 -1.22929 -2.60228 -1.35655
0.0775 0.914188 -1.24321 -2.53664 -1.379
0.0806 0.910311 -1.25774 -2.46908 -1.40249
0.0837 0.906389 -1.27292 -2.39945 -1.42711
0.0868 0.902419 -1.28884 -2.32753 -1.45299
0.0899 0.898397 -1.30557 -2.25312 -1.48026
0.093 0.894323 -1.32321 -2.17594 -1.50907
0.0961 0.890192 -1.34186 -2.09569 -1.53961
0.0992 0.886002 -1.36167 -2.01199 -1.5721
0.1023 0.881749 -1.38281 -1.92437 -1.60682
0.1054 0.877427 -1.40547 -1.83228 -1.64411
0.1085 0.873033 -1.42994 -1.735 -1.68437
0.1116 0.868559 -1.45654 -1.63164 -1.72815
0.1147 0.864 -1.48573 -1.52102 -1.77614
0.1178 0.859345 -1.51809 -1.4016 -1.82924
0.1209 0.854583 -1.55444 -1.27133 -1.88863
0.124 0.849702 -1.59586 -1.12755 -1.95585
0.1271 0.844682 -1.64372 -0.96699 -2.03271
0.1302 0.839503 -1.69931 -0.786924 -2.12055
0.1333 0.834139 -1.76226 -0.589406 -2.21759
0.1364 0.828574 -1.82737 -0.38884 -2.31447
0.1395 0.822816 -1.88563 -0.208036 -2.39723
0.1426 0.816896 -1.9319 -0.0583202 -2.45953
0.1457 0.81085 -1.96682 0.0632929 -2.50376
0.1488 0.804711 -1.99281 0.16367 -2.53443
0.1519 0.798502 -2.01207 0.248556 -2.55524
0.155 0.792241 -2.02622 0.321997 -2.56875
0.1581 0.785944 -2.03636 0.38676 -2.57669
0.1612 0.779619 -2.04332 0.444768 -2.58029
0.1643 0.773278 -2.04768 0.497388 -2.58039
0.1674 0.766926 -2.04987 0.545621 -2.57765
0.1705 0.76057 -2.05023 0.590216 -2.57252
0.1736 0.754216 -2.04903 0.631747 -2.56538
0.1767 0.747868 -2.04646 0.670662 -2.55652
0.1798 0.741529 -2.04271 0.707318 -2.54616
0.1829 0.735204 -2.03791 0.742004 -2.5345
0.186 0.728895 -2.03217 0.774954 -2.5217
0.1891 0.722605 -2.0256 0.806365 -2.50787
0.1922 0.716337 -2.01828 0.836401 -2.49314
0.1953 0.710093 -2.01028 0.865198 -2.4776
0.1984 0.703874 -2.00167 0.892877 -2.46134
0.2015 0.697683 -1.99249 0.919538 -2.44441
0.2046 0.691521 -1.98281 0.945268 -2.4269
0.2077 0.68539 -1.97265 0.970145 -2.40884
0.2108 0.679291 -1.96207 0.994235 -2.39031
0.2139 0.673226 -1.95109 1.0176 -2.37133
0.217 0.667195 -1.93975 1.04028 -2.35195
0.2201 0.6612 -1.92808 1.06234 -2.3322
0.2232 0.655241 -1.91609 1.08381 -2.31213
0.2263 0.64932 -1.90382 1.10473 -2.29176
0.2294 0.643438 -1.89129 1.12514 -2.27112
0.2325 0.637594 -1.87851 1.14506 -2.25023
0.2356 0.631791 -1.86551 1.16451 -2.22913
0.2387 0.626028 -1.8523 1.18354 -2.20782
0.2418 0.620307 -1.8389 1.20215 -2.18634
0.2449 0.614627 -1.82533 1.22037 -2.16471
0.248 0.60899 -1.8116 1.23821 -2.14293
0.2511 0.603396 -1.79771 1.2557 -2.12104
0.2542 0.597844 -1.7837 1.27286 -2.09903
0.2573 0.592337 -1.76956 1.28968 -2.07694
0.2604 0.586873 -1.75531 1.3062 -2.05478
0.2635 0.581454 -1.74096 1.32241 -2.03254
0.2666 0.576079 -1.72652 1.33834 -2.01026
0.2697 0.57075 -1.712 1.35399 -1.98795
0.2728 0.565465 -1.69741 1.36938 -1.9656
0.2759 0.560226 -1.68276 1.3845 -1.94324
0.279 0.555032 -1.66807 1.39938 -1.92088
0.2821 0.549884 -1.65332 1.41402 -1.89852
0.2852 0.544781 -1.63855 1.42842 -1.87617
0.2883 0.539725 -1.62375 1.4426 -1.85385
0.2914 0.534714 -1.60893 1.45656 -1.83156
0.2945 0.52975 -1.5941 1.4703 -1.8093
0.2976 0.524831 -1.57926 1.48384 -1.7871
0.3007 0.519958 -1.56443 1.49717 -1.76494
0.3038 0.515131 -1.54961 1.51031 -1.74285
0.3069 0.510351 -1.53481 1.52325 -1.72082
0.31 0.505616 -1.52003 1.53601 -1.69887
0.3131 0.500926 -1.50528 1.54859 -1.677
0.3162 0.496283 -1.49056 1.56099 -1.65521
0.3193 0.491685 -1.47589 1.57321 -1.63351
0.3224 0.487132 -1.46127 1.58527 -1.61191
0.3255 0.482625 -1.44669 1.59715 -1.59041
0.3286 0.478163 -1.43218 1.60888 -1.56902
0.3317 0.473745 -1.41772 1.62044 -1.54774
0.3348 0.469373 -1.40334 1.63185 -1.52657
0.3379 0.465045 -1.38902 1.6431 -1.50552
0.341 0.460761 -1.37479 1.65421 -1.4846
0.3441 0.456521 -1.36063 1.66517 -1.4638
0.3472 0.452325 -1.34656 1.67598 -1.44313
0.3503 0.448172 -1.33258 1.68665 -1.4226
0.3534 0.444063 -1.31869 1.69718 -1.40221
0.3565 0.439996 -1.3049 1.70757 -1.38196
0.3596 0.435972 -1.2912 1.71783 -1.36185
0.3627 0.43199 -1.27761 1.72796 -1.3419
0.3658 0.428051 -1.26413 1.73796 -1.32209
0.3689 0.424153 -1.25075 1.74783 -1.30244
0.372 0.420296 -1.23749 1.75758 -1.28295
0.3751 0.41648 -1.22434 1.7672 -1.26361
0.3782 0.412705 -1.2113 1.77671 -1.24444
0.3813 0.40897 -1.19838 1.78609 -1.22543
0.3844 0.405275 -1.18559 1.79536 -1.20659
0.3875 0.401619 -1.17291 1.80451 -1.18792
0.3906 0.398003 -1.16036 1.81355 -1.16942
0.3937 0.394425 -1.14793 1.82248 -1.1511
0.3968 0.390885 -1.13563 1.83129 -1.13295
0.3999 0.387384 -1.12346 1.84001 -1.11497
0.403 0.38392 -1.11142 1.84861 -1.09718
0.4061 0.380493 -1.0995 1.85711 -1.07956
0.4092 0.377103 -1.08772 1.86551 -1.06213
0.4123 0.373749 -1.07606 1.87381 -1.04488
0.4154 0.370431 -1.06454 1.88201 -1.02781
0.4185 0.367149 -1.05315 1.89011 -1.01093
0.4216 0.363901 -1.04189 1.89812 -0.994239
0.4247 0.360689 -1.03076 1.90603 -0.977734
0.4278 0.357511 -1.01976 1.91384 -0.961417
0.4309 0.354366 -1.0089 1.92157 -0.945289
0.434 0.351255 -0.998165 1.92921 -0.929351
0.4371 0.348177 -0.987562 1.93676 -0.913604
0.4402 0.345132 -0.97709 1.94422 -0.898047
0.4433 0.342119 -0.966748 1.9516 -0.882681
0.4464 0.339138 -0.956535 1.95889 -0.867507
0.4495 0.336189 -0.946451 1.9661 -0.852525
0.4526 0.33327 -0.936494 1.97323 -0.837734
0.4557 0.330382 -0.926664 1.98027 -0.823135
0.4588 0.327525 -0.916961 1.98724 -0.808727
0.4619 0.324697 -0.907382 1.99413 -0.79451
0.465 0.321899 -0.897928 2.00095 -0.780485
0.4681 0.31913 -0.888596 2.00769 -0.76665
0.4712 0.316389 -0.879387 2.01435 -0.753005
0.4743 0.313677 -0.870297 2.02095 -0.739549
0.4774 0.310993 -0.861327 2.02747 -0.726283
0.4805 0.308337 -0.852475 2.03392 -0.713204
0.4836 0.305708 -0.84374 2.0403 -0.700313
0.4867 0.303106 -0.83512 2.04662 -0.687608
0.4898 0.30053 -0.826614 2.05287 -0.675089
0.4929 0.297981 -0.818221 2.05905 -0.662755
0.496 0.295457 -0.809938 2.06517 -0.650604
0.4991 0.292959 -0.801766 2.07122 -0.638635
0.5022 0.290486 -0.793702 2.07721 -0.626847
0.5053 0.288038 -0.785744 2.08314 -0.615239
0.5084 0.285614 -0.777892 2.08901 -0.60381
0.5115 0.283215 -0.770144 2.09482 -0.592559
0.5146 0.280839 -0.762498 2.10057 -0.581483
0.5177 0.278487 -0.754953 2.10626 -0.570581
0.5208 0.276158 -0.747508 2.1119 -0.559853
0.5239 0.273853 -0.74016 2.11748 -0.549296
0.527 0.271569 -0.732909 2.12301 -0.538908
0.5301 0.269308 -0.725752 2.12848 -0.528689
0.5332 0.26707 -0.718689 2.1339 -0.518637
0.5363 0.264852 -0.711718 2.13926 -0.50875
0.5394 0.262657 -0.704838 2.14458 -0.499026
0.5425 0.260482 -0.698047 2.14984 -0.489463
0.5456 0.258329 -0.691343 2.15506 -0.480061
0.5487 0.256196 -0.684726 2.16022 -0.470816
0.5518 0.254083 -0.678193 2.16534 -0.461728
0.5549 0.251991 -0.671744 2.17041 -0.452794
0.558 0.249919 -0.665378 2.17543 -0.444013
0.5611 0.247866 -0.659091 2.18041 -0.435383
0.5642 0.245832 -0.652885 2.18534 -0.426902
0.5673 0.243818 -0.646756 2.19023 -0.418568
0.5704 0.241822 -0.640704 2.19508 -0.41038
0.5735 0.239845 -0.634727 2.19988 -0.402335
0.5766 0.237887 -0.628825 2.20464 -0.394431
0.5797 0.235946 -0.622995 2.20935 -0.386668
0.5828 0.234024 -0.617238 2.21403 -0.379042
0.5859 0.23212 -0.611551 2.21867 -0.371552
0.589 0.230232 -0.605933 2.22326 -0.364197
0.5921 0.228363 -0.600383 2.22782 -0.356973
0.5952 0.22651 -0.5949 2.23234 -0.349881
0.5983 0.224674 -0.589483 2.23682 -0.342916
0.6014 0.222855 -0.584131 2.24126 -0.336079
0.6045 0.221053 -0.578843 2.24567 -0.329366
0.6076 0.219266 -0.573617 2.25004 -0.322776
0.6107 0.217496 -0.568453 2.25437 -0.316308
0.6138 0.215742 -0.563349 2.25867 -0.309959
0.6169 0.214003 -0.558305 2.26293 -0.303727
0.62 0.21228 -0.553319 2.26716 -0.297612
0.6231 0.210573 -0.548391 2.27136 -0.29161
0.6262 0.20888 -0.543519 2.27552 -0.28572
0.6293 0.207203 -0.538703 2.27965 -0.279941
0.6324 0.20554 -0.533942 2.28375 -0.274271
0.6355 0.203892 -0.529234 2.28782 -0.268708
0.6386 0.202259 -0.52458 2.29185 -0.26325
0.6417 0.20064 -0.519978 2.29586 -0.257895
0.6448 0.199035 -0.515426 2.29983 -0.252643
0.6479 0.197444 -0.510926 2.30378 -0.24749
0.651 0.195867 -0.506475 2.30769 -0.242436
0.6541 0.194304 -0.502072 2.31158 -0.23748
0.6572 0.192754 -0.497718 2.31543 -0.232618
0.6603 0.191218 -0.493411 2.31926 -0.22785
0.6634 0.189695 -0.489151 2.32306 -0.223174
0.6665 0.188185 -0.484936 2.32684 -0.218589
0.6696 0.186688 -0.480766 2.33058 -0.214093
0.6727 0.185204 -0.476641 2.3343 -0.209684
0.6758 0.183733 -0.47256 2.33799 -0.205361
0.6789 0.182274 -0.468521 2.34166 -0.201123
0.682 0.180828 -0.464525 2.3453 -0.196967
0.6851 0.179394 -0.460571 2.34892 -0.192893
0.6882 0.177973 -0.456657 2.35251 -0.1889
0.6913 0.176563 -0.452784 2.35607 -0.184984
0.6944 0.175165 -0.448951 2.35961 -0.181147
0.6975 0.17378 -0.445158 2.36313 -0.177385
0.7006 0.172405 -0.441403 2.36663 -0.173697
0.7037 0.171043 -0.437686 2.3701 -0.170083
0.7068 0.169692 -0.434007 2.37354 -0.166541
0.7099 0.168352 -0.430364 2.37697 -0.163069
0.713 0.167023 -0.426759 2.38037 -0.159667
0.7161 0.165706 -0.423189 2.38375 -0.156332
0.7192 0.1644 -0.419655 2.38711 -0.153064
0.7223 0.163104 -0.416155 2.39044 -0.149862
0.7254 0.161819 -0.41269 2.39376 -0.146724
0.7285 0.160545 -0.40926 2.39705 -0.14365
0.7316 0.159282 -0.405862 2.40032 -0.140637
0.7347 0.158029 -0.402498 2.40358 -0.137685
0.7378 0.156786 -0.399166 2.40681 -0.134792
0.7409 0.155554 -0.395867 2.41002 -0.131959
0.744 0.154332 -0.392599 2.41321 -0.129182
0.7471 0.15312 -0.389363 2.41638 -0.126462
0.7502 0.151918 -0.386157 2.41954 -0.123798
0.7533 0.150726 -0.382982 2.42267 -0.121187
0.7564 0.149543 -0.379837 2.42578 -0.11863
0.7595 0.148371 -0.376722 2.42888 -0.116125
0.7626 0.147208 -0.373636 2.43196 -0.113671
0.7657 0.146054 -0.370579 2.43502 -0.111267
0.7688 0.14491 -0.367551 2.43806 -0.108913
0.7719 0.143775 -0.364551 2.44108 -0.106606
0.775 0.14265 -0.361578 2.44408 -0.104348
0.7781 0.141534 -0.358633 2.44707 -0.102135
0.7812 0.140426 -0.355716 2.45004 -0.0999682
0.7843 0.139328 -0.352825 2.453 -0.097846
0.7874 0.138239 -0.34996 2.45593 -0.0957675
0.7905 0.137158 -0.347122 2.45885 -0.0937319
0.7936 0.136087 -0.344309 2.46176 -0.0917384
0.7967 0.135024 -0.341523 2.46464 -0.0897862
0.7998 0.133969 -0.338761 2.46751 -0.0878744
0.8029 0.132923 -0.336024 2.47037 -0.0860022
0.806 0.131886 -0.333312 2.47321 -0.0841689
0.8091 0.130857 -0.330624 2.47603 -0.0823737
0.8122 0.129836 -0.32796 2.47884 -0.0806158
0.8153 0.128823 -0.32532 2.48163 -0.0788944
0.8184 0.127819 -0.322704 2.48441 -0.077209
0.8215 0.126822 -0.320111 2.48717 -0.0755587
0.8246 0.125834 -0.31754 2.48992 -0.0739428
0.8277 0.124854 -0.314993 2.49265 -0.0723607
0.8308 0.123881 -0.312467 2.49537 -0.0708117
0.8339 0.122916 -0.309964 2.49808 -0.0692951
0.837 0.121959 -0.307483 2.50077 -0.0678102
0.8401 0.12101 -0.305024 2.50344 -0.0663565
0.8432 0.120068 -0.302586 2.5061 -0.0649332
0.8463 0.119134 -0.300169 2.50875 -0.0635399
0.8494 0.118207 -0.297774 2.51139 -0.0621758
0.8525 0.117288 -0.295399 2.51401 -0.0608404
0.8556 0.116376 -0.293044 2.51662 -0.0595331
0.8587 0.115471 -0.29071 2.51921 -0.0582533
0.8618 0.114573 -0.288396 2.52179 -0.0570005
0.8649 0.113683 -0.286102 2.52436 -0.0557741
0.868 0.112799 -0.283828 2.52692 -0.0545736
0.8711 0.111923 -0.281573 2.52946 -0.0533985
0.8742 0.111054 -0.279337 2.53199 -0.0522481
0.8773 0.110191 -0.27712 2.53451 -0.0511222
0.8804 0.109335 -0.274922 2.53701 -0.05002
0.8835 0.108486 -0.272743 2.53951 -0.0489412
0.8866 0.107644 -0.270582 2.54199 -0.0478852
0.8897 0.106809 -0.26844 2.54446 -0.0468516
0.8928 0.10598 -0.266316 2.54692 -0.04584
0.8959 0.105158 -0.264209 2.54936 -0.0448498
0.899 0.104342 -0.262121 2.5518 -0.0438807
0.9021 0.103533 -0.260049 2.55422 -0.0429321
0.9052 0.10273 -0.257996 2.55663 -0.0420038
0.9083 0.101933 -0.255959 2.55903 -0.0410952
0.9114 0.101143 -0.253939 2.56142 -0.0402059
0.9145 0.100358 -0.251937 2.5638 -0.0393356
0.9176 0.0995806 -0.249951 2.56616 -0.0384838
0.9207 0.0988088 -0.247981 2.56852 -0.0376502
0.9238 0.0980431 -0.246028 2.57086 -0.0368344
0.9269 0.0972834 -0.244091 2.5732 -0.036036
0.93 0.0965297 -0.24217 2.57552 -0.0352547
0.9331 0.0957819 -0.240266 2.57783 -0.03449
0.9362 0.09504 -0.238376 2.58013 -0.0337417
0.9393 0.094304 -0.236503 2.58243 -0.0330095
0.9424 0.0935737 -0.234645 2.58471 -0.0322928
0.9455 0.0928491 -0.232802 2.58698 -0.0315916
0.9486 0.0921303 -0.230974 2.58924 -0.0309053
0.9517 0.0914171 -0.229161 2.59149 -0.0302338
0.9548 0.0907095 -0.227364 2.59374 -0.0295767
0.9579 0.0900074 -0.225581 2.59597 -0.0289337
0.961 0.0893109 -0.223812 2.59819 -0.0283044
0.9641 0.0886198 -0.222058 2.6004 -0.0276887
0.9672 0.0879341 -0.220318 2.6026 -0.0270862
0.9703 0.0872538 -0.218593 2.6048 -0.0264967
0.9734 0.0865788 -0.216881 2.60698 -0.0259198
0.9765 0.0859091 -0.215184 2.60916 -0.0253554
0.9796 0.0852446 -0.2135 2.61132 -0.0248031
0.9827 0.0845854 -0.21183 2.61348 -0.0242626
0.9858 0.0839313 -0.210173 2.61563 -0.0237339
0.9889 0.0832823 -0.20853 2.61776 -0.0232165
0.992 0.0826384 -0.206901 2.61989 -0.0227103
0.9951 0.0819995 -0.205284 2.62201 -0.0222149
0.9982 0.0813656 -0.20368 2.62413 -0.0217303
1.0013 0.0807367 -0.20209 2.62623 -0.0212561
1.0044 0.0801126 -0.200512 2.62832 -0.0207922
1.0075 0.0794935 -0.198947 2.63041 -0.0203383
1.0106 0.0788792 -0.197395 2.63249 -0.0198942
1.0137 0.0782696 -0.195855 2.63456 -0.0194596
1.0168 0.0776648 -0.194327 2.63662 -0.0190345
1.0199 0.0770648 -0.192812 2.63867 -0.0186186
1.023 0.0764694 -0.191309 2.64071 -0.0182117
1.0261 0.0758787 -0.189818 2.64275 -0.0178135
1.0292 0.0752925 -0.188339 2.64478 -0.017424
1.0323 0.0747109 -0.186872 2.6468 -0.017043
1.0354 0.0741339 -0.185416 2.64881 -0.0166701
1.0385 0.0735613 -0.183972 2.65081 -0.0163054
1.0416 0.0729933 -0.18254 2.65281 -0.0159486
1.0447 0.0724296 -0.181119 2.65479 -0.0155995
1.0478 0.0718703 -0.17971 2.65677 -0.0152579
1.0509 0.0713154 -0.178311 2.65875 -0.0149238
1.054 0.0707648 -0.176924 2.66071 -0.014597
1.0571 0.0702184 -0.175548 2.66267 -0.0142772
1.0602 0.0696764 -0.174183 2.66462 -0.0139644
1.0633 0.0691385 -0.172829 2.66656 -0.0136583
1.0664 0.0686048 -0.171485 2.6685 -0.013359
1.0695 0.0680753 -0.170152 2.67043 -0.0130661
1.0726 0.0675499 -0.16883 2.67235 -0.0127796
1.0757 0.0670285 -0.167518 2.67426 -0.0124993
1.0788 0.0665112 -0.166217 2.67617 -0.0122251
1.0819 0.065998 -0.164926 2.67806 -0.0119569
1.085 0.0654887 -0.163645 2.67996 -0.0116945
1.0881 0.0649833 -0.162375 2.68184 -0.0114379
1.0912 0.0644819 -0.161114 2.68372 -0.0111868
1.0943 0.0639844 -0.159864 2.68559 -0.0109412
1.0974 0.0634908 -0.158623 2.68745 -0.0107009
1.1005 0.063001 -0.157392 2.68931 -0.0104659
1.1036 0.0625149 -0.156171 2.69116 -0.010236
1.1067 0.0620327 -0.154959 2.69301 -0.0100111
1.1098 0.0615542 -0.153757 2.69484 -0.00979115
1.1129 0.0610794 -0.152565 2.69667 -0.00957596
1.116 0.0606083 -0.151382 2.6985 -0.00936548
1.1191 0.0601408 -0.150208 2.70032 -0.00915958
1.1222 0.059677 -0.149044 2.70213 -0.00895818
1.1253 0.0592167 -0.147888 2.70393 -0.00876118
1.1284 0.0587601 -0.146742 2.70573 -0.00856848
1.1315 0.0583069 -0.145605 2.70752 -0.00837999
1.1346 0.0578573 -0.144477 2.70931 -0.00819562
1.1377 0.0574112 -0.143357 2.71109 -0.00801527
1.1408 0.0569685 -0.142247 2.71286 -0.00783887
1.1439 0.0565292 -0.141145 2.71463 -0.00766633
1.147 0.0560934 -0.140052 2.71639 -0.00749756
1.1501 0.0556609 -0.138967 2.71814 -0.00733247
1.1532 0.0552318 -0.137891 2.71989 -0.00717101
1.1563 0.054806 -0.136823 2.72163 -0.00701307
1.1594 0.0543834 -0.135764 2.72337 -0.00685859
1.1625 0.0539642 -0.134713 2.7251 -0.00670749
1.1656 0.0535482 -0.13367 2.72683 -0.0065597
1.1687 0.0531354 -0.132636 2.72854 -0.00641515
1.1718 0.0527259 -0.131609 2.73026 -0.00627376
1.1749 0.0523195 -0.130591 2.73197 -0.00613547
1.178 0.0519162 -0.12958 2.73367 -0.00600021
1.1811 0.0515161 -0.128578 2.73536 -0.00586792
1.1842 0.051119 -0.127583 2.73705 -0.00573852
1.1873 0.050725 -0.126596 2.73874 -0.00561196
1.1904 0.0503341 -0.125617 2.74042 -0.00548818
1.1935 0.0499462 -0.124646 2.74209 -0.00536711
1.1966 0.0495613 -0.123682 2.74376 -0.00524869
1.1997 0.0491794 -0.122725 2.74542 -0.00513288
1.2028 0.0488004 -0.121777 2.74708 -0.0050196
1.2059 0.0484243 -0.120835 2.74873 -0.00490882
1.209 0.0480512 -0.119901 2.75038 -0.00480046
1.2121 0.0476809 -0.118974 2.75202 -0.00469448
1.2152 0.0473136 -0.118054 2.75366 -0.00459083
1.2183 0.046949 -0.117142 2.75529 -0.00448946
1.2214 0.0465873 -0.116237 2.75691 -0.00439031
1.2245 0.0462283 -0.115338 2.75853 -0.00429334
1.2276 0.0458722 -0.114447 2.76015 -0.00419851
1.2307 0.0455187 -0.113563 2.76176 -0.00410575
1.2338 0.0451681 -0.112685 2.76336 -0.00401504
1.2369 0.0448201 -0.111815 2.76496 -0.00392632
1.24 0.0444748 -0.110951 2.76656 -0.00383955
1.2431 0.0441322 -0.110094 2.76815 -0.00375468
1.2462 0.0437922 -0.109244 2.76973 -0.00367169
1.2493 0.0434549 -0.1084 2.77131 -0.00359052
1.2524 0.0431201 -0.107563 2.77289 -0.00351114
1.2555 0.042788 -0.106732 2.77446 -0.0034335
1.2586 0.0424584 -0.105908 2.77602 -0.00335757
1.2617 0.0421313 -0.10509 2.77758 -0.00328331
1.2648 0.0418068 -0.104279 2.77914 -0.00321069
1.2679 0.0414848 -0.103474 2.78069 -0.00313966
1.271 0.0411653 -0.102675 2.78224 -0.00307021
1.2741 0.0408482 -0.101882 2.78378 -0.00300227
1.2772 0.0405336 -0.101096 2.78531 -0.00293584
1.2803 0.0402214 -0.100315 2.78685 -0.00287087
1.2834 0.0399116 -0.0995409 2.78837 -0.00280733
1.2865 0.0396043 -0.0987726 2.7899 -0.00274519
1.2896 0.0392992 -0.0980103 2.79141 -0.00268442
1.2927 0.0389966 -0.0972539 2.79293 -0.00262499
1.2958 0.0386963 -0.0965034 2.79444 -0.00256687
1.2989 0.0383983 -0.0957587 2.79594 -0.00251003
1.302 0.0381026 -0.0950198 2.79744 -0.00245445
1.3051 0.0378091 -0.0942867 2.79894 -0.00240009
1.3082 0.037518 -0.0935592 2.80043 -0.00234693
1.3113 0.0372291 -0.0928374 2.80192 -0.00229494
1.3144 0.0369424 -0.0921212 2.8034 -0.0022441
1.3175 0.0366579 -0.0914105 2.80488 -0.00219438
1.3206 0.0363756 -0.0907054 2.80635 -0.00214576
1.3237 0.0360955 -0.0900057 2.80782 -0.00209821
1.3268 0.0358176 -0.0893115 2.80929 -0.00205171
1.3299 0.0355418 -0.0886226 2.81075 -0.00200624
1.333 0.0352681 -0.0879391 2.81221 -0.00196177
1.3361 0.0349966 -0.0872609 2.81366 -0.00191828
1.3392 0.0347271 -0.0865879 2.81511 -0.00187576
1.3423 0.0344597 -0.0859202 2.81655 -0.00183417
1.3454 0.0341944 -0.0852576 2.818 -0.0017935
1.3485 0.0339311 -0.0846002 2.81943 -0.00175373
1.3516 0.0336699 -0.0839479 2.82086 -0.00171484
1.3547 0.0334106 -0.0833006 2.82229 -0.0016768
1.3578 0.0331534 -0.0826584 2.82372 -0.00163961
1.3609 0.0328981 -0.0820211 2.82514 -0.00160324
1.364 0.0326449 -0.0813888 2.82655 -0.00156768
1.3671 0.0323935 -0.0807613 2.82797 -0.0015329
1.3702 0.0321441 -0.0801387 2.82938 -0.00149888
1.3733 0.0318967 -0.079521 2.83078 -0.00146563
1.3764 0.0316511 -0.078908 2.83218 -0.0014331
1.3795 0.0314074 -0.0782998 2.83358 -0.0014013
1.3826 0.0311656 -0.0776963 2.83497 -0.0013702
1.3857 0.0309257 -0.0770974 2.83636 -0.00133978
1.3888 0.0306876 -0.0765032 2.83775 -0.00131004
1.3919 0.0304514 -0.0759136 2.83913 -0.00128096
1.395 0.0302169 -0.0753286 2.8405 -0.00125252
1.3981 0.0299843 -0.0747481 2.84188 -0.00122471
1.4012 0.0297535 -0.0741721 2.84325 -0.00119752
1.4043 0.0295245 -0.0736005 2.84462 -0.00117093
1.4074 0.0292972 -0.0730334 2.84598 -0.00114492
1.4105 0.0290716 -0.0724706 2.84734 -0.0011195
1.4136 0.0288479 -0.0719122 2.84869 -0.00109463
1.4167 0.0286258 -0.0713582 2.85005 -0.00107032
1.4198 0.0284054 -0.0708084 2.85139 -0.00104654
1.4229 0.0281868 -0.0702628 2.85274 -0.00102329
1.426 0.0279698 -0.0697215 2.85408 -0.00100056
1.4291 0.0277545 -0.0691844 2.85542 -0.000978329
1.4322 0.0275408 -0.0686514 2.85675 -0.000956591
1.4353 0.0273289 -0.0681226 2.85808 -0.000935334
1.4384 0.0271185 -0.0675978 2.85941 -0.000914549
1.4415 0.0269097 -0.0670771 2.86074 -0.000894224
1.4446 0.0267026 -0.0665605 2.86206 -0.000874349
1.4477 0.0264971 -0.0660478 2.86337 -0.000854915
1.4508 0.0262931 -0.0655391 2.86469 -0.000835912
1.4539 0.0260907 -0.0650343 2.866 -0.00081733
1.457 0.0258899 -0.0645334 2.8673 -0.00079916
1.4601 0.0256906 -0.0640364 2.86861 -0.000781393
1.4632 0.0254929 -0.0635432 2.86991 -0.000764019
1.4663 0.0252966 -0.0630539 2.8712 -0.000747031
1.4694 0.0251019 -0.0625683 2.8725 -0.00073042
1.4725 0.0249087 -0.0620865 2.87379 -0.000714177
1.4756 0.024717 -0.0616084 2.87507 -0.000698294
1.4787 0.0245267 -0.061134 2.87636 -0.000682764
1.4818 0.0243379 -0.0606633 2.87764 -0.000667578
1.4849 0.0241506 -0.0601962 2.87891 -0.000652729
1.488 0.0239647 -0.0597327 2.88019 -0.00063821
1.4911 0.0237803 -0.0592728 2.88146 -0.000624013
1.4942 0.0235972 -0.0588165 2.88273 -0.000610131
1.4973 0.0234156 -0.0583636 2.88399 -0.000596557
1.5004 0.0232354 -0.0579143 2.88525 -0.000583284
1.5035 0.0230565 -0.0574685 2.88651 -0.000570306
1.5066 0.0228791 -0.0570261 2.88776 -0.000557615
1.5097 0.022703 -0.0565871 2.88901 -0.000545207
1.5128 0.0225282 -0.0561515 2.89026 -0.000533074
1.5159 0.0223548 -0.0557192 2.89151 -0.000521211
1.519 0.0221828 -0.0552903 2.89275 -0.000509611
1.5221 0.022012 -0.0548647 2.89399 -0.000498268
1.5252 0.0218426 -0.0544425 2.89523 -0.000487178
1.5283 0.0216745 -0.0540234 2.89646 -0.000476333
1.5314 0.0215076 -0.0536076 2.89769 -0.00046573
1.5345 0.0213421 -0.053195 2.89892 -0.000455362
1.5376 0.0211778 -0.0527856 2.90014 -0.000445225
1.5407 0.0210148 -0.0523794 2.90136 -0.000435313
1.5438 0.0208531 -0.0519763 2.90258 -0.000425621
1.5469 0.0206926 -0.0515763 2.9038 -0.000416144
1.55 0.0205333 -0.0511794 2.90501 -0.000406878
1.5531 0.0203753 -0.0507856 2.90622 -0.000397818
1.5562 0.0202184 -0.0503948 2.90743 -0.000388959
1.5593 0.0200628 -0.050007 2.90863 -0.000380297
1.5624 0.0199084 -0.0496222 2.90983 -0.000371828
1.5655 0.0197551 -0.0492404 2.91103 -0.000363546
1.5686 0.0196031 -0.0488615 2.91223 -0.000355449
1.5717 0.0194522 -0.0484856 2.91342 -0.000347532
1.5748 0.0193025 -0.0481125 2.91461 -0.000339791
1.5779 0.0191539 -0.0477424 2.91579 -0.000332223
1.581 0.0190065 -0.0473751 2.91698 -0.000324822
1.5841 0.0188602 -0.0470106 2.91816 -0.000317586
1.5872 0.018715 -0.046649 2.91934 -0.000310511
1.5903 0.0185709 -0.0462901 2.92051 -0.000303593
1.5934 0.018428 -0.045934 2.92169 -0.00029683
1.5965 0.0182861 -0.0455807 2.92286 -0.000290216
1.5996 0.0181454 -0.04523 2.92403 -0.00028375
1.6027 0.0180057 -0.0448821 2.92519 -0.000277428
1.6058 0.0178671 -0.0445369 2.92635 -0.000271246
1.6089 0.0177296 -0.0441944 2.92751 -0.000265202
1.612 0.0175931 -0.0438544 2.92867 -0.000259292
1.6151 0.0174577 -0.0435171 2.92982 -0.000253514
1.6182 0.0173233 -0.0431825 2.93098 -0.000247864
1.6213 0.01719 -0.0428503 2.93212 -0.00024234
1.6244 0.0170576 -0.0425208 2.93327 -0.000236939
1.6275 0.0169263 -0.0421938 2.93441 -0.000231659
1.6306 0.016796 -0.0418693 2.93556 -0.000226495
1.6337 0.0166667 -0.0415474 2.93669 -0.000221447
1.6368 0.0165384 -0.0412279 2.93783 -0.000216511
1.6399 0.0164111 -0.0409108 2.93896 -0.000211685
1.643 0.0162848 -0.0405963 2.9401 -0.000206967
1.6461 0.0161594 -0.0402841 2.94122 -0.000202353
1.6492 0.016035 -0.0399744 2.94235 -0.000197842
1.6523 0.0159116 -0.039667 2.94347 -0.000193432
1.6554 0.0157891 -0.0393621 2.94459 -0.00018912
1.6585 0.0156675 -0.0390594 2.94571 -0.000184904
1.6616 0.0155469 -0.0387591 2.94683 -0.000180782
1.6647 0.0154272 -0.0384612 2.94794 -0.000176751
1.6678 0.0153084 -0.0381655 2.94905 -0.000172811
1.6709 0.0151906 -0.0378721 2.95016 -0.000168958
1.674 0.0150736 -0.037581 2.95127 -0.000165191
1.6771 0.0149576 -0.0372921 2.95237 -0.000161508
1.6802 0.0148424 -0.0370055 2.95347 -0.000157907
1.6833 0.0147281 -0.036721 2.95457 -0.000154386
1.6864 0.0146147 -0.0364388 2.95567 -0.000150944
1.6895 0.0145022 -0.0361587 2.95676 -0.000147578
1.6926 0.0143906 -0.0358808 2.95785 -0.000144287
1.6957 0.0142798 -0.035605 2.95894 -0.00014107
1.6988 0.0141698 -0.0353314 2.96003 -0.000137924
1.7019 0.0140607 -0.0350599 2.96112 -0.000134849
1.705 0.0139524 -0.0347905 2.9622 -0.000131842
1.7081 0.013845 -0.0345231 2.96328 -0.000128902
1.7112 0.0137384 -0.0342578 2.96436 -0.000126027
1.7143 0.0136326 -0.0339946 2.96543 -0.000123217
1.7174 0.0135276 -0.0337334 2.96651 -0.000120469
1.7205 0.0134235 -0.0334742 2.96758 -0.000117783
1.7236 0.0133201 -0.033217 2.96864 -0.000115156
1.7267 0.0132175 -0.0329618 2.96971 -0.000112588
1.7298 0.0131157 -0.0327085 2.97078 -0.000110077
1.7329 0.0130147 -0.0324573 2.97184 -0.000107622
1.736 0.0129145 -0.0322079 2.9729 -0.000105222
1.7391 0.012815 -0.0319605 2.97395 -0.000102876
1.7422 0.0127163 -0.031715 2.97501 -0.000100581
1.7453 0.0126184 -0.0314714 2.97606 -9.83383e-05
1.7484 0.0125212 -0.0312296 2.97711 -9.61453e-05
1.7515 0.0124248 -0.0309898 2.97816 -9.40011e-05
1.7546 0.0123291 -0.0307517 2.97921 -9.19048e-05
1.7577 0.0122341 -0.0305155 2.98025 -8.98552e-05
1.7608 0.0121399 -0.0302812 2.98129 -8.78513e-05
1.7639 0.0120463 -0.0300486 2.98233 -8.58921e-05
1.767 0.0119536 -0.0298179 2.98337 -8.39767e-05
1.7701 0.0118615 -0.0295889 2.98441 -8.21039e-05
1.7732 0.0117701 -0.0293617 2.98544 -8.02729e-05
1.7763 0.0116794 -0.0291362 2.98647 -7.84828e-05
1.7794 0.0115895 -0.0289125 2.9875 -7.67326e-05
1.7825 0.0115002 -0.0286905 2.98853 -7.50215e-05
1.7856 0.0114116 -0.0284702 2.98955 -7.33485e-05
1.7887 0.0113237 -0.0282517 2.99058 -7.17128e-05
1.7918 0.0112364 -0.0280348 2.9916 -7.01137e-05
1.7949 0.0111498 -0.0278196 2.99262 -6.85502e-05
1.798 0.0110639 -0.027606 2.99363 -6.70216e-05
1.8011 0.0109787 -0.0273941 2.99465 -6.55271e-05
1.8042 0.0108941 -0.0271838 2.99566 -6.4066e-05
1.8073 0.0108101 -0.0269752 2.99667 -6.26375e-05
1.8104 0.0107268 -0.0267681 2.99768 -6.12408e-05
1.8135 0.0106442 -0.0265627 2.99869 -5.98754e-05
1.8166 0.0105621 -0.0263588 2.99969 -5.85404e-05
1.8197 0.0104807 -0.0261566 3.00069 -5.72351e-05
1.8228 0.0104 -0.0259558 3.00169 -5.59591e-05
1.8259 0.0103198 -0.0257567 3.00269 -5.47115e-05
1.829 0.0102403 -0.025559 3.00369 -5.34917e-05
1.8321 0.0101614 -0.0253629 3.00468 -5.22992e-05
1.8352 0.010083 -0.0251683 3.00567 -5.11333e-05
1.8383 0.0100053 -0.0249752 3.00667 -4.99934e-05
1.8414 0.00992818 -0.0247836 3.00765 -4.88789e-05
1.8445 0.00985165 -0.0245935 3.00864 -4.77894e-05
1.8476 0.0097757 -0.0244049 3.00963 -4.67241e-05
1.8507 0.00970033 -0.0242177 3.01061 -4.56827e-05
1.8538 0.00962555 -0.0240319 3.01159 -4.46644e-05
1.8569 0.00955134 -0.0238476 3.01257 -4.3669e-05
1.86 0.00947769 -0.0236647 3.01355 -4.26957e-05
1.8631 0.00940461 -0.0234832 3.01452 -4.17442e-05
1.8662 0.00933209 -0.0233031 3.01549 -4.08139e-05
1.8693 0.00926013 -0.0231245 3.01647 -3.99044e-05
1.8724 0.00918872 -0.0229472 3.01743 -3.90152e-05
1.8755 0.00911786 -0.0227712 3.0184 -3.81458e-05
1.8786 0.00904754 -0.0225966 3.01937 -3.72959e-05
1.8817 0.00897776 -0.0224234 3.02033 -3.64649e-05
1.8848 0.00890851 -0.0222515 3.02129 -3.56525e-05
1.8879 0.0088398 -0.0220809 3.02225 -3.48582e-05
1.891 0.00877161 -0.0219117 3.02321 -3.40817e-05
1.8941 0.00870394 -0.0217437 3.02417 -3.33225e-05
1.8972 0.0086368 -0.0215771 3.02512 -3.25802e-05
1.9003 0.00857016 -0.0214117 3.02608 -3.18546e-05
1.9034 0.00850404 -0.0212477 3.02703 -3.11451e-05
1.9065 0.00843843 -0.0210849 3.02798 -3.04515e-05
1.9096 0.00837331 -0.0209233 3.02892 -2.97733e-05
1.9127 0.0083087 -0.020763 3.02987 -2.91103e-05
1.9158 0.00824458 -0.0206039 3.03081 -2.84622e-05
1.9189 0.00818096 -0.0204461 3.03176 -2.78284e-05
1.922 0.00811782 -0.0202895 3.0327 -2.72089e-05
1.9251 0.00805516 -0.0201341 3.03363 -2.66032e-05
1.9282 0.00799298 -0.0199799 3.03457 -2.6011e-05
1.9313 0.00793128 -0.0198268 3.03551 -2.5432e-05
1.9344 0.00787006 -0.019675 3.03644 -2.4866e-05
1.9375 0.0078093 -0.0195244 3.03737 -2.43126e-05
1.9406 0.007749 -0.0193749 3.0383 -2.37715e-05
1.9437 0.00768917 -0.0192265 3.03923 -2.32426e-05
1.9468 0.0076298 -0.0190793 3.04016 -2.27254e-05
1.9499 0.00757088 -0.0189333 3.04108 -2.22198e-05
1.953 0.00751241 -0.0187884 3.042 -2.17255e-05
1.9561 0.00745439 -0.0186446 3.04292 -2.12423e-05
1.9592 0.00739681 -0.0185019 3.04384 -2.07698e-05
1.9623 0.00733968 -0.0183603 3.04476 -2.03079e-05
1.9654 0.00728298 -0.0182198 3.04568 -1.98563e-05
1.9685 0.00722671 -0.0180804 3.04659 -1.94148e-05
1.9716 0.00717088 -0.0179421 3.0475 -1.89831e-05
1.9747 0.00711547 -0.0178048 3.04842 -1.85611e-05
1.9778 0.00706049 -0.0176686 3.04932 -1.81485e-05
1.9809 0.00700592 -0.0175335 3.05023 -1.77451e-05
1.984 0.00695178 -0.0173994 3.05114 -1.73508e-05
1.9871 0.00689805 -0.0172663 3.05204 -1.69652e-05
1.9902 0.00684473 -0.0171343 3.05295 -1.65883e-05
1.9933 0.00679181 -0.0170033 3.05385 -1.62197e-05
1.9964 0.00673931 -0.0168733 3.05475 -1.58594e-05
1.9995 0.0066872 -0.0167443 3.05564 -1.55072e-05
2.0026 0.00663549 -0.0166163 3.05654 -1.51628e-05
2.0057 0.00658418 -0.0164893 3.05743 -1.48261e-05
2.0088 0.00653325 -0.0163633 3.05833 -1.44969e-05
2.0119 0.00648272 -0.0162383 3.05922 -1.41751e-05
2.015 0.00643258 -0.0161142 3.06011 -1.38604e-05
2.0181 0.00638281 -0.0159911 3.061 -1.35528e-05
2.0212 0.00633343 -0.0158689 3.06188 -1.32521e-05
2.0243 0.00628442 -0.0157477 3.06277 -1.2958e-05
2.0274 0.00623579 -0.0156275 3.06365 -1.26706e-05
2.0305 0.00618753 -0.0155081 3.06453 -1.23895e-05
2.0336 0.00613964 -0.0153897 3.06541 -1.21148e-05
2.0367 0.00609212 -0.0152722 3.06629 -1.18461e-05
2.0398 0.00604495 -0.0151556 3.06717 -1.15835e-05
2.0429 0.00599815 -0.01504 3.06805 -1.13267e-05
2.046 0.0059517 -0.0149252 3.06892 -1.10757e-05
2.0491 0.00590561 -0.0148113 3.06979 -1.08302e-05
2.0522 0.00585987 -0.0146983 3.07066 -1.05903e-05
2.0553 0.00581448 -0.0145861 3.07153 -1.03557e-05
2.0584 0.00576944 -0.0144749 3.0724 -1.01263e-05
2.0615 0.00572474 -0.0143645 3.07327 -9.90209e-06
2.0646 0.00568038 -0.0142549 3.07413 -9.68286e-06
2.0677 0.00563636 -0.0141462 3.07499 -9.46851e-06
2.0708 0.00559267 -0.0140384 3.07586 -9.25896e-06
2.0739 0.00554932 -0.0139313 3.07672 -9.05408e-06
2.077 0.0055063 -0.0138252 3.07758 -8.85377e-06
2.0801 0.0054636 -0.0137198 3.07843 -8.65793e-06
2.0832 0.00542123 -0.0136153 3.07929 -8.46647e-06
2.0863 0.00537919 -0.0135115 3.08014 -8.27928e-06
2.0894 0.00533746 -0.0134086 3.081 -8.09626e-06
2.0925 0.00529605 -0.0133065 3.08185 -7.91733e-06
2.0956 0.00525496 -0.0132051 3.0827 -7.74239e-06
2.0987 0.00521418 -0.0131046 3.08355 -7.57136e-06
2.1018 0.00517371 -0.0130048 3.08439 -7.40414e-06
2.1049 0.00513355 -0.0129058 3.08524 -7.24066e-06
2.108 0.00509369 -0.0128076 3.08608 -7.08082e-06
2.1111 0.00505414 -0.0127101 3.08692 -6.92454e-06
2.1142 0.00501489 -0.0126134 3.08777 -6.77176e-06
2.1173 0.00497594 -0.0125175 3.08861 -6.62238e-06
2.1204 0.00493728 -0.0124223 3.08944 -6.47633e-06
2.1235 0.00489892 -0.0123278 3.09028 -6.33355e-06
2.1266 0.00486085 -0.0122341 3.09112 -6.19394e-06
2.1297 0.00482307 -0.0121411 3.09195 -6.05745e-06
2.1328 0.00478557 -0.0120488 3.09278 -5.92401e-06
2.1359 0.00474836 -0.0119573 3.09361 -5.79354e-06
2.139 0.00471144 -0.0118664 3.09444 -5.66598e-06
2.1421 0.00467479 -0.0117763 3.09527 -5.54126e-06
2.1452 0.00463842 -0.0116869 3.0961 -5.41932e-06
2.1483 0.00460233 -0.0115981 3.09692 -5.30011e-06
2.1514 0.00456651 -0.0115101 3.09775 -5.18355e-06
2.1545 0.00453097 -0.0114227 3.09857 -5.06959e-06
2.1576 0.00449569 -0.011336 3.09939 -4.95817e-06
2.1607 0.00446068 -0.01125 3.10021 -4.84923e-06
2.1638 0.00442594 -0.0111647 3.10103 -4.74272e-06
2.1669 0.00439146 -0.01108 3.10185 -4.63859e-06
2.17 0.00435724 -0.010996 3.10266 -4.53677e-06
2.1731 0.00432329 -0.0109127 3.10348 -4.43723e-06
2.1762 0.00428958 -0.01083 3.10429 -4.3399e-06
2.1793 0.00425614 -0.0107479 3.1051 -4.24474e-06
2.1824 0.00422295 -0.0106665 3.10591 -4.1517e-06
2.1855 0.00419001 -0.0105857 3.10672 -4.06073e-06
2.1886 0.00415731 -0.0105055 3.10753 -3.97179e-06
2.1917 0.00412487 -0.010426 3.10833 -3.88483e-06
2.1948 0.00409267 -0.0103471 3.10914 -3.79981e-06
2.1979 0.00406072 -0.0102688 3.10994 -3.71668e-06
2.201 0.00402901 -0.0101911 3.11074 -3.6354e-06
2.2041 0.00399753 -0.0101141 3.11154 -3.55593e-06
2.2072 0.0039663 -0.0100376 3.11234 -3.47823e-06
2.2103 0.0039353 -0.00996174 3.11314 -3.40226e-06
2.2134 0.00390453 -0.00988647 3.11394 -3.32798e-06
2.2165 0.003874 -0.00981178 3.11473 -3.25535e-06
2.2196 0.0038437 -0.00973768 3.11553 -3.18434e-06
2.2227 0.00381363 -0.00966416 3.11632 -3.11491e-06
2.2258 0.00378378 -0.00959122 3.11711 -3.04703e-06
2.2289 0.00375416 -0.00951884 3.1179 -2.98065e-06
2.232 0.00372476 -0.00944704 3.11869 -2.91575e-06
2.2351 0.00369559 -0.0093758 3.11948 -2.8523e-06
2.2382 0.00366663 -0.00930511 3.12026 -2.79025e-06
2.2413 0.0036379 -0.00923498 3.12105 -2.72959e-06
2.2444 0.00360938 -0.0091654 3.12183 -2.67027e-06
2.2475 0.00358107 -0.00909636 3.12262 -2.61227e-06
2.2506 0.00355298 -0.00902787 3.1234 -2.55556e-06
2.2537 0.0035251 -0.00895992 3.12418 -2.50012e-06
2.2568 0.00349743 -0.0088925 3.12495 -2.4459e-06
2.2599 0.00346996 -0.00882561 3.12573 -2.39289e-06
2.263 0.00344271 -0.00875924 3.12651 -2.34106e-06
2.2661 0.00341566 -0.0086934 3.12728 -2.29038e-06
2.2692 0.00338881 -0.00862807 3.12806 -2.24082e-06
2.2723 0.00336216 -0.00856326 3.12883 -2.19236e-06
2.2754 0.00333571 -0.00849896 3.1296 -2.14498e-06
2.2785 0.00330947 -0.00843516 3.13037 -2.09866e-06
2.2816 0.00328342 -0.00837187 3.13114 -2.05336e-06
2.2847 0.00325756 -0.00830908 3.1319 -2.00906e-06
2.2878 0.0032319 -0.00824678 3.13267 -1.96575e-06
2.2909 0.00320643 -0.00818497 3.13343 -1.9234e-06
2.294 0.00318115 -0.00812365 3.1342 -1.88199e-06
2.2971 0.00315606 -0.00806281 3.13496 -1.8415e-06
2.3002 0.00313116 -0.00800246 3.13572 -1.80191e-06
2.3033 0.00310645 -0.00794258 3.13648 -1.76319e-06
2.3064 0.00308192 -0.00788317 3.13724 -1.72533e-06
2.3095 0.00305757 -0.00782423 3.13799 -1.68832e-06
2.3126 0.00303341 -0.00776576 3.13875 -1.65212e-06
2.3157 0.00300942 -0.00770775 3.1395 -1.61672e-06
2.3188 0.00298562 -0.0076502 3.14026 -1.58211e-06
2.3219 0.00296199 -0.00759311 3.14101 -1.54827e-06
2.325 0.00293854 -0.00753647 3.14176 -1.51517e-06
2.3281 0.00291527 -0.00748028 3.14251 -1.48281e-06
2.3312 0.00289216 -0.00742453 3.14326 -1.45117e-06
2.3343 0.00286923 -0.00736922 3.14401 -1.42022e-06
2.3374 0.00284647 -0.00731436 3.14475 -1.38996e-06
2.3405 0.00282388 -0.00725993 3.1455 -1.36037e-06
2.3436 0.00280146 -0.00720593 3.14624 -1.33144e-06
2.3467 0.00277921 -0.00715236 3.14698 -1.30314e-06
2.3498 0.00275712 -0.00709922 3.14772 -1.27547e-06
2.3529 0.00273519 -0.0070465 3.14846 -1.24841e-06
2.356 0.00271343 -0.0069942 3.1492 -1.22195e-06
2.3591 0.00269183 -0.00694232 3.14994 -1.19608e-06
2.3622 0.00267038 -0.00689085 3.15068 -1.17078e-06
2.3653 0.0026491 -0.00683979 3.15141 -1.14603e-06
2.3684 0.00262798 -0.00678913 3.15214 -1.12183e-06
2.3715 0.00260701 -0.00673888 3.15288 -1.09817e-06
2.3746 0.0025862 -0.00668904 3.15361 -1.07503e-06
2.3777 0.00256554 -0.00663959 3.15434 -1.0524e-06
2.3808 0.00254503 -0.00659054 3.15507 -1.03027e-06
2.3839 0.00252467 -0.00654188 3.1558 -1.00863e-06
2.387 0.00250447 -0.0064936 3.15652 -9.87465e-07
2.3901 0.00248441 -0.00644572 3.15725 -9.66767e-07
2.3932 0.00246451 -0.00639822 3.15797 -9.46526e-07
2.3963 0.00244474 -0.0063511 3.1587 -9.26731e-07
2.3994 0.00242513 -0.00630436 3.15942 -9.07372e-07
2.4025 0.00240566 -0.00625799 3.16014 -8.8844e-07
2.4056 0.00238633 -0.006212 3.16086 -8.69925e-07
2.4087 0.00236714 -0.00616637 3.16158 -8.51817e-07
2.4118 0.0023481 -0.00612112 3.16229 -8.34109e-07
2.4149 0.00232919 -0.00607623 3.16301 -8.1679e-07
2.418 0.00231042 -0.0060317 3.16372 -7.99852e-07
2.4211 0.00229179 -0.00598753 3.16444 -7.83287e-07
2.4242 0.0022733 -0.00594371 3.16515 -7.67087e-07
2.4273 0.00225494 -0.00590025 3.16586 -7.51242e-07
2.4304 0.00223672 -0.00585714 3.16657 -7.35746e-07
2.4335 0.00221863 -0.00581438 3.16728 -7.20591e-07
2.4366 0.00220067 -0.00577197 3.16799 -7.05769e-07
2.4397 0.00218284 -0.0057299 3.1687 -6.91272e-07
2.4428 0.00216514 -0.00568817 3.1694 -6.77094e-07
2.4459 0.00214757 -0.00564678 3.17011 -6.63227e-07
2.449 0.00213013 -0.00560572 3.17081 -6.49664e-07
2.4521 0.00211282 -0.005565 3.17151 -6.36399e-07
2.4552 0.00209563 -0.00552461 3.17221 -6.23425e-07
2.4583 0.00207857 -0.00548455 3.17291 -6.10736e-07
2.4614 0.00206163 -0.00544482 3.17361 -5.98325e-07
2.4645 0.00204481 -0.00540541 3.17431 -5.86186e-07
2.4676 0.00202811 -0.00536632 3.175 -5.74313e-07
2.4707 0.00201154 -0.00532755 3.1757 -5.627e-07
2.4738 0.00199508 -0.0052891 3.17639 -5.51342e-07
2.4769 0.00197874 -0.00525096 3.17709 -5.40232e-07
2.48 0.00196252 -0.00521314 3.17778 -5.29366e-07
2.4831 0.00194642 -0.00517563 3.17847 -5.18737e-07
2.4862 0.00193044 -0.00513842 3.17916 -5.08341e-07
2.4893 0.00191456 -0.00510152 3.17985 -4.98173e-07
2.4924 0.00189881 -0.00506493 3.18053 -4.88226e-07
2.4955 0.00188316 -0.00502863 3.18122 -4.78497e-07
2.4986 0.00186763 -0.00499264 3.18191 -4.68981e-07
2.5017 0.00185221 -0.00495694 3.18259 -4.59673e-07
2.5048 0.00183689 -0.00492154 3.18327 -4.50568e-07
2.5079 0.00182169 -0.00488643 3.18395 -4.41662e-07
2.511 0.0018066 -0.00485161 3.18463 -4.3295e-07
2.5141 0.00179161 -0.00481708 3.18531 -4.24429e-07
2.5172 0.00177673 -0.00478284 3.18599 -4.16093e-07
2.5203 0.00176196 -0.00474888 3.18667 -4.0794e-07
2.5234 0.00174729 -0.0047152 3.18734 -3.99964e-07
2.5265 0.00173272 -0.00468181 3.18802 -3.92162e-07
2.5296 0.00171826 -0.00464869 3.18869 -3.8453e-07
2.5327 0.0017039 -0.00461585 3.18937 -3.77064e-07
2.5358 0.00168964 -0.00458329 3.19004 -3.69761e-07
2.5389 0.00167548 -0.00455099 3.19071 -3.62618e-07
2.542 0.00166143 -0.00451897 3.19138 -3.55629e-07
2.5451 0.00164747 -0.00448722 3.19204 -3.48793e-07
2.5482 0.00163361 -0.00445574 3.19271 -3.42106e-07
2.5513 0.00161984 -0.00442452 3.19338 -3.35564e-07
2.5544 0.00160617 -0.00439356 3.19404 -3.29165e-07
2.5575 0.0015926 -0.00436286 3.19471 -3.22905e-07
2.5606 0.00157912 -0.00433243 3.19537 -3.16781e-07
2.5637 0.00156574 -0.00430225 3.19603 -3.1079e-07
2.5668 0.00155245 -0.00427233 3.19669 -3.04929e-07
2.5699 0.00153925 -0.00424266 3.19735 -2.99196e-07
2.573 0.00152614 -0.00421325 3.19801 -2.93587e-07
2.5761 0.00151313 -0.00418408 3.19866 -2.88101e-07
2.5792 0.0015002 -0.00415517 3.19932 -2.82733e-07
2.5823 0.00148737 -0.0041265 3.19997 -2.77482e-07
2.5854 0.00147462 -0.00409808 3.20063 -2.72345e-07
2.5885 0.00146196 -0.0040699 3.20128 -2.6732e-07
2.5916 0.00144938 -0.00404197 3.20193 -2.62404e-07
2.5947 0.0014369 -0.00401427 3.20258 -2.57595e-07
2.5978 0.0014245 -0.00398682 3.20323 -2.5289e-07
2.6009 0.00141218 -0.0039596 3.20388 -2.48287e-07
2.604 0.00139995 -0.00393261 3.20452 -2.43784e-07
2.6071 0.0013878 -0.00390586 3.20517 -2.39379e-07
2.6102 0.00137573 -0.00387935 3.20582 -2.3507e-07
2.6133 0.00136374 -0.00385306 3.20646 -2.30854e-07
2.6164 0.00135184 -0.003827 3.2071 -2.2673e-07
2.6195 0.00134002 -0.00380117 3.20774 -2.22696e-07
2.6226 0.00132827 -0.00377557 3.20838 -2.18749e-07
2.6257 0.00131661 -0.00375019 3.20902 -2.14887e-07
2.6288 0.00130502 -0.00372504 3.20966 -2.1111e-07
2.6319 0.00129351 -0.0037001 3.2103 -2.07415e-07
2.635 0.00128208 -0.00367539 3.21093 -2.038e-07
2.6381 0.00127072 -0.0036509 3.21157 -2.00264e-07
2.6412 0.00125944 -0.00362662 3.2122 -1.96805e-07
2.6443 0.00124824 -0.00360256 3.21283 -1.9342e-07
2.6474 0.00123711 -0.00357871 3.21347 -1.9011e-07
2.6505 0.00122605 -0.00355508 3.2141 -1.86872e-07
2.6536 0.00121507 -0.00353165 3.21473 -1.83704e-07
2.6567 0.00120415 -0.00350844 3.21535 -1.80605e-07
2.6598 0.00119331 -0.00348544 3.21598 -1.77574e-07
2.6629 0.00118254 -0.00346264 3.21661 -1.7461e-07
2.666 0.00117185 -0.00344005 3.21723 -1.71709e-07
2.6691 0.00116122 -0.00341767 3.21786 -1.68873e-07
2.6722 0.00115066 -0.00339548 3.21848 -1.66098e-07
2.6753 0.00114016 -0.0033735 3.2191 -1.63384e-07
2.6784 0.00112974 -0.00335172 3.21972 -1.60729e-07
2.6815 0.00111938 -0.00333014 3.22034 -1.58133e-07
2.6846 0.00110909 -0.00330876 3.22096 -1.55594e-07
2.6877 0.00109887 -0.00328758 3.22158 -1.53111e-07
2.6908 0.00108871 -0.00326659 3.2222 -1.50682e-07
2.6939 0.00107862 -0.00324579 3.22281 -1.48307e-07
2.697 0.00106859 -0.00322519 3.22343 -1.45984e-07
2.7001 0.00105862 -0.00320478 3.22404 -1.43712e-07
2.7032 0.00104872 -0.00318456 3.22465 -1.41491e-07
2.7063 0.00103887 -0.00316453 3.22526 -1.39319e-07
2.7094 0.0010291 -0.00314469 3.22587 -1.37196e-07
2.7125 0.00101938 -0.00312503 3.22648 -1.35119e-07
2.7156 0.00100972 -0.00310556 3.22709 -1.33089e-07
2.7187 0.00100012 -0.00308628 3.2277 -1.31105e-07
2.7218 0.000990585 -0.00306718 3.22831 -1.29164e-07
2.7249 0.000981106 -0.00304826 3.22891 -1.27268e-07
2.728 0.000971685 -0.00302952 3.22952 -1.25414e-07
2.7311 0.000962322 -0.00301096 3.23012 -1.23602e-07
2.7342 0.000953017 -0.00299259 3.23072 -1.21831e-07
2.7373 0.000943768 -0.00297439 3.23132 -1.201e-07
2.7404 0.000934576 -0.00295636 3.23192 -1.18409e-07
2.7435 0.000925439 -0.00293852 3.23252 -1.16756e-07
2.7466 0.000916357 -0.00292084 3.23312 -1.15141e-07
2.7497 0.000907329 -0.00290334 3.23372 -1.13564e-07
2.7528 0.000898356 -0.00288602 3.23432 -1.12023e-07
2.7559 0.000889436 -0.00286886 3.23491 -1.10518e-07
2.759 0.000880569 -0.00285188 3.23551 -1.09048e-07
2.7621 0.000871754 -0.00283507 3.2361 -1.07612e-07
2.7652 0.000862991 -0.00281842 3.23669 -1.0621e-07
2.7683 0.00085428 -0.00280194 3.23729 -1.04842e-07
2.7714 0.000845619 -0.00278563 3.23788 -1.03506e-07
2.7745 0.000837008 -0.00276948 3.23847 -1.02202e-07
2.7776 0.000828448 -0.0027535 3.23906 -1.0093e-07
2.7807 0.000819937 -0.00273769 3.23965 -9.96883e-08
2.7838 0.000811474 -0.00272203 3.24023 -9.84773e-08
2.7869 0.00080306 -0.00270654 3.24082 -9.72961e-08
2.79 0.000794693 -0.00269121 3.24141 -9.61443e-08
2.7931 0.000786374 -0.00267603 3.24199 -9.50213e-08
2.7962 0.000778102 -0.00266102 3.24258 -9.39267e-08
2.7993 0.000769876 -0.00264617 3.24316 -9.286e-08
2.8024 0.000761695 -0.00263147 3.24375 -9.18208e-08
2.8055 0.00075356 -0.00261693 3.24433 -9.08087e-08
2.8086 0.00074547 -0.00260254 3.24491 -8.98232e-08
2.8117 0.000737424 -0.00258831 3.24549 -8.88639e-08
2.8148 0.000729423 -0.00257424 3.24607 -8.79304e-08
2.8179 0.000721464 -0.00256031 3.24665 -8.70224e-08
2.821 0.000713548 -0.00254654 3.24723 -8.61396e-08
2.8241 0.000705675 -0.00253292 3.24781 -8.52814e-08
2.8272 0.000697844 -0.00251945 3.24839 -8.44477e-08
2.8303 0.000690055 -0.00250613 3.24896 -8.36382e-08
2.8334 0.000682306 -0.00249296 3.24954 -8.28524e-08
2.8365 0.000674598 -0.00247994 3.25012 -8.20901e-08
2.8396 0.00066693 -0.00246706 3.25069 -8.13511e-08
2.8427 0.000659302 -0.00245433 3.25127 -8.06351e-08
2.8458 0.000651713 -0.00244175 3.25184 -7.99418e-08
2.8489 0.000644163 -0.00242931 3.25242 -7.9271e-08
2.852 0.000636651 -0.00241702 3.25299 -7.86224e-08
2.8551 0.000629178 -0.00240487 3.25356 -7.7996e-08
2.8582 0.000621741 -0.00239286 3.25414 -7.73914e-08
2.8613 0.000614342 -0.00238099 3.25471 -7.68085e-08
2.8644 0.000606979 -0.00236927 3.25528 -7.62472e-08
2.8675 0.000599652 -0.00235769 3.25585 -7.57073e-08
2.8706 0.000592361 -0.00234624 3.25643 -7.51887e-08
2.8737 0.000585105 -0.00233494 3.257 -7.46912e-08
2.8768 0.000577884 -0.00232377 3.25757 -7.42147e-08
2.8799 0.000570698 -0.00231275 3.25814 -7.37592e-08
2.883 0.000563545 -0.00230186 3.25871 -7.33247e-08
2.8861 0.000556426 -0.0022911 3.25929 -7.2911e-08
2.8892 0.00054934 -0.00228049 3.25986 -7.25181e-08
2.8923 0.000542287 -0.00227 3.26043 -7.2146e-08
2.8954 0.000535266 -0.00225966 3.261 -7.17947e-08
2.8985 0.000528277 -0.00224944 3.26157 -7.14643e-08
2.9016 0.000521319 -0.00223937 3.26215 -7.11547e-08
2.9047 0.000514393 -0.00222942 3.26272 -7.08661e-08
2.9078 0.000507497 -0.00221961 3.26329 -7.05984e-08
2.9109 0.000500631 -0.00220992 3.26387 -7.03519e-08
2.914 0.000493795 -0.00220037 3.26444 -7.01267e-08
2.9171 0.000486989 -0.00219095 3.26502 -6.99229e-08
2.9202 0.000480211 -0.00218166 3.26559 -6.97406e-08
2.9233 0.000473462 -0.0021725 3.26617 -6.95801e-08
2.9264 0.000466741 -0.00216347 3.26675 -6.94416e-08
2.9295 0.000460048 -0.00215456 3.26732 -6.93254e-08
2.9326 0.000453383 -0.00214579 3.2679 -6.92317e-08
2.9357 0.000446744 -0.00213714 3.26848 -6.91609e-08
2.9388 0.000440133 -0.00212862 3.26907 -6.91134e-08
2.9419 0.000433547 -0.00212022 3.26965 -6.90894e-08
2.945 0.000426987 -0.00211195 3.27023 -6.90895e-08
2.9481 0.000420453 -0.0021038 3.27082 -6.91141e-08
2.9512 0.000413943 -0.00209578 3.27141 -6.91637e-08
2.9543 0.000407459 -0.00208789 3.272 -6.92388e-08
2.9574 0.000400998 -0.00208012 3.27259 -6.934e-08
2.9605 0.000394562 -0.00207247 3.27318 -6.9468e-08
2.9636 0.000388149 -0.00206494 3.27377 -6.96236e-08
2.9667 0.000381759 -0.00205754 3.27437 -6.98073e-08
2.9698 0.000375392 -0.00205025 3.27497 -7.00202e-08
2.9729 0.000369047 -0.00204309 3.27557 -7.02631e-08
2.976 0.000362725 -0.00203605 3.27618 -7.05369e-08
2.9791 0.000356424 -0.00202914 3.27679 -7.08426e-08
2.9822 0.000350144 -0.00202234 3.2774 -7.11814e-08
2.9853 0.000343885 -0.00201566 3.27801 -7.15546e-08
2.9884 0.000337647 -0.0020091 3.27863 -7.19633e-08
2.9915 0.000331429 -0.00200266 3.27925 -7.24091e-08
2.9946 0.00032523 -0.00199633 3.27988 -7.28935e-08
2.9977 0.000319051 -0.00199013 3.28051 -7.34181e-08
3.0008 0.000312891 -0.00198404 3.28115 -7.39846e-08
3.0039 0.00030675 -0.00197808 3.28179 -7.45952e-08
3.007 0.000300627 -0.00197222 3.28243 -7.52518e-08
3.0101 0.000294522 -0.00196649 3.28308 -7.59568e-08
3.0132 0.000288435 -0.00196087 3.28374 -7.67126e-08
3.0163 0.000282365 -0.00195537 3.2844 -7.7522e-08
3.0194 0.000276311 -0.00194998 3.28507 -7.83879e-08
3.0225 0.000270275 -0.00194471 3.28574 -7.93135e-08
3.0256 0.000264254 -0.00193955 3.28642 -8.03023e-08
3.0287 0.000258249 -0.00193451 3.28712 -8.13581e-08
3.0318 0.00025226 -0.00192958 3.28781 -8.24852e-08
3.0349 0.000246286 -0.00192476 3.28852 -8.36882e-08
3.038 0.000240326 -0.00192006 3.28924 -8.49721e-08
3.0411 0.000234381 -0.00191548 3.28996 -8.63424e-08
3.0442 0.00022845 -0.001911 3.2907 -8.78054e-08
3.0473 0.000222533 -0.00190664 3.29145 -8.93678e-08
3.0504 0.000216629 -0.00190239 3.29221 -9.10372e-08
3.0535 0.000210738 -0.00189825 3.29298 -9.28219e-08
3.0566 0.00020486 -0.00189423 3.29377 -9.47312e-08
3.0597 0.000198994 -0.00189032 3.29457 -9.67756e-08
3.0628 0.00019314 -0.00188651 3.29539 -9.89667e-08
3.0659 0.000187297 -0.00188282 3.29622 -1.01318e-07
3.069 0.000181466 -0.00187924 3.29707 -1.03843e-07
3.0721 0.000175646 -0.00187578 3.29794 -1.0656e-07
3.0752 0.000169836 -0.00187242 3.29883 -1.09487e-07
3.0783 0.000164037 -0.00186917 3.29974 -1.12646e-07
3.0814 0.000158247 -0.00186603 3.30068 -1.16061e-07
3.0845 0.000152467 -0.00186301 3.30164 -1.19762e-07
3.0876 0.000146696 -0.00186009 3.30263 -1.2378e-07
3.0907 0.000140934 -0.00185728 3.30366 -1.28155e-07
3.0938 0.000135181 -0.00185458 3.30471 -1.32932e-07
3.0969 0.000129436 -0.00185199 3.3058 -1.38162e-07
3.1 0.000123699 -0.00184951 3.30693 -1.43908e-07
