-3.26 2.06992e-05 0.00182352 3.37626 1.05142e-07
-3.25674 2.66448e-05 0.00182406 3.37104 8.15471e-08
-3.25348 3.25922e-05 0.00182472 3.36683 6.66079e-08
-3.25022 3.8542e-05 0.0018255 3.36329 5.63098e-08
-3.24696 4.44946e-05 0.0018264 3.36023 4.87873e-08
-3.2437 5.04503e-05 0.00182742 3.35754 4.30564e-08
-3.24044 5.64095e-05 0.00182857 3.35513 3.85488e-08
-3.23718 6.23727e-05 0.00182983 3.35294 3.49134e-08
-3.23392 6.83402e-05 0.00183121 3.35094 3.19219e-08
-3.23066 7.43123e-05 0.00183271 3.34909 2.94189e-08
-3.2274 8.02896e-05 0.00183434 3.34738 2.72956e-08
-3.22414 8.62723e-05 0.00183608 3.34577 2.54731e-08
-3.22088 9.2261e-05 0.00183794 3.34426 2.3893e-08
-3.21762 9.82558e-05 0.00183992 3.34284 2.2511e-08
-3.21436 0.000104257 0.00184202 3.34149 2.12932e-08
-3.2111 0.000110266 0.00184424 3.3402 2.02128e-08
-3.20784 0.000116282 0.00184658 3.33897 1.92486e-08
-3.20458 0.000122306 0.00184904 3.3378 1.83836e-08
-3.20132 0.000128338 0.00185162 3.33667 1.7604e-08
-3.19806 0.000134378 0.00185432 3.33558 1.68984e-08
-3.1948 0.000140428 0.00185714 3.33453 1.62573e-08
-3.19154 0.000146487 0.00186008 3.33352 1.56728e-08
-3.18828 0.000152556 0.00186315 3.33254 1.51384e-08
-3.18502 0.000158635 0.00186633 3.33159 1.46483e-08
-3.18176 0.000164725 0.00186964 3.33067 1.41978e-08
-3.1785 0.000170825 0.00187307 3.32977 1.37828e-08
-3.17524 0.000176937 0.00187662 3.32889 1.33996e-08
-3.17198 0.000183061 0.00188029 3.32803 1.30451e-08
-3.16872 0.000189197 0.00188409 3.3272 1.27167e-08
-3.16546 0.000195345 0.00188801 3.32638 1.2412e-08
-3.1622 0.000201507 0.00189205 3.32558 1.2129e-08
-3.15894 0.000207682 0.00189621 3.3248 1.18657e-08
-3.15568 0.00021387 0.0019005 3.32403 1.16205e-08
-3.15242 0.000220073 0.00190492 3.32327 1.13921e-08
-3.14916 0.00022629 0.00190945 3.32253 1.11791e-08
-3.1459 0.000232523 0.00191412 3.3218 1.09804e-08
-3.14264 0.000238771 0.0019189 3.32107 1.07949e-08
-3.13938 0.000245034 0.00192381 3.32037 1.06217e-08
-3.13612 0.000251314 0.00192885 3.31966 1.046e-08
-3.13286 0.00025761 0.00193402 3.31897 1.0309e-08
-3.1296 0.000263924 0.00193931 3.31829 1.0168e-08
-3.12634 0.000270255 0.00194472 3.31762 1.00364e-08
-3.12308 0.000276604 0.00195027 3.31695 9.91368e-09
-3.11982 0.000282971 0.00195594 3.31629 9.79927e-09
-3.11656 0.000289356 0.00196174 3.31564 9.69271e-09
-3.1133 0.000295761 0.00196767 3.31499 9.59359e-09
-3.11004 0.000302186 0.00197372 3.31435 9.5015e-09
-3.10678 0.00030863 0.00197991 3.31372 9.41608e-09
-3.10352 0.000315095 0.00198623 3.31309 9.33702e-09
-3.10026 0.000321581 0.00199267 3.31246 9.264e-09
-3.097 0.000328087 0.00199925 3.31184 9.19676e-09
-3.09374 0.000334616 0.00200595 3.31123 9.13503e-09
-3.09048 0.000341166 0.00201279 3.31062 9.07859e-09
-3.08722 0.000347739 0.00201976 3.31001 9.02721e-09
-3.08396 0.000354335 0.00202686 3.30941 8.98069e-09
-3.0807 0.000360955 0.0020341 3.3088 8.93886e-09
-3.07744 0.000367598 0.00204146 3.30821 8.90155e-09
-3.07418 0.000374265 0.00204897 3.30761 8.86859e-09
-3.07092 0.000380957 0.0020566 3.30702 8.83985e-09
-3.06766 0.000387674 0.00206437 3.30643 8.8152e-09
-3.0644 0.000394417 0.00207228 3.30584 8.79451e-09
-3.06114 0.000401186 0.00208032 3.30526 8.77766e-09
-3.05788 0.000407981 0.0020885 3.30468 8.76457e-09
-3.05462 0.000414803 0.00209681 3.3041 8.75513e-09
-3.05136 0.000421652 0.00210527 3.30352 8.74925e-09
-3.0481 0.000428529 0.00211386 3.30294 8.74686e-09
-3.04484 0.000435435 0.00212258 3.30237 8.74788e-09
-3.04158 0.000442369 0.00213145 3.30179 8.75225e-09
-3.03832 0.000449332 0.00214046 3.30122 8.75991e-09
-3.03506 0.000456325 0.00214961 3.30065 8.77079e-09
-3.0318 0.000463348 0.0021589 3.30008 8.78486e-09
-3.02854 0.000470401 0.00216833 3.29951 8.80207e-09
-3.02528 0.000477485 0.0021779 3.29894 8.82237e-09
-3.02202 0.000484601 0.00218762 3.29838 8.84574e-09
-3.01876 0.000491749 0.00219748 3.29781 8.87214e-09
-3.0155 0.000498929 0.00220748 3.29724 8.90154e-09
-3.01224 0.000506142 0.00221763 3.29668 8.93393e-09
-3.00898 0.000513388 0.00222792 3.29611 8.96928e-09
-3.00572 0.000520668 0.00223836 3.29555 9.00757e-09
-3.00246 0.000527982 0.00224895 3.29499 9.0488e-09
-2.9992 0.000535331 0.00225969 3.29442 9.09295e-09
-2.99594 0.000542715 0.00227057 3.29386 9.14003e-09
-2.99268 0.000550135 0.0022816 3.2933 9.19002e-09
-2.98942 0.000557592 0.00229278 3.29274 9.24292e-09
-2.98616 0.000565084 0.00230412 3.29217 9.29875e-09
-2.9829 0.000572615 0.0023156 3.29161 9.3575e-09
-2.97964 0.000580182 0.00232724 3.29105 9.41918e-09
-2.97638 0.000587788 0.00233903 3.29049 9.48381e-09
-2.97312 0.000595433 0.00235097 3.28992 9.55139e-09
-2.96986 0.000603117 0.00236306 3.28936 9.62194e-09
-2.9666 0.00061084 0.00237532 3.2888 9.69549e-09
-2.96334 0.000618604 0.00238772 3.28823 9.77205e-09
-2.96008 0.000626408 0.00240029 3.28767 9.85164e-09
-2.95682 0.000634254 0.00241301 3.28711 9.93429e-09
-2.95356 0.000642141 0.00242589 3.28654 1.002e-08
-2.9503 0.000650071 0.00243893 3.28598 1.01089e-08
-2.94704 0.000658043 0.00245213 3.28541 1.02009e-08
-2.94378 0.000666059 0.00246549 3.28485 1.02961e-08
-2.94052 0.000674119 0.00247902 3.28428 1.03945e-08
-2.93726 0.000682223 0.0024927 3.28372 1.04961e-08
-2.934 0.000690371 0.00250656 3.28315 1.06011e-08
-2.93074 0.000698565 0.00252057 3.28258 1.07094e-08
-2.92748 0.000706806 0.00253475 3.28202 1.08211e-08
-2.92422 0.000715092 0.0025491 3.28145 1.09362e-08
-2.92096 0.000723426 0.00256361 3.28088 1.10548e-08
-2.9177 0.000731807 0.0025783 3.28031 1.1177e-08
-2.91444 0.000740237 0.00259315 3.27974 1.13027e-08
-2.91118 0.000748715 0.00260817 3.27917 1.14321e-08
-2.90792 0.000757242 0.00262336 3.2786 1.15652e-08
-2.90466 0.000765819 0.00263873 3.27802 1.1702e-08
-2.9014 0.000774447 0.00265427 3.27745 1.18427e-08
-2.89814 0.000783125 0.00266999 3.27688 1.19873e-08
-2.89488 0.000791855 0.00268588 3.2763 1.21358e-08
-2.89162 0.000800637 0.00270194 3.27573 1.22884e-08
-2.88836 0.000809472 0.00271819 3.27515 1.2445e-08
-2.8851 0.00081836 0.00273461 3.27457 1.26058e-08
-2.88184 0.000827302 0.00275121 3.274 1.27709e-08
-2.87858 0.000836298 0.002768 3.27342 1.29403e-08
-2.87532 0.00084535 0.00278496 3.27284 1.31142e-08
-2.87206 0.000854456 0.00280211 3.27226 1.32925e-08
-2.8688 0.000863619 0.00281944 3.27168 1.34754e-08
-2.86554 0.000872839 0.00283696 3.2711 1.3663e-08
-2.86228 0.000882117 0.00285467 3.27051 1.38553e-08
-2.85902 0.000891452 0.00287256 3.26993 1.40525e-08
-2.85576 0.000900846 0.00289064 3.26935 1.42546e-08
-2.8525 0.000910299 0.00290891 3.26876 1.44619e-08
-2.84924 0.000919812 0.00292737 3.26817 1.46742e-08
-2.84598 0.000929386 0.00294603 3.26759 1.48919e-08
-2.84272 0.000939021 0.00296488 3.267 1.51149e-08
-2.83946 0.000948717 0.00298392 3.26641 1.53434e-08
-2.8362 0.000958476 0.00300316 3.26582 1.55775e-08
-2.83294 0.000968298 0.0030226 3.26523 1.58173e-08
-2.82968 0.000978184 0.00304224 3.26464 1.60629e-08
-2.82642 0.000988134 0.00306207 3.26404 1.63145e-08
-2.82316 0.000998148 0.00308211 3.26345 1.65722e-08
-2.8199 0.00100823 0.00310235 3.26285 1.68362e-08
-2.81664 0.00101838 0.00312279 3.26226 1.71064e-08
-2.81338 0.00102859 0.00314344 3.26166 1.73832e-08
-2.81012 0.00103887 0.0031643 3.26106 1.76666e-08
-2.80686 0.00104922 0.00318537 3.26047 1.79568e-08
-2.8036 0.00105964 0.00320664 3.25987 1.82539e-08
-2.80034 0.00107013 0.00322812 3.25926 1.85581e-08
-2.79708 0.00108069 0.00324982 3.25866 1.88696e-08
-2.79382 0.00109132 0.00327173 3.25806 1.91884e-08
-2.79056 0.00110202 0.00329386 3.25746 1.95148e-08
-2.7873 0.00111279 0.0033162 3.25685 1.98489e-08
-2.78404 0.00112364 0.00333876 3.25624 2.0191e-08
-2.78078 0.00113456 0.00336154 3.25564 2.05411e-08
-2.77752 0.00114556 0.00338454 3.25503 2.08995e-08
-2.77426 0.00115663 0.00340777 3.25442 2.12663e-08
-2.771 0.00116778 0.00343122 3.25381 2.16418e-08
-2.76774 0.001179 0.00345489 3.2532 2.20261e-08
-2.76448 0.0011903 0.00347879 3.25259 2.24195e-08
-2.76122 0.00120168 0.00350292 3.25197 2.28221e-08
-2.75796 0.00121314 0.00352728 3.25136 2.32341e-08
-2.7547 0.00122468 0.00355188 3.25074 2.36558e-08
-2.75144 0.0012363 0.0035767 3.25013 2.40875e-08
-2.74818 0.001248 0.00360177 3.24951 2.45292e-08
-2.74492 0.00125979 0.00362706 3.24889 2.49813e-08
-2.74166 0.00127165 0.0036526 3.24827 2.5444e-08
-2.7384 0.0012836 0.00367838 3.24765 2.59175e-08
-2.73514 0.00129563 0.0037044 3.24703 2.64021e-08
-2.73188 0.00130775 0.00373066 3.24641 2.6898e-08
-2.72862 0.00131996 0.00375717 3.24578 2.74056e-08
-2.72536 0.00133225 0.00378393 3.24516 2.7925e-08
-2.7221 0.00134463 0.00381093 3.24453 2.84566e-08
-2.71884 0.0013571 0.00383819 3.24391 2.90006e-08
-2.71558 0.00136966 0.00386569 3.24328 2.95573e-08
-2.71232 0.0013823 0.00389346 3.24265 3.0127e-08
-2.70906 0.00139504 0.00392147 3.24202 3.07101e-08
-2.7058 0.00140787 0.00394975 3.24139 3.13068e-08
-2.70254 0.00142079 0.00397829 3.24075 3.19174e-08
-2.69928 0.00143381 0.00400709 3.24012 3.25423e-08
-2.69602 0.00144692 0.00403615 3.23949 3.31818e-08
-2.69276 0.00146013 0.00406547 3.23885 3.38363e-08
-2.6895 0.00147343 0.00409507 3.23821 3.45061e-08
-2.68624 0.00148683 0.00412493 3.23758 3.51915e-08
-2.68298 0.00150032 0.00415507 3.23694 3.5893e-08
-2.67972 0.00151392 0.00418548 3.2363 3.66109e-08
-2.67646 0.00152761 0.00421616 3.23566 3.73456e-08
-2.6732 0.00154141 0.00424712 3.23501 3.80974e-08
-2.66994 0.0015553 0.00427837 3.23437 3.88669e-08
-2.66668 0.0015693 0.00430989 3.23373 3.96544e-08
-2.66342 0.0015834 0.00434169 3.23308 4.04603e-08
-2.66016 0.00159761 0.00437379 3.23244 4.1285e-08
-2.6569 0.00161192 0.00440617 3.23179 4.21291e-08
-2.65364 0.00162634 0.00443884 3.23114 4.2993e-08
-2.65038 0.00164086 0.0044718 3.23049 4.38771e-08
-2.64712 0.0016555 0.00450505 3.22984 4.47819e-08
-2.64386 0.00167024 0.00453861 3.22919 4.5708e-08
-2.6406 0.00168509 0.00457246 3.22853 4.66557e-08
-2.63734 0.00170005 0.00460661 3.22788 4.76257e-08
-2.63408 0.00171512 0.00464107 3.22723 4.86184e-08
-2.63082 0.00173031 0.00467583 3.22657 4.96345e-08
-2.62756 0.00174561 0.0047109 3.22591 5.06744e-08
-2.6243 0.00176102 0.00474627 3.22525 5.17386e-08
-2.62104 0.00177656 0.00478196 3.22459 5.28279e-08
-2.61778 0.0017922 0.00481797 3.22393 5.39428e-08
-2.61452 0.00180797 0.00485429 3.22327 5.50839e-08
-2.61126 0.00182385 0.00489093 3.22261 5.62518e-08
-2.608 0.00183986 0.0049279 3.22195 5.74472e-08
-2.60474 0.00185598 0.00496519 3.22128 5.86706e-08
-2.60148 0.00187223 0.0050028 3.22062 5.99229e-08
-2.59822 0.0018886 0.00504075 3.21995 6.12046e-08
-2.59496 0.0019051 0.00507902 3.21928 6.25165e-08
-2.5917 0.00192172 0.00511763 3.21861 6.38593e-08
-2.58844 0.00193847 0.00515658 3.21794 6.52338e-08
-2.58518 0.00195534 0.00519586 3.21727 6.66406e-08
-2.58192 0.00197234 0.00523549 3.2166 6.80805e-08
-2.57866 0.00198948 0.00527547 3.21592 6.95544e-08
-2.5754 0.00200674 0.00531579 3.21525 7.10631e-08
-2.57214 0.00202413 0.00535646 3.21457 7.26074e-08
-2.56888 0.00204166 0.00539748 3.2139 7.41881e-08
-2.56562 0.00205933 0.00543886 3.21322 7.58061e-08
-2.56236 0.00207713 0.00548059 3.21254 7.74623e-08
-2.5591 0.00209506 0.00552269 3.21186 7.91577e-08
-2.55584 0.00211313 0.00556515 3.21118 8.0893e-08
-2.55258 0.00213135 0.00560797 3.21049 8.26694e-08
-2.54932 0.0021497 0.00565117 3.20981 8.44878e-08
-2.54606 0.00216819 0.00569474 3.20913 8.63492e-08
-2.5428 0.00218683 0.00573868 3.20844 8.82546e-08
-2.53954 0.00220561 0.005783 3.20775 9.02051e-08
-2.53628 0.00222453 0.0058277 3.20707 9.22018e-08
-2.53302 0.00224361 0.00587278 3.20638 9.42457e-08
-2.52976 0.00226282 0.00591825 3.20569 9.6338e-08
-2.5265 0.00228219 0.00596411 3.205 9.84799e-08
-2.52324 0.00230171 0.00601037 3.2043 1.00673e-07
-2.51998 0.00232138 0.00605701 3.20361 1.02917e-07
-2.51672 0.0023412 0.00610406 3.20291 1.05215e-07
-2.51346 0.00236118 0.00615151 3.20222 1.07567e-07
-2.5102 0.00238131 0.00619936 3.20152 1.09975e-07
-2.50694 0.0024016 0.00624763 3.20082 1.12441e-07
-2.50368 0.00242205 0.0062963 3.20013 1.14964e-07
-2.50042 0.00244265 0.00634539 3.19943 1.17548e-07
-2.49716 0.00246342 0.00639489 3.19872 1.20193e-07
-2.4939 0.00248435 0.00644482 3.19802 1.22901e-07
-2.49064 0.00250544 0.00649517 3.19732 1.25673e-07
-2.48738 0.0025267 0.00654595 3.19661 1.28511e-07
-2.48412 0.00254812 0.00659715 3.19591 1.31416e-07
-2.48086 0.00256971 0.0066488 3.1952 1.34391e-07
-2.4776 0.00259147 0.00670088 3.19449 1.37436e-07
-2.47434 0.0026134 0.0067534 3.19378 1.40554e-07
-2.47108 0.0026355 0.00680637 3.19307 1.43746e-07
-2.46782 0.00265778 0.00685978 3.19236 1.47013e-07
-2.46456 0.00268023 0.00691365 3.19165 1.50359e-07
-2.4613 0.00270286 0.00696797 3.19093 1.53784e-07
-2.45804 0.00272566 0.00702275 3.19022 1.57291e-07
-2.45478 0.00274864 0.00707799 3.1895 1.60881e-07
-2.45152 0.00277181 0.0071337 3.18879 1.64557e-07
-2.44826 0.00279516 0.00718988 3.18807 1.68321e-07
-2.445 0.00281869 0.00724653 3.18735 1.72174e-07
-2.44174 0.00284241 0.00730366 3.18663 1.76119e-07
-2.43848 0.00286631 0.00736127 3.18591 1.80158e-07
-2.43522 0.0028904 0.00741936 3.18518 1.84293e-07
-2.43196 0.00291468 0.00747794 3.18446 1.88527e-07
-2.4287 0.00293916 0.00753702 3.18373 1.92862e-07
-2.42544 0.00296383 0.00759659 3.18301 1.97301e-07
-2.42218 0.00298869 0.00765666 3.18228 2.01845e-07
-2.41892 0.00301375 0.00771724 3.18155 2.06498e-07
-2.41566 0.00303901 0.00777832 3.18082 2.11262e-07
-2.4124 0.00306446 0.00783991 3.18009 2.1614e-07
-2.40914 0.00309012 0.00790203 3.17936 2.21134e-07
-2.40588 0.00311598 0.00796466 3.17862 2.26248e-07
-2.40262 0.00314205 0.00802781 3.17789 2.31483e-07
-2.39936 0.00316833 0.0080915 3.17715 2.36844e-07
-2.3961 0.00319481 0.00815572 3.17642 2.42333e-07
-2.39284 0.0032215 0.00822047 3.17568 2.47954e-07
-2.38958 0.00324841 0.00828577 3.17494 2.53708e-07
-2.38632 0.00327553 0.00835161 3.1742 2.596e-07
-2.38306 0.00330286 0.008418 3.17346 2.65634e-07
-2.3798 0.00333041 0.00848494 3.17272 2.71811e-07
-2.37654 0.00335818 0.00855245 3.17197 2.78136e-07
-2.37328 0.00338617 0.00862052 3.17123 2.84613e-07
-2.37002 0.00341439 0.00868915 3.17048 2.91245e-07
-2.36676 0.00344283 0.00875836 3.16973 2.98035e-07
-2.3635 0.00347149 0.00882814 3.16898 3.04988e-07
-2.36024 0.00350039 0.00889851 3.16823 3.12108e-07
-2.35698 0.00352951 0.00896946 3.16748 3.19398e-07
-2.35372 0.00355887 0.009041 3.16673 3.26863e-07
-2.35046 0.00358846 0.00911314 3.16598 3.34506e-07
-2.3472 0.00361829 0.00918588 3.16522 3.42332e-07
-2.34394 0.00364835 0.00925922 3.16447 3.50347e-07
-2.34068 0.00367866 0.00933317 3.16371 3.58553e-07
-2.33742 0.00370921 0.00940774 3.16295 3.66956e-07
-2.33416 0.00374 0.00948292 3.16219 3.7556e-07
-2.3309 0.00377104 0.00955873 3.16143 3.8437e-07
-2.32764 0.00380232 0.00963517 3.16067 3.93392e-07
-2.32438 0.00383386 0.00971225 3.1599 4.0263e-07
-2.32112 0.00386565 0.00978996 3.15914 4.1209e-07
-2.31786 0.00389769 0.00986832 3.15837 4.21776e-07
-2.3146 0.00392999 0.00994733 3.15761 4.31695e-07
-2.31134 0.00396255 0.010027 3.15684 4.41852e-07
-2.30808 0.00399537 0.0101073 3.15607 4.52253e-07
-2.30482 0.00402845 0.0101883 3.1553 4.62903e-07
-2.30156 0.00406179 0.01027 3.15453 4.73808e-07
-2.2983 0.00409541 0.0103523 3.15375 4.84976e-07
-2.29504 0.00412929 0.0104353 3.15298 4.96411e-07
-2.29178 0.00416345 0.010519 3.1522 5.08121e-07
-2.28852 0.00419788 0.0106034 3.15143 5.20112e-07
-2.28526 0.00423258 0.0106885 3.15065 5.32392e-07
-2.282 0.00426757 0.0107743 3.14987 5.44965e-07
-2.27874 0.00430283 0.0108608 3.14909 5.57841e-07
-2.27548 0.00433838 0.0109481 3.1483 5.71027e-07
-2.27222 0.00437421 0.011036 3.14752 5.84528e-07
-2.26896 0.00441034 0.0111247 3.14674 5.98355e-07
-2.2657 0.00444675 0.0112141 3.14595 6.12513e-07
-2.26244 0.00448345 0.0113042 3.14516 6.27011e-07
-2.25918 0.00452045 0.0113951 3.14438 6.41858e-07
-2.25592 0.00455775 0.0114868 3.14359 6.57062e-07
-2.25266 0.00459535 0.0115792 3.14279 6.72631e-07
-2.2494 0.00463325 0.0116723 3.142 6.88574e-07
-2.24614 0.00467145 0.0117663 3.14121 7.049e-07
-2.24288 0.00470996 0.011861 3.14041 7.21619e-07
-2.23962 0.00474879 0.0119564 3.13962 7.3874e-07
-2.23636 0.00478792 0.0120527 3.13882 7.56272e-07
-2.2331 0.00482737 0.0121498 3.13802 7.74226e-07
-2.22984 0.00486714 0.0122477 3.13722 7.92611e-07
-2.22658 0.00490723 0.0123463 3.13642 8.11439e-07
-2.22332 0.00494764 0.0124458 3.13562 8.30719e-07
-2.22006 0.00498837 0.0125461 3.13481 8.50463e-07
-2.2168 0.00502944 0.0126473 3.13401 8.70682e-07
-2.21354 0.00507083 0.0127492 3.1332 8.91387e-07
-2.21028 0.00511256 0.012852 3.13239 9.1259e-07
-2.20702 0.00515463 0.0129557 3.13158 9.34304e-07
-2.20376 0.00519704 0.0130602 3.13077 9.56539e-07
-2.2005 0.00523978 0.0131656 3.12996 9.7931e-07
-2.19724 0.00528288 0.0132718 3.12914 1.00263e-06
-2.19398 0.00532632 0.0133789 3.12833 1.02651e-06
-2.19072 0.00537011 0.0134869 3.12751 1.05096e-06
-2.18746 0.00541425 0.0135958 3.1267 1.076e-06
-2.1842 0.00545875 0.0137055 3.12588 1.10165e-06
-2.18094 0.00550361 0.0138162 3.12506 1.12791e-06
-2.17768 0.00554884 0.0139278 3.12423 1.1548e-06
-2.17442 0.00559442 0.0140403 3.12341 1.18234e-06
-2.17116 0.00564038 0.0141537 3.12259 1.21055e-06
-2.1679 0.00568671 0.0142681 3.12176 1.23943e-06
-2.16464 0.00573341 0.0143834 3.12093 1.26901e-06
-2.16138 0.00578049 0.0144996 3.1201 1.2993e-06
-2.15812 0.00582795 0.0146169 3.11927 1.33032e-06
-2.15486 0.00587579 0.014735 3.11844 1.36208e-06
-2.1516 0.00592402 0.0148542 3.11761 1.39462e-06
-2.14834 0.00597264 0.0149743 3.11677 1.42793e-06
-2.14508 0.00602165 0.0150954 3.11594 1.46204e-06
-2.14182 0.00607106 0.0152175 3.1151 1.49698e-06
-2.13856 0.00612087 0.0153406 3.11426 1.53276e-06
-2.1353 0.00617108 0.0154647 3.11342 1.5694e-06
-2.13204 0.0062217 0.0155898 3.11258 1.60692e-06
-2.12878 0.00627273 0.015716 3.11174 1.64535e-06
-2.12552 0.00632417 0.0158432 3.11089 1.6847e-06
-2.12226 0.00637603 0.0159714 3.11005 1.725e-06
-2.119 0.00642831 0.0161007 3.1092 1.76626e-06
-2.11574 0.00648101 0.0162311 3.10835 1.80853e-06
-2.11248 0.00653414 0.0163625 3.1075 1.85181e-06
-2.10922 0.00658769 0.016495 3.10665 1.89613e-06
-2.10596 0.00664168 0.0166286 3.1058 1.94152e-06
-2.1027 0.00669611 0.0167633 3.10494 1.988e-06
-2.09944 0.00675098 0.016899 3.10409 2.0356e-06
-2.09618 0.0068063 0.0170359 3.10323 2.08435e-06
-2.09292 0.00686206 0.017174 3.10237 2.13427e-06
-2.08966 0.00691827 0.0173131 3.10151 2.1854e-06
-2.0864 0.00697494 0.0174534 3.10065 2.23776e-06
-2.08314 0.00703207 0.0175949 3.09978 2.29137e-06
-2.07988 0.00708966 0.0177375 3.09892 2.34628e-06
-2.07662 0.00714772 0.0178812 3.09805 2.40251e-06
-2.07336 0.00720625 0.0180262 3.09718 2.4601e-06
-2.0701 0.00726525 0.0181723 3.09631 2.51907e-06
-2.06684 0.00732473 0.0183197 3.09544 2.57947e-06
-2.06358 0.0073847 0.0184682 3.09457 2.64131e-06
-2.06032 0.00744515 0.018618 3.09369 2.70465e-06
-2.05706 0.00750609 0.018769 3.09282 2.76952e-06
-2.0538 0.00756752 0.0189212 3.09194 2.83594e-06
-2.05054 0.00762945 0.0190747 3.09106 2.90397e-06
-2.04728 0.00769189 0.0192294 3.09018 2.97363e-06
-2.04402 0.00775483 0.0193854 3.0893 3.04498e-06
-2.04076 0.00781828 0.0195427 3.08842 3.11804e-06
-2.0375 0.00788225 0.0197013 3.08753 3.19286e-06
-2.03424 0.00794674 0.0198611 3.08664 3.26948e-06
-2.03098 0.00801175 0.0200223 3.08576 3.34795e-06
-2.02772 0.00807728 0.0201848 3.08487 3.42831e-06
-2.02446 0.00814335 0.0203486 3.08397 3.51061e-06
-2.0212 0.00820996 0.0205138 3.08308 3.59488e-06
-2.01794 0.0082771 0.0206803 3.08219 3.68119e-06
-2.01468 0.0083448 0.0208482 3.08129 3.76958e-06
-2.01142 0.00841304 0.0210174 3.08039 3.8601e-06
-2.00816 0.00848183 0.0211881 3.07949 3.95279e-06
-2.0049 0.00855118 0.0213601 3.07859 4.04772e-06
-2.00164 0.0086211 0.0215335 3.07769 4.14494e-06
-1.99838 0.00869158 0.0217084 3.07678 4.24449e-06
-1.99512 0.00876264 0.0218847 3.07588 4.34645e-06
-1.99186 0.00883427 0.0220624 3.07497 4.45086e-06
-1.9886 0.00890649 0.0222416 3.07406 4.55779e-06
-1.98534 0.00897929 0.0224223 3.07315 4.66729e-06
-1.98208 0.00905268 0.0226044 3.07224 4.77943e-06
-1.97882 0.00912667 0.0227881 3.07132 4.89427e-06
-1.97556 0.00920126 0.0229732 3.07041 5.01188e-06
-1.9723 0.00927646 0.0231598 3.06949 5.13232e-06
-1.96904 0.00935227 0.023348 3.06857 5.25566e-06
-1.96578 0.00942869 0.0235377 3.06765 5.38197e-06
-1.96252 0.00950573 0.023729 3.06672 5.51133e-06
-1.95926 0.0095834 0.0239218 3.0658 5.6438e-06
-1.956 0.00966171 0.0241162 3.06487 5.77946e-06
-1.95274 0.00974064 0.0243122 3.06395 5.91839e-06
-1.94948 0.00982022 0.0245098 3.06302 6.06066e-06
-1.94622 0.00990045 0.024709 3.06208 6.20636e-06
-1.94296 0.00998133 0.0249099 3.06115 6.35557e-06
-1.9397 0.0100629 0.0251123 3.06022 6.50837e-06
-1.93644 0.0101451 0.0253165 3.05928 6.66485e-06
-1.93318 0.0102279 0.0255223 3.05834 6.82511e-06
-1.92992 0.0103115 0.0257298 3.0574 6.98922e-06
-1.92666 0.0103957 0.025939 3.05646 7.15728e-06
-1.9234 0.0104806 0.0261499 3.05552 7.32939e-06
-1.92014 0.0105662 0.0263625 3.05457 7.50564e-06
-1.91688 0.0106525 0.0265769 3.05362 7.68614e-06
-1.91362 0.0107395 0.026793 3.05267 7.87099e-06
-1.91036 0.0108272 0.0270109 3.05172 8.06028e-06
-1.9071 0.0109156 0.0272305 3.05077 8.25414e-06
-1.90384 0.0110047 0.027452 3.04981 8.45266e-06
-1.90058 0.0110946 0.0276753 3.04886 8.65596e-06
-1.89732 0.0111852 0.0279004 3.0479 8.86416e-06
-1.89406 0.0112765 0.0281273 3.04694 9.07737e-06
-1.8908 0.0113686 0.0283561 3.04598 9.29571e-06
-1.88754 0.0114614 0.0285868 3.04501 9.51931e-06
-1.88428 0.0115549 0.0288193 3.04405 9.74829e-06
-1.88102 0.0116493 0.0290538 3.04308 9.98279e-06
-1.87776 0.0117444 0.0292901 3.04211 1.02229e-05
-1.8745 0.0118402 0.0295284 3.04114 1.04689e-05
-1.87124 0.0119369 0.0297687 3.04017 1.07207e-05
-1.86798 0.0120343 0.0300109 3.03919 1.09786e-05
-1.86472 0.0121326 0.0302551 3.03822 1.12427e-05
-1.86146 0.0122316 0.0305012 3.03724 1.15132e-05
-1.8582 0.0123314 0.0307494 3.03626 1.17902e-05
-1.85494 0.0124321 0.0309997 3.03527 1.20738e-05
-1.85168 0.0125336 0.0312519 3.03429 1.23643e-05
-1.84842 0.0126359 0.0315063 3.0333 1.26617e-05
-1.84516 0.012739 0.0317627 3.03231 1.29664e-05
-1.8419 0.012843 0.0320212 3.03132 1.32783e-05
-1.83864 0.0129478 0.0322818 3.03033 1.35978e-05
-1.83538 0.0130534 0.0325445 3.02934 1.39249e-05
-1.83212 0.01316 0.0328094 3.02834 1.426e-05
-1.82886 0.0132674 0.0330765 3.02734 1.46031e-05
-1.8256 0.0133756 0.0333457 3.02634 1.49544e-05
-1.82234 0.0134848 0.0336172 3.02534 1.53142e-05
-1.81908 0.0135948 0.0338908 3.02434 1.56826e-05
-1.81582 0.0137057 0.0341667 3.02333 1.606e-05
-1.81256 0.0138176 0.0344449 3.02232 1.64464e-05
-1.8093 0.0139303 0.0347253 3.02131 1.6842e-05
-1.80604 0.014044 0.035008 3.0203 1.72473e-05
-1.80278 0.0141586 0.035293 3.01928 1.76622e-05
-1.79952 0.0142741 0.0355804 3.01827 1.80872e-05
-1.79626 0.0143906 0.0358701 3.01725 1.85223e-05
-1.793 0.014508 0.0361622 3.01623 1.8968e-05
-1.78974 0.0146263 0.0364566 3.01521 1.94243e-05
-1.78648 0.0147457 0.0367535 3.01418 1.98916e-05
-1.78322 0.014866 0.0370527 3.01315 2.03702e-05
-1.77996 0.0149873 0.0373545 3.01212 2.08603e-05
-1.7767 0.0151095 0.0376587 3.01109 2.13622e-05
-1.77344 0.0152328 0.0379654 3.01006 2.18761e-05
-1.77018 0.0153571 0.0382745 3.00902 2.24024e-05
-1.76692 0.0154824 0.0385862 3.00799 2.29413e-05
-1.76366 0.0156087 0.0389005 3.00695 2.34932e-05
-1.7604 0.015736 0.0392173 3.00591 2.40584e-05
-1.75714 0.0158644 0.0395367 3.00486 2.46372e-05
-1.75388 0.0159938 0.0398588 3.00382 2.52299e-05
-1.75062 0.0161242 0.0401834 3.00277 2.58368e-05
-1.74736 0.0162558 0.0405107 3.00172 2.64583e-05
-1.7441 0.0163884 0.0408407 3.00066 2.70948e-05
-1.74084 0.0165221 0.0411734 2.99961 2.77466e-05
-1.73758 0.0166568 0.0415088 2.99855 2.8414e-05
-1.73432 0.0167927 0.0418469 2.99749 2.90975e-05
-1.73106 0.0169297 0.0421878 2.99643 2.97974e-05
-1.7278 0.0170678 0.0425315 2.99537 3.05141e-05
-1.72454 0.017207 0.042878 2.9943 3.12481e-05
-1.72128 0.0173473 0.0432273 2.99323 3.19997e-05
-1.71802 0.0174888 0.0435795 2.99216 3.27693e-05
-1.71476 0.0176315 0.0439345 2.99109 3.35575e-05
-1.7115 0.0177753 0.0442925 2.99002 3.43646e-05
-1.70824 0.0179203 0.0446533 2.98894 3.51911e-05
-1.70498 0.0180664 0.0450172 2.98786 3.60374e-05
-1.70172 0.0182138 0.045384 2.98678 3.69041e-05
-1.69846 0.0183623 0.0457538 2.98569 3.77916e-05
-1.6952 0.0185121 0.0461266 2.98461 3.87004e-05
-1.69194 0.0186631 0.0465024 2.98352 3.96311e-05
-1.68868 0.0188153 0.0468814 2.98242 4.05841e-05
-1.68542 0.0189687 0.0472634 2.98133 4.156e-05
-1.68216 0.0191235 0.0476485 2.98023 4.25593e-05
-1.6789 0.0192794 0.0480368 2.97914 4.35827e-05
-1.67564 0.0194367 0.0484283 2.97804 4.46306e-05
-1.67238 0.0195952 0.0488229 2.97693 4.57037e-05
-1.66912 0.019755 0.0492208 2.97583 4.68026e-05
-1.66586 0.0199161 0.049622 2.97472 4.79278e-05
-1.6626 0.0200785 0.0500264 2.97361 4.90801e-05
-1.65934 0.0202423 0.0504341 2.97249 5.026e-05
-1.65608 0.0204074 0.0508451 2.97138 5.14683e-05
-1.65282 0.0205738 0.0512596 2.97026 5.27056e-05
-1.64956 0.0207416 0.0516773 2.96914 5.39725e-05
-1.6463 0.0209107 0.0520985 2.96802 5.52699e-05
-1.64304 0.0210813 0.0525232 2.96689 5.65985e-05
-1.63978 0.0212532 0.0529513 2.96576 5.79589e-05
-1.63652 0.0214265 0.0533829 2.96463 5.9352e-05
-1.63326 0.0216012 0.0538181 2.9635 6.07785e-05
-1.63 0.0217774 0.0542568 2.96236 6.22392e-05
-1.62674 0.021955 0.054699 2.96123 6.3735e-05
-1.62348 0.022134 0.0551449 2.96008 6.52667e-05
-1.62022 0.0223146 0.0555945 2.95894 6.68352e-05
-1.61696 0.0224965 0.0560477 2.95779 6.84413e-05
-1.6137 0.02268 0.0565046 2.95665 7.00859e-05
-1.61044 0.0228649 0.0569652 2.95549 7.177e-05
-1.60718 0.0230514 0.0574296 2.95434 7.34944e-05
-1.60392 0.0232394 0.0578978 2.95318 7.52603e-05
-1.60066 0.0234289 0.0583699 2.95203 7.70685e-05
-1.5974 0.02362 0.0588457 2.95086 7.892e-05
-1.59414 0.0238126 0.0593255 2.9497 8.0816e-05
-1.59088 0.0240068 0.0598092 2.94853 8.27575e-05
-1.58762 0.0242025 0.0602968 2.94736 8.47455e-05
-1.58436 0.0243999 0.0607885 2.94619 8.67812e-05
-1.5811 0.0245989 0.0612841 2.94501 8.88657e-05
-1.57784 0.0247995 0.0617838 2.94384 9.10001e-05
-1.57458 0.0250017 0.0622876 2.94265 9.31858e-05
-1.57132 0.0252056 0.0627955 2.94147 9.54238e-05
-1.56806 0.0254112 0.0633075 2.94028 9.77155e-05
-1.5648 0.0256184 0.0638238 2.9391 0.000100062
-1.56154 0.0258273 0.0643442 2.9379 0.000102465
-1.55828 0.0260379 0.0648689 2.93671 0.000104926
-1.55502 0.0262502 0.0653979 2.93551 0.000107445
-1.55176 0.0264643 0.0659312 2.93431 0.000110025
-1.5485 0.0266801 0.0664689 2.93311 0.000112666
-1.54524 0.0268977 0.0670109 2.9319 0.000115371
-1.54198 0.027117 0.0675574 2.93069 0.000118141
-1.53872 0.0273382 0.0681084 2.92948 0.000120977
-1.53546 0.0275611 0.0686638 2.92826 0.000123881
-1.5322 0.0277859 0.0692238 2.92705 0.000126855
-1.52894 0.0280124 0.0697884 2.92582 0.0001299
-1.52568 0.0282409 0.0703576 2.9246 0.000133017
-1.52242 0.0284712 0.0709314 2.92337 0.00013621
-1.51916 0.0287034 0.0715099 2.92214 0.000139479
-1.5159 0.0289374 0.0720932 2.92091 0.000142826
-1.51264 0.0291734 0.0726812 2.91968 0.000146253
-1.50938 0.0294113 0.073274 2.91844 0.000149763
-1.50612 0.0296512 0.0738717 2.91719 0.000153356
-1.50286 0.029893 0.0744743 2.91595 0.000157036
-1.4996 0.0301367 0.0750818 2.9147 0.000160803
-1.49634 0.0303825 0.0756942 2.91345 0.000164661
-1.49308 0.0306303 0.0763117 2.9122 0.000168611
-1.48982 0.0308801 0.0769342 2.91094 0.000172655
-1.48656 0.0311319 0.0775617 2.90968 0.000176797
-1.4833 0.0313858 0.0781945 2.90841 0.000181037
-1.48004 0.0316417 0.0788324 2.90715 0.000185379
-1.47678 0.0318998 0.0794755 2.90588 0.000189825
-1.47352 0.0321599 0.0801238 2.9046 0.000194377
-1.47026 0.0324222 0.0807775 2.90333 0.000199038
-1.467 0.0326866 0.0814365 2.90205 0.000203811
-1.46374 0.0329531 0.0821009 2.90077 0.000208698
-1.46048 0.0332219 0.0827707 2.89948 0.000213701
-1.45722 0.0334928 0.083446 2.89819 0.000218825
-1.45396 0.033766 0.0841268 2.8969 0.00022407
-1.4507 0.0340413 0.0848132 2.8956 0.000229442
-1.44744 0.0343189 0.0855052 2.8943 0.000234941
-1.44418 0.0345988 0.0862028 2.893 0.000240572
-1.44092 0.034881 0.0869062 2.89169 0.000246338
-1.43766 0.0351655 0.0876153 2.89038 0.000252242
-1.4344 0.0354523 0.0883302 2.88907 0.000258286
-1.43114 0.0357414 0.0890509 2.88775 0.000264476
-1.42788 0.0360329 0.0897775 2.88643 0.000270813
-1.42462 0.0363267 0.0905101 2.88511 0.000277301
-1.42136 0.036623 0.0912487 2.88378 0.000283945
-1.4181 0.0369217 0.0919933 2.88245 0.000290747
-1.41484 0.0372228 0.092744 2.88112 0.000297712
-1.41158 0.0375264 0.0935008 2.87978 0.000304843
-1.40832 0.0378324 0.0942638 2.87844 0.000312144
-1.40506 0.038141 0.0950331 2.8771 0.00031962
-1.4018 0.0384521 0.0958086 2.87575 0.000327275
-1.39854 0.0387657 0.0965905 2.8744 0.000335112
-1.39528 0.0390818 0.0973788 2.87304 0.000343136
-1.39202 0.0394006 0.0981735 2.87168 0.000351352
-1.38876 0.0397219 0.0989747 2.87032 0.000359764
-1.3855 0.0400459 0.0997825 2.86896 0.000368377
-1.38224 0.0403725 0.100597 2.86759 0.000377196
-1.37898 0.0407018 0.101418 2.86621 0.000386225
-1.37572 0.0410338 0.102246 2.86484 0.000395469
-1.37246 0.0413685 0.10308 2.86345 0.000404934
-1.3692 0.0417059 0.103922 2.86207 0.000414625
-1.36594 0.042046 0.10477 2.86068 0.000424547
-1.36268 0.042389 0.105625 2.85929 0.000434706
-1.35942 0.0427347 0.106487 2.85789 0.000445107
-1.35616 0.0430833 0.107356 2.85649 0.000455756
-1.3529 0.0434347 0.108233 2.85509 0.000466659
-1.34964 0.043789 0.109116 2.85368 0.000477822
-1.34638 0.0441461 0.110007 2.85227 0.000489252
-1.34312 0.0445062 0.110905 2.85085 0.000500954
-1.33986 0.0448692 0.11181 2.84943 0.000512934
-1.3366 0.0452352 0.112723 2.84801 0.000525201
-1.33334 0.0456042 0.113643 2.84658 0.00053776
-1.33008 0.0459762 0.114571 2.84515 0.000550618
-1.32682 0.0463512 0.115506 2.84371 0.000563783
-1.32356 0.0467293 0.116449 2.84227 0.000577261
-1.3203 0.0471105 0.1174 2.84083 0.00059106
-1.31704 0.0474948 0.118358 2.83938 0.000605188
-1.31378 0.0478822 0.119325 2.83793 0.000619653
-1.31052 0.0482728 0.120299 2.83647 0.000634463
-1.30726 0.0486665 0.121281 2.83501 0.000649624
-1.304 0.0490635 0.122271 2.83355 0.000665148
-1.30074 0.0494637 0.12327 2.83208 0.00068104
-1.29748 0.0498672 0.124276 2.8306 0.000697311
-1.29422 0.050274 0.125291 2.82912 0.00071397
-1.29096 0.0506842 0.126314 2.82764 0.000731025
-1.2877 0.0510976 0.127345 2.82616 0.000748486
-1.28444 0.0515145 0.128385 2.82466 0.000766362
-1.28118 0.0519347 0.129433 2.82317 0.000784664
-1.27792 0.0523584 0.13049 2.82167 0.000803401
-1.27466 0.0527855 0.131556 2.82017 0.000822585
-1.2714 0.0532161 0.13263 2.81866 0.000842224
-1.26814 0.0536503 0.133713 2.81714 0.000862331
-1.26488 0.0540879 0.134805 2.81563 0.000882916
-1.26162 0.0545292 0.135906 2.8141 0.00090399
-1.25836 0.0549741 0.137016 2.81258 0.000925565
-1.2551 0.0554225 0.138135 2.81105 0.000947654
-1.25184 0.0558747 0.139263 2.80951 0.000970267
-1.24858 0.0563306 0.1404 2.80797 0.000993418
-1.24532 0.0567901 0.141547 2.80642 0.00101712
-1.24206 0.0572534 0.142703 2.80487 0.00104138
-1.2388 0.0577206 0.143868 2.80332 0.00106623
-1.23554 0.0581915 0.145043 2.80176 0.00109166
-1.23228 0.0586663 0.146228 2.80019 0.00111769
-1.22902 0.0591449 0.147422 2.79862 0.00114435
-1.22576 0.0596275 0.148626 2.79705 0.00117163
-1.2225 0.060114 0.14984 2.79547 0.00119957
-1.21924 0.0606044 0.151064 2.79389 0.00122817
-1.21598 0.0610989 0.152298 2.7923 0.00125744
-1.21272 0.0615974 0.153542 2.7907 0.00128741
-1.20946 0.0621 0.154796 2.7891 0.0013181
-1.2062 0.0626067 0.156061 2.7875 0.00134951
-1.20294 0.0631175 0.157336 2.78589 0.00138167
-1.19968 0.0636325 0.158621 2.78428 0.00141459
-1.19642 0.0641518 0.159917 2.78266 0.00144829
-1.19316 0.0646752 0.161223 2.78103 0.00148279
-1.1899 0.0652029 0.16254 2.7794 0.00151811
-1.18664 0.065735 0.163868 2.77777 0.00155426
-1.18338 0.0662714 0.165206 2.77612 0.00159128
-1.18012 0.0668121 0.166556 2.77448 0.00162917
-1.17686 0.0673573 0.167917 2.77283 0.00166796
-1.1736 0.067907 0.169288 2.77117 0.00170767
-1.17034 0.0684611 0.170672 2.76951 0.00174832
-1.16708 0.0690198 0.172066 2.76784 0.00178993
-1.16382 0.069583 0.173472 2.76617 0.00183253
-1.16056 0.0701508 0.174889 2.76449 0.00187614
-1.1573 0.0707233 0.176318 2.76281 0.00192078
-1.15404 0.0713004 0.177758 2.76112 0.00196648
-1.15078 0.0718823 0.179211 2.75942 0.00201326
-1.14752 0.0724689 0.180675 2.75772 0.00206114
-1.14426 0.0730603 0.182151 2.75601 0.00211016
-1.141 0.0736565 0.183639 2.7543 0.00216035
-1.13774 0.0742576 0.18514 2.75258 0.00221172
-1.13448 0.0748636 0.186653 2.75086 0.0022643
-1.13122 0.0754746 0.188178 2.74913 0.00231813
-1.12796 0.0760906 0.189715 2.74739 0.00237323
-1.1247 0.0767116 0.191265 2.74565 0.00242964
-1.12144 0.0773376 0.192828 2.7439 0.00248738
-1.11818 0.0779688 0.194404 2.74215 0.00254648
-1.11492 0.0786052 0.195992 2.74039 0.00260698
-1.11166 0.0792467 0.197594 2.73862 0.00266891
-1.1084 0.0798935 0.199209 2.73685 0.00273231
-1.10514 0.0805456 0.200836 2.73507 0.0027972
-1.10188 0.081203 0.202478 2.73328 0.00286363
-1.09862 0.0818657 0.204132 2.73149 0.00293163
-1.09536 0.0825339 0.2058 2.7297 0.00300123
-1.0921 0.0832076 0.207482 2.72789 0.00307247
-1.08884 0.0838867 0.209178 2.72608 0.0031454
-1.08558 0.0845714 0.210887 2.72427 0.00322005
-1.08232 0.0852617 0.21261 2.72244 0.00329646
-1.07906 0.0859577 0.214348 2.72061 0.00337468
-1.0758 0.0866593 0.2161 2.71878 0.00345474
-1.07254 0.0873666 0.217866 2.71693 0.00353669
-1.06928 0.0880798 0.219646 2.71508 0.00362057
-1.06602 0.0887987 0.221441 2.71323 0.00370643
-1.06276 0.0895236 0.223251 2.71136 0.00379431
-1.0595 0.0902544 0.225075 2.70949 0.00388427
-1.05624 0.0909911 0.226915 2.70761 0.00397635
-1.05298 0.0917339 0.228769 2.70573 0.0040706
-1.04972 0.0924827 0.230639 2.70384 0.00416707
-1.04646 0.0932376 0.232523 2.70194 0.00426581
-1.0432 0.0939988 0.234424 2.70004 0.00436687
-1.03994 0.0947661 0.236339 2.69812 0.00447032
-1.03668 0.0955397 0.238271 2.6962 0.00457621
-1.03342 0.0963196 0.240218 2.69428 0.00468458
-1.03016 0.0971059 0.242181 2.69234 0.00479551
-1.0269 0.0978987 0.244161 2.6904 0.00490905
-1.02364 0.0986979 0.246156 2.68845 0.00502526
-1.02038 0.0995036 0.248168 2.68649 0.00514421
-1.01712 0.100316 0.250196 2.68453 0.00526595
-1.01386 0.101135 0.25224 2.68256 0.00539055
-1.0106 0.101961 0.254302 2.68058 0.00551809
-1.00734 0.102793 0.25638 2.67859 0.00564862
-1.00408 0.103632 0.258475 2.6766 0.00578222
-1.00082 0.104478 0.260587 2.67459 0.00591897
-0.99756 0.105331 0.262717 2.67258 0.00605892
-0.9943 0.106191 0.264864 2.67056 0.00620216
-0.99104 0.107058 0.267028 2.66854 0.00634877
-0.98778 0.107932 0.26921 2.6665 0.00649882
-0.98452 0.108813 0.27141 2.66446 0.00665239
-0.98126 0.109702 0.273628 2.66241 0.00680957
-0.978 0.110598 0.275864 2.66035 0.00697043
-0.97474 0.111501 0.278118 2.65828 0.00713507
-0.97148 0.112411 0.280391 2.6562 0.00730357
-0.96822 0.113329 0.282682 2.65412 0.00747602
-0.96496 0.114254 0.284991 2.65202 0.00765252
-0.9617 0.115187 0.28732 2.64992 0.00783316
-0.95844 0.116127 0.289667 2.64781 0.00801803
-0.95518 0.117075 0.292034 2.64569 0.00820723
-0.95192 0.118031 0.29442 2.64356 0.00840086
-0.94866 0.118995 0.296825 2.64142 0.00859903
-0.9454 0.119967 0.29925 2.63928 0.00880184
-0.94214 0.120946 0.301695 2.63712 0.0090094
-0.93888 0.121934 0.30416 2.63496 0.00922182
-0.93562 0.122929 0.306644 2.63278 0.00943921
-0.93236 0.123933 0.309149 2.6306 0.00966169
-0.9291 0.124945 0.311675 2.62841 0.00988937
-0.92584 0.125965 0.31422 2.6262 0.0101224
-0.92258 0.126994 0.316787 2.62399 0.0103608
-0.91932 0.128031 0.319374 2.62177 0.0106049
-0.91606 0.129076 0.321983 2.61954 0.0108546
-0.9128 0.13013 0.324612 2.6173 0.0111102
-0.90954 0.131193 0.327263 2.61505 0.0113717
-0.90628 0.132264 0.329935 2.61279 0.0116393
-0.90302 0.133344 0.33263 2.61052 0.0119132
-0.89976 0.134433 0.335346 2.60823 0.0121935
-0.8965 0.13553 0.338084 2.60594 0.0124804
-0.89324 0.136637 0.340844 2.60364 0.0127739
-0.88998 0.137753 0.343626 2.60133 0.0130743
-0.88672 0.138877 0.346431 2.59901 0.0133817
-0.88346 0.140011 0.349259 2.59667 0.0136962
-0.8802 0.141155 0.35211 2.59433 0.0140181
-0.87694 0.142307 0.354984 2.59197 0.0143475
-0.87368 0.143469 0.357881 2.58961 0.0146845
-0.87042 0.144641 0.360802 2.58723 0.0150294
-0.86716 0.145822 0.363746 2.58484 0.0153824
-0.8639 0.147012 0.366714 2.58245 0.0157435
-0.86064 0.148213 0.369706 2.58003 0.0161131
-0.85738 0.149423 0.372722 2.57761 0.0164913
-0.85412 0.150643 0.375762 2.57518 0.0168782
-0.85086 0.151873 0.378827 2.57273 0.0172742
-0.8476 0.153113 0.381917 2.57028 0.0176794
-0.84434 0.154363 0.385031 2.56781 0.018094
-0.84108 0.155623 0.388171 2.56533 0.0185182
-0.83782 0.156894 0.391336 2.56284 0.0189523
-0.83456 0.158175 0.394526 2.56033 0.0193965
-0.8313 0.159466 0.397742 2.55781 0.0198509
-0.82804 0.160768 0.400984 2.55528 0.020316
-0.82478 0.162081 0.404252 2.55274 0.0207918
-0.82152 0.163404 0.407546 2.55019 0.0212787
-0.81826 0.164738 0.410866 2.54762 0.0217769
-0.815 0.166083 0.414214 2.54504 0.0222866
-0.81174 0.167438 0.417588 2.54244 0.0228081
-0.80848 0.168805 0.420989 2.53983 0.0233417
-0.80522 0.170183 0.424417 2.53721 0.0238877
-0.80196 0.171573 0.427872 2.53458 0.0244464
-0.7987 0.172973 0.431356 2.53193 0.0250179
-0.79544 0.174385 0.434867 2.52927 0.0256027
-0.79218 0.175808 0.438406 2.5266 0.0262011
-0.78892 0.177243 0.441973 2.52391 0.0268133
-0.78566 0.17869 0.445568 2.5212 0.0274396
-0.7824 0.180149 0.449193 2.51848 0.0280805
-0.77914 0.181619 0.452846 2.51575 0.0287361
-0.77588 0.183101 0.456528 2.513 0.0294069
-0.77262 0.184596 0.460239 2.51024 0.0300932
-0.76936 0.186102 0.46398 2.50746 0.0307954
-0.7661 0.187621 0.46775 2.50467 0.0315138
-0.76284 0.189152 0.47155 2.50187 0.0322487
-0.75958 0.190695 0.47538 2.49904 0.0330006
-0.75632 0.192251 0.479241 2.4962 0.0337699
-0.75306 0.19382 0.483131 2.49335 0.0345569
-0.7498 0.195401 0.487053 2.49048 0.0353621
-0.74654 0.196996 0.491005 2.48759 0.0361858
-0.74328 0.198603 0.494989 2.48469 0.0370285
-0.74002 0.200223 0.499003 2.48177 0.0378906
-0.73676 0.201856 0.503049 2.47883 0.0387725
-0.7335 0.203503 0.507127 2.47588 0.0396748
-0.73024 0.205163 0.511237 2.47291 0.0405978
-0.72698 0.206836 0.515379 2.46992 0.0415421
-0.72372 0.208523 0.519553 2.46692 0.0425081
-0.72046 0.210224 0.523759 2.46389 0.0434963
-0.7172 0.211938 0.527998 2.46085 0.0445072
-0.71394 0.213666 0.532271 2.4578 0.0455413
-0.71068 0.215408 0.536576 2.45472 0.0465992
-0.70742 0.217165 0.540914 2.45162 0.0476814
-0.70416 0.218935 0.545286 2.44851 0.0487884
-0.7009 0.22072 0.549692 2.44538 0.0499208
-0.69764 0.222519 0.554132 2.44222 0.0510792
-0.69438 0.224333 0.558606 2.43905 0.0522642
-0.69112 0.226161 0.563114 2.43586 0.0534763
-0.68786 0.228005 0.567657 2.43265 0.0547162
-0.6846 0.229863 0.572234 2.42942 0.0559846
-0.68134 0.231736 0.576846 2.42616 0.0572819
-0.67808 0.233624 0.581494 2.42289 0.058609
-0.67482 0.235527 0.586176 2.4196 0.0599664
-0.67156 0.237446 0.590895 2.41628 0.061355
-0.6683 0.23938 0.595648 2.41294 0.0627752
-0.66504 0.241329 0.600438 2.40959 0.064228
-0.66178 0.243295 0.605264 2.40621 0.0657139
-0.65852 0.245276 0.610126 2.4028 0.0672338
-0.65526 0.247273 0.615024 2.39938 0.0687884
-0.652 0.249286 0.619959 2.39593 0.0703785
-0.64874 0.251315 0.624931 2.39246 0.0720049
-0.64548 0.25336 0.62994 2.38896 0.0736684
-0.64222 0.255422 0.634986 2.38544 0.0753699
-0.63896 0.2575 0.640069 2.3819 0.0771102
-0.6357 0.259595 0.645189 2.37833 0.0788901
-0.63244 0.261707 0.650347 2.37474 0.0807106
-0.62918 0.263836 0.655544 2.37112 0.0825726
-0.62592 0.265981 0.660777 2.36748 0.084477
-0.62266 0.268144 0.66605 2.36381 0.0864247
-0.6194 0.270324 0.67136 2.36011 0.0884167
-0.61614 0.272521 0.676709 2.35639 0.0904541
-0.61288 0.274736 0.682096 2.35264 0.0925378
-0.60962 0.276969 0.687522 2.34887 0.0946689
-0.60636 0.279219 0.692986 2.34506 0.0968484
-0.6031 0.281487 0.69849 2.34123 0.0990774
-0.59984 0.283773 0.704033 2.33737 0.101357
-0.59658 0.286077 0.709615 2.33348 0.103688
-0.59332 0.2884 0.715236 2.32956 0.106073
-0.59006 0.290741 0.720897 2.32561 0.108511
-0.5868 0.2931 0.726597 2.32163 0.111005
-0.58354 0.295478 0.732336 2.31762 0.113555
-0.58028 0.297875 0.738116 2.31357 0.116163
-0.57702 0.300291 0.743935 2.3095 0.11883
-0.57376 0.302725 0.749794 2.30539 0.121558
-0.5705 0.305179 0.755693 2.30125 0.124347
-0.56724 0.307652 0.761633 2.29708 0.1272
-0.56398 0.310145 0.767612 2.29288 0.130117
-0.56072 0.312657 0.773631 2.28863 0.1331
-0.55746 0.315189 0.779691 2.28436 0.13615
-0.5542 0.317741 0.78579 2.28005 0.13927
-0.55094 0.320313 0.79193 2.2757 0.14246
-0.54768 0.322904 0.798111 2.27132 0.145722
-0.54442 0.325516 0.804331 2.26689 0.149057
-0.54116 0.328149 0.810592 2.26244 0.152468
-0.5379 0.330802 0.816893 2.25794 0.155956
-0.53464 0.333475 0.823235 2.2534 0.159523
-0.53138 0.336169 0.829616 2.24882 0.16317
-0.52812 0.338884 0.836038 2.2442 0.1669
-0.52486 0.34162 0.8425 2.23955 0.170714
-0.5216 0.344377 0.849002 2.23484 0.174613
-0.51834 0.347156 0.855545 2.2301 0.178601
-0.51508 0.349955 0.862127 2.22531 0.182678
-0.51182 0.352777 0.868749 2.22048 0.186847
-0.50856 0.35562 0.875411 2.2156 0.19111
-0.5053 0.358484 0.882113 2.21068 0.195469
-0.50204 0.361371 0.888855 2.20571 0.199926
-0.49878 0.36428 0.895636 2.20069 0.204484
-0.49552 0.367211 0.902456 2.19562 0.209144
-0.49226 0.370164 0.909316 2.1905 0.213909
-0.489 0.373139 0.916214 2.18534 0.218781
-0.48574 0.376138 0.923152 2.18012 0.223762
-0.48248 0.379158 0.930128 2.17484 0.228856
-0.47922 0.382202 0.937142 2.16952 0.234064
-0.47596 0.385269 0.944195 2.16414 0.23939
-0.4727 0.388358 0.951286 2.1587 0.244834
-0.46944 0.391471 0.958415 2.1532 0.250402
-0.46618 0.394607 0.965582 2.14765 0.256094
-0.46292 0.397767 0.972786 2.14204 0.261914
-0.45966 0.40095 0.980026 2.13636 0.267865
-0.4564 0.404157 0.987304 2.13063 0.27395
-0.45314 0.407387 0.994618 2.12483 0.280172
-0.44988 0.410641 1.00197 2.11896 0.286533
-0.44662 0.41392 1.00935 2.11303 0.293037
-0.44336 0.417223 1.01678 2.10703 0.299687
-0.4401 0.420549 1.02423 2.10096 0.306487
-0.43684 0.423901 1.03172 2.09482 0.313439
-0.43358 0.427276 1.03925 2.08861 0.320548
-0.43032 0.430677 1.04681 2.08232 0.327816
-0.42706 0.434101 1.05441 2.07596 0.335248
-0.4238 0.437551 1.06203 2.06951 0.342847
-0.42054 0.441026 1.06969 2.06299 0.350616
-0.41728 0.444526 1.07739 2.05638 0.358561
-0.41402 0.448051 1.08511 2.04969 0.366684
-0.41076 0.451601 1.09287 2.04292 0.37499
-0.4075 0.455176 1.10065 2.03605 0.383483
-0.40424 0.458777 1.10847 2.02909 0.392167
-0.40098 0.462403 1.11632 2.02204 0.401047
-0.39772 0.466055 1.1242 2.01489 0.410127
-0.39446 0.469733 1.13211 2.00764 0.419411
-0.3912 0.473437 1.14005 2.00029 0.428906
-0.38794 0.477166 1.14801 1.99283 0.438614
-0.38468 0.480922 1.15601 1.98527 0.448542
-0.38142 0.484704 1.16403 1.97759 0.458694
-0.37816 0.488511 1.17208 1.9698 0.469076
-0.3749 0.492345 1.18016 1.96189 0.479693
-0.37164 0.496206 1.18826 1.95386 0.490551
-0.36838 0.500093 1.19639 1.94571 0.501655
-0.36512 0.504006 1.20454 1.93742 0.513011
-0.36186 0.507947 1.21273 1.92899 0.524626
-0.3586 0.511913 1.22093 1.92043 0.536505
-0.35534 0.515907 1.22916 1.91173 0.548654
-0.35208 0.519928 1.23742 1.90287 0.561081
-0.34882 0.523975 1.2457 1.89386 0.573791
-0.34556 0.52805 1.25401 1.88469 0.586793
-0.3423 0.532151 1.26234 1.87535 0.600093
-0.33904 0.53628 1.27069 1.86584 0.613698
-0.33578 0.540436 1.27907 1.85615 0.627616
-0.33252 0.54462 1.28747 1.84627 0.641854
-0.32926 0.548831 1.2959 1.8362 0.656422
-0.326 0.553069 1.30435 1.82593 0.671326
-0.32274 0.557335 1.31283 1.81544 0.686576
-0.31948 0.561629 1.32133 1.80473 0.702181
-0.31622 0.56595 1.32986 1.79379 0.718148
-0.31296 0.570299 1.33842 1.78261 0.734489
-0.3097 0.574677 1.347 1.77118 0.751212
-0.30644 0.579082 1.3556 1.75948 0.768327
-0.30318 0.583515 1.36424 1.74751 0.785845
-0.29992 0.587977 1.3729 1.73524 0.803776
-0.29666 0.592467 1.3816 1.72266 0.822131
-0.2934 0.596985 1.39032 1.70975 0.840921
-0.29014 0.601531 1.39908 1.6965 0.860157
-0.28688 0.606107 1.40787 1.68289 0.879852
-0.28362 0.610711 1.41669 1.6689 0.900016
-0.28036 0.615344 1.42554 1.65449 0.920663
-0.2771 0.620005 1.43443 1.63966 0.941803
-0.27384 0.624696 1.44336 1.62436 0.963451
-0.27058 0.629416 1.45232 1.60856 0.985617
-0.26732 0.634165 1.46132 1.59225 1.00832
-0.26406 0.638944 1.47036 1.57537 1.03156
-0.2608 0.643752 1.47943 1.55788 1.05535
-0.25754 0.64859 1.48853 1.53974 1.07971
-0.25428 0.653457 1.49767 1.52091 1.10465
-0.25102 0.658355 1.50684 1.50131 1.13017
-0.24776 0.663282 1.51602 1.4809 1.15627
-0.2445 0.668239 1.52523 1.45959 1.18297
-0.24124 0.673226 1.53444 1.43732 1.21026
-0.23798 0.678244 1.54363 1.41399 1.23813
-0.23472 0.683291 1.5528 1.38951 1.26657
-0.23146 0.688368 1.56192 1.36376 1.29556
-0.2282 0.693475 1.57096 1.33662 1.32506
-0.22494 0.698611 1.57987 1.30796 1.35503
-0.22168 0.703775 1.58861 1.27761 1.38538
-0.21842 0.708968 1.59711 1.24541 1.41604
-0.21516 0.714188 1.60528 1.21116 1.44688
-0.2119 0.719434 1.61302 1.17467 1.47772
-0.20864 0.724704 1.62021 1.13572 1.50836
-0.20538 0.729997 1.62668 1.09408 1.53853
-0.20212 0.735309 1.63226 1.04954 1.56791
-0.19886 0.740638 1.63674 1.00191 1.59609
-0.1956 0.745979 1.63987 0.951021 1.62262
-0.19234 0.751328 1.64143 0.896805 1.64699
-0.18908 0.75668 1.64118 0.839272 1.66869
-0.18582 0.762027 1.63893 0.778557 1.68723
-0.18256 0.767363 1.63456 0.714929 1.70217
-0.1793 0.772682 1.62802 0.64878 1.71324
-0.17604 0.777975 1.61938 0.580599 1.7203
-0.17278 0.783238 1.6088 0.510922 1.72339
-0.16952 0.788463 1.5965 0.440291 1.72273
-0.16626 0.793645 1.58276 0.369201 1.71864
-0.163 0.798781 1.56788 0.298082 1.7115
-0.15974 0.803867 1.55214 0.227278 1.70174
-0.15648 0.808901 1.5358 0.15705 1.68979
-0.15322 0.81388 1.51909 0.0875846 1.67604
-0.14996 0.818805 1.50219 0.0190076 1.66083
-0.1467 0.823674 1.48526 -0.0486048 1.64449
-0.14344 0.828489 1.46841 -0.115213 1.62727
-0.14018 0.833249 1.45174 -0.180802 1.6094
-0.13692 0.837954 1.43531 -0.245377 1.59105
-0.13366 0.842607 1.41917 -0.308954 1.5724
-0.1304 0.847208 1.40335 -0.371558 1.55356
-0.12714 0.851757 1.38788 -0.433215 1.53463
-0.12388 0.856257 1.37278 -0.493957 1.5157
-0.12062 0.860708 1.35804 -0.553813 1.49684
-0.11736 0.865112 1.34366 -0.612814 1.47811
-0.1141 0.869469 1.32965 -0.670989 1.45954
-0.11084 0.873782 1.316 -0.728366 1.44118
-0.10758 0.87805 1.3027 -0.784971 1.42305
-0.10432 0.882276 1.28975 -0.840829 1.40518
-0.10106 0.88646 1.27712 -0.895963 1.38757
-0.0978 0.890603 1.26481 -0.950394 1.37025
-0.09454 0.894707 1.25282 -1.00414 1.35323
-0.09128 0.898772 1.24112 -1.05723 1.3365
-0.08802 0.902799 1.22971 -1.10967 1.32008
-0.08476 0.90679 1.21858 -1.16148 1.30396
-0.0815 0.910744 1.20772 -1.21268 1.28815
-0.07824 0.914664 1.19712 -1.26328 1.27264
-0.07498 0.91855 1.18676 -1.31329 1.25743
-0.07172 0.922402 1.17664 -1.36274 1.24253
-0.06846 0.926222 1.16675 -1.41163 1.22791
-0.0652 0.93001 1.15709 -1.45997 1.2136
-0.06194 0.933766 1.14763 -1.50778 1.19956
-0.05868 0.937492 1.13838 -1.55506 1.18581
-0.05542 0.941189 1.12933 -1.60183 1.17234
-0.05216 0.944856 1.12047 -1.64811 1.15913
-0.0489 0.948494 1.11179 -1.69389 1.14619
-0.04564 0.952105 1.10329 -1.73919 1.13351
-0.04238 0.955688 1.09497 -1.78401 1.12108
-0.03912 0.959244 1.0868 -1.82838 1.10891
-0.03586 0.962774 1.0788 -1.87228 1.09697
-0.0326 0.966278 1.07096 -1.91575 1.08526
-0.02934 0.969757 1.06326 -1.95877 1.07379
-0.02608 0.973211 1.05571 -2.00137 1.06254
-0.02282 0.97664 1.04829 -2.04354 1.05152
-0.01956 0.980046 1.04102 -2.0853 1.0407
-0.0163 0.983428 1.03387 -2.12666 1.03009
-0.01304 0.986787 1.02686 -2.16761 1.01969
-0.00978 0.990123 1.01997 -2.20817 1.00948
-0.00652 0.993437 1.0132 -2.24835 0.999469
-0.00326 0.996729 1.00654 -2.28815 0.989643
0 1 1 -2.32758 0.98
0.0224 1.02192 0.957885 -2.58893 0.918337
0.0448 1.04295 0.920107 -2.83491 0.863768
0.0672 1.06317 0.885975 -3.06716 0.815183
0.0896 1.08266 0.85495 -3.28706 0.771676
0.112 1.10149 0.826596 -3.49585 0.732506
0.1344 1.11971 0.800561 -3.69456 0.697066
0.1568 1.13737 0.776555 -3.88411 0.664853
0.1792 1.15451 0.754335 -4.06531 0.63545
0.2016 1.17118 0.733697 -4.23885 0.608505
0.224 1.18739 0.714469 -4.40536 0.583726
0.2464 1.20319 0.696503 -4.56538 0.560861
0.2688 1.2186 0.679671 -4.71941 0.539698
0.2912 1.23365 0.663863 -4.86787 0.520054
0.3136 1.24835 0.648983 -5.01117 0.501772
0.336 1.26273 0.634948 -5.14966 0.484714
0.3584 1.2768 0.621682 -5.28364 0.468762
0.3808 1.29059 0.609122 -5.41342 0.453811
0.4032 1.3041 0.597208 -5.53924 0.439771
0.4256 1.31735 0.585889 -5.66135 0.42656
0.448 1.33035 0.57512 -5.77997 0.414107
0.4704 1.34312 0.564859 -5.89529 0.402348
0.4928 1.35566 0.555069 -6.00749 0.391228
0.5152 1.36799 0.545716 -6.11675 0.380694
0.5376 1.38011 0.536769 -6.22321 0.370703
0.56 1.39204 0.528202 -6.32702 0.361213
0.5824 1.40378 0.51999 -6.42832 0.352187
0.6048 1.41533 0.512109 -6.52721 0.343592
0.6272 1.42672 0.504539 -6.62383 0.335398
0.6496 1.43794 0.497261 -6.71826 0.327578
0.672 1.449 0.490256 -6.81062 0.320106
0.6944 1.45991 0.48351 -6.90099 0.312959
0.7168 1.47066 0.477007 -6.98946 0.306118
0.7392 1.48128 0.470734 -7.07611 0.299562
0.7616 1.49175 0.464678 -7.16101 0.293274
0.784 1.5021 0.458827 -7.24424 0.287238
0.8064 1.51231 0.45317 -7.32587 0.28144
0.8288 1.5224 0.447698 -7.40595 0.275864
0.8512 1.53237 0.4424 -7.48454 0.2705
0.8736 1.54222 0.437269 -7.56171 0.265334
0.896 1.55196 0.432296 -7.6375 0.260357
0.9184 1.56159 0.427473 -7.71196 0.255558
0.9408 1.57111 0.422794 -7.78514 0.250927
0.9632 1.58053 0.418252 -7.85709 0.246456
0.9856 1.58985 0.41384 -7.92784 0.242137
1.008 1.59907 0.409552 -7.99744 0.237962
1.0304 1.6082 0.405384 -8.06593 0.233925
1.0528 1.61723 0.401329 -8.13334 0.230017
1.0752 1.62618 0.397384 -8.19971 0.226234
1.0976 1.63504 0.393543 -8.26507 0.222569
1.12 1.64381 0.389802 -8.32945 0.219017
1.1424 1.6525 0.386157 -8.39287 0.215573
1.1648 1.66111 0.382605 -8.45538 0.212232
1.1872 1.66964 0.379141 -8.517 0.208989
1.2096 1.6781 0.375762 -8.57775 0.20584
1.232 1.68648 0.372465 -8.63766 0.202782
1.2544 1.69478 0.369247 -8.69675 0.199809
1.2768 1.70302 0.366104 -8.75505 0.19692
1.2992 1.71119 0.363035 -8.81257 0.194109
1.3216 1.71928 0.360036 -8.86934 0.191375
1.344 1.72732 0.357104 -8.92538 0.188713
1.3664 1.73528 0.354238 -8.9807 0.186122
1.3888 1.74319 0.351436 -9.03534 0.183598
1.4112 1.75103 0.348694 -9.0893 0.181139
1.4336 1.75881 0.346011 -9.14259 0.178742
1.456 1.76653 0.343385 -9.19525 0.176406
1.4784 1.77419 0.340814 -9.24728 0.174127
1.5008 1.7818 0.338296 -9.2987 0.171903
1.5232 1.78935 0.33583 -9.34953 0.169734
1.5456 1.79684 0.333413 -9.39977 0.167616
1.568 1.80429 0.331045 -9.44945 0.165548
1.5904 1.81167 0.328724 -9.49857 0.163528
1.6128 1.81901 0.326448 -9.54715 0.161554
1.6352 1.8263 0.324215 -9.5952 0.159626
1.6576 1.83354 0.322026 -9.64273 0.157741
1.68 1.84073 0.319877 -9.68976 0.155898
1.7024 1.84787 0.317769 -9.73629 0.154095
1.7248 1.85496 0.3157 -9.78234 0.152332
1.7472 1.86201 0.313668 -9.82792 0.150607
1.7696 1.86902 0.311674 -9.87303 0.148918
1.792 1.87598 0.309715 -9.91769 0.147265
1.8144 1.88289 0.30779 -9.9619 0.145647
1.8368 1.88976 0.3059 -10.0057 0.144062
1.8592 1.8966 0.304042 -10.049 0.142509
1.8816 1.90339 0.302216 -10.092 0.140988
1.904 1.91014 0.300421 -10.1345 0.139498
1.9264 1.91685 0.298656 -10.1766 0.138037
1.9488 1.92352 0.296921 -10.2184 0.136604
1.9712 1.93015 0.295214 -10.2597 0.1352
1.9936 1.93674 0.293536 -10.3007 0.133823
2.016 1.9433 0.291884 -10.3413 0.132471
2.0384 1.94982 0.290259 -10.3815 0.131146
2.0608 1.9563 0.28866 -10.4214 0.129845
2.0832 1.96275 0.287086 -10.4609 0.128569
2.1056 1.96916 0.285537 -10.5001 0.127316
2.128 1.97554 0.284011 -10.539 0.126085
2.1504 1.98189 0.282509 -10.5775 0.124877
2.1728 1.9882 0.28103 -10.6157 0.123691
2.1952 1.99448 0.279573 -10.6536 0.122526
2.2176 2.00072 0.278138 -10.6911 0.121381
2.24 2.00694 0.276724 -10.7284 0.120256
2.2624 2.01312 0.275331 -10.7653 0.119151
2.2848 2.01927 0.273958 -10.802 0.118064
2.3072 2.02539 0.272605 -10.8383 0.116996
2.3296 2.03149 0.271271 -10.8744 0.115946
2.352 2.03755 0.269956 -10.9102 0.114914
2.3744 2.04358 0.26866 -10.9457 0.113899
2.3968 2.04958 0.267382 -10.9809 0.1129
2.4192 2.05556 0.266122 -11.0159 0.111918
2.4416 2.06151 0.264879 -11.0506 0.110951
2.464 2.06743 0.263653 -11.085 0.11
2.4864 2.07332 0.262443 -11.1192 0.109065
2.5088 2.07918 0.26125 -11.1531 0.108144
2.5312 2.08502 0.260072 -11.1868 0.107237
2.5536 2.09083 0.25891 -11.2202 0.106345
2.576 2.09662 0.257764 -11.2534 0.105466
2.5984 2.10238 0.256632 -11.2864 0.104601
2.6208 2.10812 0.255515 -11.3191 0.103749
2.6432 2.11383 0.254412 -11.3516 0.10291
2.6656 2.11952 0.253324 -11.3838 0.102084
2.688 2.12518 0.252249 -11.4159 0.101269
2.7104 2.13082 0.251187 -11.4477 0.100467
2.7328 2.13643 0.250139 -11.4793 0.0996768
2.7552 2.14202 0.249104 -11.5107 0.0988979
2.7776 2.14759 0.248082 -11.5419 0.0981302
2.8 2.15314 0.247071 -11.5728 0.0973736
2.8224 2.15866 0.246074 -11.6036 0.0966277
2.8448 2.16416 0.245088 -11.6341 0.0958924
2.8672 2.16964 0.244114 -11.6645 0.0951675
2.8896 2.1751 0.243151 -11.6947 0.0944526
2.912 2.18053 0.2422 -11.7246 0.0937477
2.9344 2.18595 0.24126 -11.7544 0.0930525
2.9568 2.19134 0.240331 -11.784 0.0923667
2.9792 2.19672 0.239413 -11.8134 0.0916903
3.0016 2.20207 0.238505 -11.8426 0.0910231
3.024 2.2074 0.237607 -11.8717 0.0903647
3.0464 2.21271 0.23672 -11.9005 0.0897152
3.0688 2.21801 0.235842 -11.9292 0.0890742
3.0912 2.22328 0.234975 -11.9577 0.0884417
3.1136 2.22853 0.234117 -11.9861 0.0878174
3.136 2.23377 0.233268 -12.0142 0.0872012
3.1584 2.23898 0.232429 -12.0423 0.086593
3.1808 2.24418 0.231599 -12.0701 0.0859926
3.2032 2.24936 0.230778 -12.0978 0.0853998
3.2256 2.25452 0.229966 -12.1253 0.0848145
3.248 2.25966 0.229162 -12.1526 0.0842366
3.2704 2.26479 0.228367 -12.1798 0.0836659
3.2928 2.26989 0.227581 -12.2069 0.0831023
3.3152 2.27498 0.226802 -12.2338 0.0825457
3.3376 2.28005 0.226032 -12.2605 0.0819959
3.36 2.28511 0.22527 -12.2871 0.0814528
3.3824 2.29015 0.224515 -12.3135 0.0809163
3.4048 2.29517 0.223769 -12.3398 0.0803863
3.4272 2.30017 0.22303 -12.366 0.0798626
3.4496 2.30516 0.222298 -12.392 0.0793452
3.472 2.31013 0.221574 -12.4178 0.0788338
3.4944 2.31509 0.220857 -12.4435 0.0783286
3.5168 2.32002 0.220147 -12.4691 0.0778292
3.5392 2.32495 0.219444 -12.4946 0.0773357
3.5616 2.32986 0.218748 -12.5199 0.0768478
3.584 2.33475 0.218059 -12.5451 0.0763656
3.6064 2.33962 0.217377 -12.5701 0.0758889
3.6288 2.34449 0.216701 -12.5951 0.0754177
3.6512 2.34933 0.216032 -12.6198 0.0749518
3.6736 2.35416 0.215369 -12.6445 0.0744911
3.696 2.35898 0.214712 -12.669 0.0740356
3.7184 2.36378 0.214062 -12.6935 0.0735851
3.7408 2.36857 0.213417 -12.7178 0.0731397
3.7632 2.37334 0.212779 -12.7419 0.0726992
3.7856 2.3781 0.212147 -12.766 0.0722634
3.808 2.38285 0.21152 -12.7899 0.0718325
3.8304 2.38758 0.2109 -12.8137 0.0714062
3.8528 2.3923 0.210285 -12.8374 0.0709845
3.8752 2.397 0.209675 -12.861 0.0705674
3.8976 2.40169 0.209072 -12.8845 0.0701547
3.92 2.40637 0.208473 -12.9078 0.0697463
3.9424 2.41103 0.20788 -12.931 0.0693423
3.9648 2.41568 0.207292 -12.9542 0.0689426
3.9872 2.42032 0.20671 -12.9772 0.068547
4.0096 2.42494 0.206133 -13.0001 0.0681556
4.032 2.42955 0.20556 -13.0229 0.0677682
4.0544 2.43415 0.204993 -13.0456 0.0673847
4.0768 2.43874 0.204431 -13.0682 0.0670053
4.0992 2.44331 0.203873 -13.0907 0.0666297
4.1216 2.44787 0.203321 -13.1131 0.0662579
4.144 2.45242 0.202773 -13.1354 0.0658898
4.1664 2.45695 0.202229 -13.1575 0.0655255
4.1888 2.46148 0.201691 -13.1796 0.0651648
4.2112 2.46599 0.201157 -13.2016 0.0648077
4.2336 2.47049 0.200627 -13.2235 0.0644541
4.256 2.47498 0.200102 -13.2453 0.064104
4.2784 2.47945 0.199581 -13.267 0.0637574
4.3008 2.48392 0.199064 -13.2886 0.0634141
4.3232 2.48837 0.198552 -13.3101 0.0630742
4.3456 2.49281 0.198044 -13.3315 0.0627375
4.368 2.49724 0.19754 -13.3528 0.0624042
4.3904 2.50166 0.197041 -13.374 0.062074
4.4128 2.50607 0.196545 -13.3952 0.0617469
4.4352 2.51047 0.196053 -13.4162 0.061423
4.4576 2.51485 0.195565 -13.4372 0.0611021
4.48 2.51923 0.195081 -13.458 0.0607842
4.5024 2.52359 0.194601 -13.4788 0.0604693
4.5248 2.52795 0.194125 -13.4995 0.0601574
4.5472 2.53229 0.193652 -13.5201 0.0598483
4.5696 2.53662 0.193184 -13.5406 0.0595421
4.592 2.54095 0.192718 -13.561 0.0592388
4.6144 2.54526 0.192257 -13.5814 0.0589382
4.6368 2.54956 0.191799 -13.6017 0.0586403
4.6592 2.55385 0.191344 -13.6219 0.0583452
4.6816 2.55813 0.190893 -13.642 0.0580527
4.704 2.5624 0.190446 -13.662 0.0577628
4.7264 2.56666 0.190002 -13.6819 0.0574756
4.7488 2.57091 0.189561 -13.7018 0.0571909
4.7712 2.57516 0.189124 -13.7216 0.0569087
4.7936 2.57939 0.188689 -13.7413 0.0566291
4.816 2.58361 0.188258 -13.7609 0.0563519
4.8384 2.58782 0.187831 -13.7805 0.0560771
4.8608 2.59202 0.187406 -13.7999 0.0558047
4.8832 2.59622 0.186985 -13.8193 0.0555347
4.9056 2.6004 0.186566 -13.8387 0.0552671
4.928 2.60458 0.186151 -13.8579 0.0550017
4.9504 2.60874 0.185739 -13.8771 0.0547386
4.9728 2.6129 0.18533 -13.8962 0.0544778
4.9952 2.61704 0.184923 -13.9153 0.0542192
5.0176 2.62118 0.18452 -13.9342 0.0539628
5.04 2.62531 0.184119 -13.9531 0.0537086
5.0624 2.62943 0.183722 -13.9719 0.0534565
5.0848 2.63354 0.183327 -13.9907 0.0532065
5.1072 2.63764 0.182935 -14.0094 0.0529586
5.1296 2.64174 0.182545 -14.028 0.0527128
5.152 2.64582 0.182159 -14.0465 0.052469
5.1744 2.6499 0.181775 -14.065 0.0522272
5.1968 2.65396 0.181394 -14.0834 0.0519874
5.2192 2.65802 0.181015 -14.1017 0.0517496
5.2416 2.66207 0.180639 -14.12 0.0515137
5.264 2.66612 0.180266 -14.1382 0.0512797
5.2864 2.67015 0.179895 -14.1564 0.0510476
5.3088 2.67418 0.179527 -14.1745 0.0508174
5.3312 2.67819 0.179161 -14.1925 0.050589
5.3536 2.6822 0.178798 -14.2104 0.0503625
5.376 2.6862 0.178437 -14.2283 0.0501378
5.3984 2.6902 0.178078 -14.2462 0.0499148
5.4208 2.69418 0.177722 -14.2639 0.0496936
5.4432 2.69816 0.177369 -14.2816 0.0494742
5.4656 2.70213 0.177017 -14.2993 0.0492565
5.488 2.70609 0.176668 -14.3169 0.0490404
5.5104 2.71004 0.176322 -14.3344 0.0488261
5.5328 2.71399 0.175977 -14.3518 0.0486134
5.5552 2.71793 0.175635 -14.3692 0.0484024
5.5776 2.72186 0.175295 -14.3866 0.048193
5.6 2.72578 0.174957 -14.4039 0.0479852
5.6224 2.72969 0.174622 -14.4211 0.047779
5.6448 2.7336 0.174288 -14.4383 0.0475743
5.6672 2.7375 0.173957 -14.4554 0.0473713
5.6896 2.74139 0.173628 -14.4724 0.0471697
5.712 2.74528 0.173301 -14.4894 0.0469697
5.7344 2.74916 0.172976 -14.5064 0.0467712
5.7568 2.75303 0.172653 -14.5233 0.0465741
5.7792 2.75689 0.172332 -14.5401 0.0463786
5.8016 2.76075 0.172013 -14.5569 0.0461844
5.824 2.7646 0.171696 -14.5736 0.0459918
5.8464 2.76844 0.171381 -14.5903 0.0458005
5.8688 2.77228 0.171068 -14.6069 0.0456106
5.8912 2.77611 0.170757 -14.6235 0.0454222
5.9136 2.77993 0.170448 -14.64 0.0452351
5.936 2.78374 0.170141 -14.6564 0.0450494
5.9584 2.78755 0.169836 -14.6728 0.044865
5.9808 2.79135 0.169532 -14.6892 0.044682
6.0032 2.79515 0.16923 -14.7055 0.0445002
6.0256 2.79893 0.168931 -14.7217 0.0443198
6.048 2.80271 0.168633 -14.7379 0.0441407
6.0704 2.80649 0.168336 -14.7541 0.0439628
6.0928 2.81025 0.168042 -14.7702 0.0437862
6.1152 2.81402 0.167749 -14.7863 0.0436109
6.1376 2.81777 0.167458 -14.8023 0.0434368
6.16 2.82152 0.167169 -14.8182 0.0432639
6.1824 2.82526 0.166882 -14.8341 0.0430922
6.2048 2.82899 0.166596 -14.85 0.0429218
6.2272 2.83272 0.166312 -14.8658 0.0427525
6.2496 2.83644 0.166029 -14.8815 0.0425844
6.272 2.84016 0.165748 -14.8973 0.0424175
6.2944 2.84387 0.165469 -14.9129 0.0422517
6.3168 2.84757 0.165192 -14.9285 0.042087
6.3392 2.85127 0.164916 -14.9441 0.0419235
6.3616 2.85496 0.164641 -14.9596 0.0417611
6.384 2.85865 0.164368 -14.9751 0.0415998
6.4064 2.86233 0.164097 -14.9906 0.0414396
6.4288 2.866 0.163827 -15.0059 0.0412804
6.4512 2.86967 0.163559 -15.0213 0.0411224
6.4736 2.87333 0.163292 -15.0366 0.0409654
6.496 2.87698 0.163027 -15.0518 0.0408095
6.5184 2.88063 0.162763 -15.0671 0.0406546
6.5408 2.88427 0.162501 -15.0822 0.0405007
6.5632 2.88791 0.162241 -15.0974 0.0403479
6.5856 2.89154 0.161981 -15.1124 0.040196
6.608 2.89517 0.161723 -15.1275 0.0400452
6.6304 2.89879 0.161467 -15.1425 0.0398954
6.6528 2.9024 0.161212 -15.1574 0.0397465
6.6752 2.90601 0.160958 -15.1723 0.0395986
6.6976 2.90961 0.160706 -15.1872 0.0394517
6.72 2.91321 0.160455 -15.202 0.0393057
6.7424 2.9168 0.160206 -15.2168 0.0391607
6.7648 2.92039 0.159957 -15.2316 0.0390166
6.7872 2.92397 0.159711 -15.2463 0.0388735
6.8096 2.92754 0.159465 -15.2609 0.0387312
6.832 2.93111 0.159221 -15.2756 0.0385899
6.8544 2.93467 0.158978 -15.2901 0.0384495
6.8768 2.93823 0.158737 -15.3047 0.0383099
6.8992 2.94178 0.158496 -15.3192 0.0381713
6.9216 2.94533 0.158257 -15.3337 0.0380335
6.944 2.94887 0.15802 -15.3481 0.0378966
6.9664 2.95241 0.157783 -15.3625 0.0377606
6.9888 2.95594 0.157548 -15.3768 0.0376254
7.0112 2.95947 0.157314 -15.3911 0.037491
7.0336 2.96299 0.157081 -15.4054 0.0373575
7.056 2.96651 0.156849 -15.4196 0.0372248
7.0784 2.97002 0.156619 -15.4338 0.0370929
7.1008 2.97352 0.15639 -15.448 0.0369619
7.1232 2.97702 0.156162 -15.4621 0.0368317
7.1456 2.98052 0.155935 -15.4762 0.0367022
7.168 2.98401 0.155709 -15.4902 0.0365736
7.1904 2.9875 0.155485 -15.5042 0.0364457
7.2128 2.99098 0.155261 -15.5182 0.0363186
7.2352 2.99445 0.155039 -15.5322 0.0361923
7.2576 2.99792 0.154818 -15.5461 0.0360667
7.28 3.00139 0.154598 -15.5599 0.0359419
7.3024 3.00485 0.154379 -15.5738 0.0358179
7.3248 3.0083 0.154161 -15.5875 0.0356946
7.3472 3.01175 0.153945 -15.6013 0.035572
7.3696 3.0152 0.153729 -15.615 0.0354502
7.392 3.01864 0.153515 -15.6287 0.0353291
7.4144 3.02208 0.153301 -15.6424 0.0352087
7.4368 3.02551 0.153089 -15.656 0.035089
7.4592 3.02894 0.152877 -15.6696 0.0349701
7.4816 3.03236 0.152667 -15.6831 0.0348518
7.504 3.03578 0.152458 -15.6966 0.0347342
7.5264 3.03919 0.152249 -15.7101 0.0346174
7.5488 3.0426 0.152042 -15.7236 0.0345011
7.5712 3.046 0.151836 -15.737 0.0343856
7.5936 3.0494 0.151631 -15.7504 0.0342708
7.616 3.05279 0.151426 -15.7637 0.0341566
7.6384 3.05618 0.151223 -15.7771 0.034043
7.6608 3.05957 0.151021 -15.7903 0.0339302
7.6832 3.06295 0.150819 -15.8036 0.0338179
7.7056 3.06632 0.150619 -15.8168 0.0337063
7.728 3.0697 0.15042 -15.83 0.0335954
7.7504 3.07306 0.150221 -15.8432 0.0334851
7.7728 3.07643 0.150024 -15.8563 0.0333754
7.7952 3.07978 0.149827 -15.8694 0.0332663
7.8176 3.08314 0.149631 -15.8824 0.0331579
7.84 3.08649 0.149437 -15.8955 0.03305
7.8624 3.08983 0.149243 -15.9085 0.0329428
7.8848 3.09317 0.14905 -15.9214 0.0328362
7.9072 3.09651 0.148858 -15.9344 0.0327301
7.9296 3.09984 0.148667 -15.9473 0.0326247
7.952 3.10317 0.148476 -15.9602 0.0325198
7.9744 3.10649 0.148287 -15.973 0.0324155
7.9968 3.10981 0.148099 -15.9858 0.0323118
8.0192 3.11313 0.147911 -15.9986 0.0322087
8.0416 3.11644 0.147724 -16.0114 0.0321062
8.064 3.11975 0.147538 -16.0241 0.0320042
8.0864 3.12305 0.147353 -16.0368 0.0319027
8.1088 3.12635 0.147169 -16.0495 0.0318018
8.1312 3.12964 0.146986 -16.0621 0.0317015
8.1536 3.13293 0.146803 -16.0747 0.0316017
8.176 3.13622 0.146621 -16.0873 0.0315025
8.1984 3.1395 0.14644 -16.0999 0.0314038
8.2208 3.14278 0.14626 -16.1124 0.0313056
8.2432 3.14605 0.146081 -16.1249 0.031208
8.2656 3.14932 0.145902 -16.1374 0.0311108
8.288 3.15259 0.145725 -16.1498 0.0310142
8.3104 3.15585 0.145548 -16.1622 0.0309181
8.3328 3.15911 0.145372 -16.1746 0.0308226
8.3552 3.16237 0.145196 -16.187 0.0307275
8.3776 3.16562 0.145022 -16.1993 0.0306329
8.4 3.16886 0.144848 -16.2116 0.0305389
8.4224 3.17211 0.144675 -16.2239 0.0304453
8.4448 3.17534 0.144503 -16.2361 0.0303523
8.4672 3.17858 0.144331 -16.2483 0.0302597
8.4896 3.18181 0.14416 -16.2605 0.0301676
8.512 3.18504 0.14399 -16.2727 0.030076
8.5344 3.18826 0.143821 -16.2848 0.0299848
8.5568 3.19148 0.143652 -16.2969 0.0298942
8.5792 3.1947 0.143485 -16.309 0.029804
8.6016 3.19791 0.143317 -16.3211 0.0297142
8.624 3.20112 0.143151 -16.3331 0.029625
8.6464 3.20432 0.142985 -16.3451 0.0295362
8.6688 3.20752 0.14282 -16.3571 0.0294478
8.6912 3.21072 0.142656 -16.3691 0.0293599
8.7136 3.21391 0.142492 -16.381 0.0292725
8.736 3.2171 0.142329 -16.3929 0.0291855
8.7584 3.22029 0.142167 -16.4048 0.029099
8.7808 3.22347 0.142006 -16.4166 0.0290128
8.8032 3.22665 0.141845 -16.4285 0.0289272
8.8256 3.22983 0.141685 -16.4403 0.0288419
8.848 3.233 0.141525 -16.4521 0.0287571
8.8704 3.23617 0.141366 -16.4638 0.0286727
8.8928 3.23933 0.141208 -16.4755 0.0285888
8.9152 3.24249 0.14105 -16.4873 0.0285052
8.9376 3.24565 0.140894 -16.4989 0.0284221
8.96 3.24881 0.140737 -16.5106 0.0283394
8.9824 3.25196 0.140582 -16.5222 0.0282571
9.0048 3.2551 0.140427 -16.5338 0.0281752
9.0272 3.25825 0.140272 -16.5454 0.0280937
9.0496 3.26139 0.140119 -16.557 0.0280127
9.072 3.26453 0.139966 -16.5685 0.027932
9.0944 3.26766 0.139813 -16.58 0.0278517
9.1168 3.27079 0.139661 -16.5915 0.0277718
9.1392 3.27392 0.13951 -16.603 0.0276923
9.1616 3.27704 0.13936 -16.6144 0.0276132
9.184 3.28016 0.13921 -16.6259 0.0275345
9.2064 3.28328 0.13906 -16.6373 0.0274561
9.2288 3.28639 0.138911 -16.6486 0.0273782
9.2512 3.2895 0.138763 -16.66 0.0273006
9.2736 3.29261 0.138615 -16.6713 0.0272234
9.296 3.29571 0.138468 -16.6826 0.0271466
9.3184 3.29881 0.138322 -16.6939 0.0270701
9.3408 3.30191 0.138176 -16.7052 0.026994
9.3632 3.305 0.138031 -16.7164 0.0269183
9.3856 3.30809 0.137886 -16.7276 0.0268429
9.408 3.31118 0.137742 -16.7388 0.0267679
9.4304 3.31426 0.137598 -16.75 0.0266932
9.4528 3.31734 0.137455 -16.7611 0.0266189
9.4752 3.32042 0.137313 -16.7723 0.026545
9.4976 3.32349 0.137171 -16.7834 0.0264714
9.52 3.32656 0.13703 -16.7944 0.0263981
9.5424 3.32963 0.136889 -16.8055 0.0263252
9.5648 3.3327 0.136749 -16.8166 0.0262527
9.5872 3.33576 0.136609 -16.8276 0.0261805
9.6096 3.33882 0.13647 -16.8386 0.0261086
9.632 3.34187 0.136331 -16.8495 0.026037
9.6544 3.34492 0.136193 -16.8605 0.0259658
9.6768 3.34797 0.136055 -16.8714 0.0258949
9.6992 3.35102 0.135918 -16.8824 0.0258244
9.7216 3.35406 0.135782 -16.8932 0.0257541
9.744 3.3571 0.135646 -16.9041 0.0256842
9.7664 3.36014 0.13551 -16.915 0.0256147
9.7888 3.36317 0.135375 -16.9258 0.0255454
9.8112 3.3662 0.135241 -16.9366 0.0254765
9.8336 3.36923 0.135107 -16.9474 0.0254078
9.856 3.37226 0.134973 -16.9582 0.0253395
9.8784 3.37528 0.13484 -16.9689 0.0252715
9.9008 3.3783 0.134708 -16.9796 0.0252038
9.9232 3.38131 0.134576 -16.9904 0.0251364
9.9456 3.38433 0.134444 -17.001 0.0250694
9.968 3.38734 0.134313 -17.0117 0.0250026
9.9904 3.39034 0.134183 -17.0224 0.0249361
10.0128 3.39335 0.134053 -17.033 0.0248699
10.0352 3.39635 0.133923 -17.0436 0.0248041
10.0576 3.39935 0.133794 -17.0542 0.0247385
10.08 3.40234 0.133665 -17.0648 0.0246732
10.1024 3.40534 0.133537 -17.0753 0.0246082
10.1248 3.40833 0.13341 -17.0858 0.0245435
10.1472 3.41131 0.133282 -17.0964 0.0244791
10.1696 3.4143 0.133156 -17.1069 0.0244149
10.192 3.41728 0.133029 -17.1173 0.0243511
10.2144 3.42026 0.132904 -17.1278 0.0242875
10.2368 3.42323 0.132778 -17.1382 0.0242243
10.2592 3.42621 0.132653 -17.1486 0.0241613
10.2816 3.42918 0.132529 -17.159 0.0240985
10.304 3.43214 0.132405 -17.1694 0.0240361
10.3264 3.43511 0.132281 -17.1798 0.0239739
10.3488 3.43807 0.132158 -17.1901 0.023912
10.3712 3.44103 0.132035 -17.2004 0.0238504
10.3936 3.44398 0.131913 -17.2108 0.023789
10.416 3.44694 0.131791 -17.221 0.0237279
10.4384 3.44989 0.13167 -17.2313 0.0236671
10.4608 3.45284 0.131549 -17.2416 0.0236065
10.4832 3.45578 0.131428 -17.2518 0.0235462
10.5056 3.45872 0.131308 -17.262 0.0234861
10.528 3.46166 0.131189 -17.2722 0.0234263
10.5504 3.4646 0.131069 -17.2824 0.0233668
10.5728 3.46754 0.13095 -17.2925 0.0233075
10.5952 3.47047 0.130832 -17.3027 0.0232485
10.6176 3.4734 0.130714 -17.3128 0.0231897
10.64 3.47632 0.130596 -17.3229 0.0231312
10.6624 3.47925 0.130479 -17.333 0.0230729
10.6848 3.48217 0.130362 -17.3431 0.0230149
10.7072 3.48509 0.130246 -17.3531 0.0229571
10.7296 3.488 0.13013 -17.3632 0.0228996
10.752 3.49092 0.130014 -17.3732 0.0228423
10.7744 3.49383 0.129899 -17.3832 0.0227853
10.7968 3.49674 0.129784 -17.3932 0.0227284
10.8192 3.49964 0.12967 -17.4032 0.0226719
10.8416 3.50255 0.129556 -17.4131 0.0226155
10.864 3.50545 0.129442 -17.423 0.0225594
10.8864 3.50835 0.129329 -17.433 0.0225036
10.9088 3.51124 0.129216 -17.4429 0.0224479
10.9312 3.51413 0.129104 -17.4527 0.0223925
10.9536 3.51703 0.128991 -17.4626 0.0223374
10.976 3.51991 0.12888 -17.4725 0.0222824
10.9984 3.5228 0.128768 -17.4823 0.0222277
11.0208 3.52568 0.128657 -17.4921 0.0221732
11.0432 3.52856 0.128547 -17.5019 0.022119
11.0656 3.53144 0.128436 -17.5117 0.0220649
11.088 3.53432 0.128327 -17.5215 0.0220111
11.1104 3.53719 0.128217 -17.5312 0.0219575
11.1328 3.54006 0.128108 -17.541 0.0219041
11.1552 3.54293 0.127999 -17.5507 0.021851
11.1776 3.5458 0.127891 -17.5604 0.021798
11.2 3.54866 0.127783 -17.5701 0.0217453
11.2224 3.55152 0.127675 -17.5797 0.0216928
11.2448 3.55438 0.127568 -17.5894 0.0216405
11.2672 3.55724 0.127461 -17.599 0.0215884
11.2896 3.56009 0.127354 -17.6087 0.0215365
11.312 3.56294 0.127248 -17.6183 0.0214849
11.3344 3.56579 0.127142 -17.6279 0.0214334
11.3568 3.56864 0.127036 -17.6374 0.0213821
11.3792 3.57148 0.126931 -17.647 0.0213311
11.4016 3.57432 0.126826 -17.6565 0.0212802
11.424 3.57716 0.126721 -17.6661 0.0212296
11.4464 3.58 0.126617 -17.6756 0.0211792
11.4688 3.58284 0.126513 -17.6851 0.0211289
11.4912 3.58567 0.12641 -17.6946 0.0210789
11.5136 3.5885 0.126306 -17.704 0.021029
11.536 3.59133 0.126203 -17.7135 0.0209794
11.5584 3.59415 0.126101 -17.7229 0.02093
11.5808 3.59698 0.125999 -17.7324 0.0208807
11.6032 3.5998 0.125897 -17.7418 0.0208317
11.6256 3.60262 0.125795 -17.7512 0.0207828
11.648 3.60543 0.125694 -17.7605 0.0207341
11.6704 3.60825 0.125593 -17.7699 0.0206856
11.6928 3.61106 0.125492 -17.7793 0.0206373
11.7152 3.61387 0.125392 -17.7886 0.0205892
11.7376 3.61668 0.125292 -17.7979 0.0205413
11.76 3.61948 0.125192 -17.8072 0.0204936
11.7824 3.62229 0.125093 -17.8165 0.0204461
11.8048 3.62509 0.124994 -17.8258 0.0203987
11.8272 3.62789 0.124895 -17.835 0.0203515
11.8496 3.63068 0.124796 -17.8443 0.0203045
11.872 3.63348 0.124698 -17.8535 0.0202577
11.8944 3.63627 0.1246 -17.8627 0.0202111
11.9168 3.63906 0.124503 -17.8719 0.0201646
11.9392 3.64185 0.124406 -17.8811 0.0201184
11.9616 3.64463 0.124309 -17.8903 0.0200723
11.984 3.64741 0.124212 -17.8995 0.0200264
12.0064 3.6502 0.124116 -17.9086 0.0199806
12.0288 3.65298 0.12402 -17.9178 0.019935
12.0512 3.65575 0.123924 -17.9269 0.0198896
12.0736 3.65853 0.123828 -17.936 0.0198444
12.096 3.6613 0.123733 -17.9451 0.0197994
12.1184 3.66407 0.123638 -17.9542 0.0197545
12.1408 3.66684 0.123544 -17.9632 0.0197098
12.1632 3.66961 0.123449 -17.9723 0.0196652
12.1856 3.67237 0.123355 -17.9813 0.0196209
12.208 3.67513 0.123262 -17.9903 0.0195767
12.2304 3.67789 0.123168 -17.9993 0.0195326
12.2528 3.68065 0.123075 -18.0083 0.0194887
12.2752 3.68341 0.122982 -18.0173 0.019445
12.2976 3.68616 0.122889 -18.0263 0.0194015
12.32 3.68891 0.122797 -18.0352 0.0193581
12.3424 3.69166 0.122705 -18.0442 0.0193149
12.3648 3.69441 0.122613 -18.0531 0.0192718
12.3872 3.69715 0.122522 -18.062 0.0192289
12.4096 3.6999 0.12243 -18.0709 0.0191862
12.432 3.70264 0.12234 -18.0798 0.0191436
12.4544 3.70538 0.122249 -18.0887 0.0191012
12.4768 3.70812 0.122158 -18.0975 0.0190589
12.4992 3.71085 0.122068 -18.1064 0.0190168
12.5216 3.71358 0.121978 -18.1152 0.0189748
12.544 3.71631 0.121889 -18.1241 0.018933
12.5664 3.71904 0.121799 -18.1329 0.0188913
12.5888 3.72177 0.12171 -18.1417 0.0188498
12.6112 3.7245 0.121621 -18.1504 0.0188085
12.6336 3.72722 0.121533 -18.1592 0.0187673
12.656 3.72994 0.121444 -18.168 0.0187262
12.6784 3.73266 0.121356 -18.1767 0.0186854
12.7008 3.73538 0.121269 -18.1855 0.0186446
12.7232 3.73809 0.121181 -18.1942 0.018604
12.7456 3.74081 0.121094 -18.2029 0.0185635
12.768 3.74352 0.121007 -18.2116 0.0185232
12.7904 3.74623 0.12092 -18.2203 0.0184831
12.8128 3.74894 0.120833 -18.2289 0.018443
12.8352 3.75164 0.120747 -18.2376 0.0184032
12.8576 3.75435 0.120661 -18.2462 0.0183634
12.88 3.75705 0.120575 -18.2549 0.0183239
12.9024 3.75975 0.120489 -18.2635 0.0182844
12.9248 3.76245 0.120404 -18.2721 0.0182451
12.9472 3.76514 0.120319 -18.2807 0.0182059
12.9696 3.76784 0.120234 -18.2893 0.0181669
12.992 3.77053 0.12015 -18.2979 0.018128
13.0144 3.77322 0.120065 -18.3064 0.0180893
13.0368 3.77591 0.119981 -18.315 0.0180506
13.0592 3.77859 0.119897 -18.3235 0.0180122
13.0816 3.78128 0.119814 -18.332 0.0179738
13.104 3.78396 0.11973 -18.3405 0.0179356
13.1264 3.78664 0.119647 -18.349 0.0178976
13.1488 3.78932 0.119564 -18.3575 0.0178596
13.1712 3.792 0.119481 -18.366 0.0178218
13.1936 3.79467 0.119399 -18.3745 0.0177841
13.216 3.79735 0.119316 -18.3829 0.0177466
13.2384 3.80002 0.119234 -18.3914 0.0177092
13.2608 3.80269 0.119153 -18.3998 0.0176719
13.2832 3.80536 0.119071 -18.4082 0.0176348
13.3056 3.80802 0.11899 -18.4166 0.0175978
13.328 3.81069 0.118909 -18.425 0.0175609
13.3504 3.81335 0.118828 -18.4334 0.0175241
13.3728 3.81601 0.118747 -18.4418 0.0174875
13.3952 3.81867 0.118667 -18.4501 0.017451
13.4176 3.82133 0.118586 -18.4585 0.0174146
13.44 3.82398 0.118506 -18.4668 0.0173783
13.4624 3.82664 0.118426 -18.4751 0.0173422
13.4848 3.82929 0.118347 -18.4834 0.0173062
13.5072 3.83194 0.118268 -18.4917 0.0172703
13.5296 3.83459 0.118188 -18.5 0.0172346
13.552 3.83723 0.118109 -18.5083 0.0171989
13.5744 3.83988 0.118031 -18.5166 0.0171634
13.5968 3.84252 0.117952 -18.5248 0.017128
13.6192 3.84516 0.117874 -18.5331 0.0170928
13.6416 3.8478 0.117796 -18.5413 0.0170576
13.664 3.85044 0.117718 -18.5495 0.0170226
13.6864 3.85308 0.11764 -18.5577 0.0169877
13.7088 3.85571 0.117563 -18.566 0.0169529
13.7312 3.85834 0.117486 -18.5741 0.0169182
13.7536 3.86097 0.117409 -18.5823 0.0168836
13.776 3.8636 0.117332 -18.5905 0.0168492
13.7984 3.86623 0.117255 -18.5986 0.0168149
13.8208 3.86886 0.117179 -18.6068 0.0167806
13.8432 3.87148 0.117102 -18.6149 0.0167465
13.8656 3.8741 0.117026 -18.6231 0.0167126
13.888 3.87672 0.116951 -18.6312 0.0166787
13.9104 3.87934 0.116875 -18.6393 0.0166449
13.9328 3.88196 0.1168 -18.6474 0.0166113
13.9552 3.88457 0.116724 -18.6555 0.0165778
13.9776 3.88719 0.116649 -18.6635 0.0165443
14 3.8898 0.116574 -18.6716 0.016511
14.0224 3.89241 0.1165 -18.6796 0.0164778
14.0448 3.89502 0.116425 -18.6877 0.0164447
14.0672 3.89763 0.116351 -18.6957 0.0164118
14.0896 3.90023 0.116277 -18.7037 0.0163789
14.112 3.90284 0.116203 -18.7117 0.0163461
14.1344 3.90544 0.11613 -18.7197 0.0163135
14.1568 3.90804 0.116056 -18.7277 0.0162809
14.1792 3.91064 0.115983 -18.7357 0.0162485
14.2016 3.91323 0.11591 -18.7437 0.0162162
14.224 3.91583 0.115837 -18.7516 0.0161839
14.2464 3.91842 0.115764 -18.7596 0.0161518
14.2688 3.92102 0.115692 -18.7675 0.0161198
14.2912 3.92361 0.115619 -18.7754 0.0160879
14.3136 3.9262 0.115547 -18.7834 0.0160561
14.336 3.92878 0.115475 -18.7913 0.0160244
14.3584 3.93137 0.115403 -18.7992 0.0159928
14.3808 3.93395 0.115332 -18.807 0.0159613
14.4032 3.93654 0.11526 -18.8149 0.0159299
14.4256 3.93912 0.115189 -18.8228 0.0158986
14.448 3.9417 0.115118 -18.8306 0.0158674
14.4704 3.94427 0.115047 -18.8385 0.0158363
14.4928 3.94685 0.114976 -18.8463 0.0158053
14.5152 3.94942 0.114906 -18.8541 0.0157744
14.5376 3.952 0.114836 -18.862 0.0157437
14.56 3.95457 0.114765 -18.8698 0.015713
14.5824 3.95714 0.114695 -18.8776 0.0156824
14.6048 3.95971 0.114626 -18.8853 0.0156519
14.6272 3.96227 0.114556 -18.8931 0.0156215
14.6496 3.96484 0.114486 -18.9009 0.0155912
14.672 3.9674 0.114417 -18.9086 0.015561
14.6944 3.96997 0.114348 -18.9164 0.0155309
14.7168 3.97253 0.114279 -18.9241 0.0155008
14.7392 3.97509 0.11421 -18.9319 0.0154709
14.7616 3.97764 0.114142 -18.9396 0.0154411
14.784 3.9802 0.114073 -18.9473 0.0154114
14.8064 3.98275 0.114005 -18.955 0.0153817
14.8288 3.98531 0.113937 -18.9627 0.0153522
14.8512 3.98786 0.113869 -18.9704 0.0153227
14.8736 3.99041 0.113801 -18.978 0.0152934
14.896 3.99296 0.113734 -18.9857 0.0152641
14.9184 3.9955 0.113666 -18.9933 0.015235
14.9408 3.99805 0.113599 -19.001 0.0152059
14.9632 4.00059 0.113532 -19.0086 0.0151769
14.9856 4.00313 0.113465 -19.0162 0.015148
15.008 4.00568 0.113398 -19.0239 0.0151192
15.0304 4.00822 0.113331 -19.0315 0.0150905
15.0528 4.01075 0.113265 -19.0391 0.0150618
15.0752 4.01329 0.113199 -19.0466 0.0150333
15.0976 4.01582 0.113133 -19.0542 0.0150048
15.12 4.01836 0.113067 -19.0618 0.0149765
15.1424 4.02089 0.113001 -19.0693 0.0149482
15.1648 4.02342 0.112935 -19.0769 0.01492
15.1872 4.02595 0.11287 -19.0844 0.0148919
15.2096 4.02848 0.112804 -19.092 0.0148639
15.232 4.031 0.112739 -19.0995 0.014836
15.2544 4.03353 0.112674 -19.107 0.0148081
15.2768 4.03605 0.112609 -19.1145 0.0147804
15.2992 4.03857 0.112545 -19.122 0.0147527
15.3216 4.04109 0.11248 -19.1295 0.0147251
15.344 4.04361 0.112416 -19.137 0.0146976
15.3664 4.04613 0.112351 -19.1444 0.0146702
15.3888 4.04864 0.112287 -19.1519 0.0146429
15.4112 4.05116 0.112223 -19.1594 0.0146156
15.4336 4.05367 0.11216 -19.1668 0.0145885
15.456 4.05618 0.112096 -19.1742 0.0145614
15.4784 4.05869 0.112032 -19.1817 0.0145344
15.5008 4.0612 0.111969 -19.1891 0.0145075
15.5232 4.06371 0.111906 -19.1965 0.0144806
15.5456 4.06622 0.111843 -19.2039 0.0144539
15.568 4.06872 0.11178 -19.2113 0.0144272
15.5904 4.07122 0.111717 -19.2186 0.0144006
15.6128 4.07373 0.111655 -19.226 0.0143741
15.6352 4.07623 0.111592 -19.2334 0.0143476
15.6576 4.07873 0.11153 -19.2407 0.0143213
15.68 4.08122 0.111468 -19.2481 0.014295
15.7024 4.08372 0.111406 -19.2554 0.0142688
15.7248 4.08621 0.111344 -19.2627 0.0142427
15.7472 4.08871 0.111282 -19.2701 0.0142166
15.7696 4.0912 0.11122 -19.2774 0.0141907
15.792 4.09369 0.111159 -19.2847 0.0141648
15.8144 4.09618 0.111098 -19.292 0.014139
15.8368 4.09867 0.111036 -19.2993 0.0141133
15.8592 4.10115 0.110975 -19.3065 0.0140876
15.8816 4.10364 0.110915 -19.3138 0.014062
15.904 4.10612 0.110854 -19.3211 0.0140365
15.9264 4.10861 0.110793 -19.3283 0.0140111
15.9488 4.11109 0.110733 -19.3356 0.0139857
15.9712 4.11357 0.110672 -19.3428 0.0139605
15.9936 4.11604 0.110612 -19.35 0.0139353
16.016 4.11852 0.110552 -19.3573 0.0139101
16.0384 4.121 0.110492 -19.3645 0.0138851
16.0608 4.12347 0.110432 -19.3717 0.0138601
16.0832 4.12594 0.110373 -19.3789 0.0138352
16.1056 4.12842 0.110313 -19.3861 0.0138103
16.128 4.13089 0.110254 -19.3932 0.0137856
16.1504 4.13336 0.110195 -19.4004 0.0137609
16.1728 4.13582 0.110136 -19.4076 0.0137363
16.1952 4.13829 0.110077 -19.4147 0.0137117
16.2176 4.14075 0.110018 -19.4219 0.0136873
16.24 4.14322 0.109959 -19.429 0.0136629
16.2624 4.14568 0.1099 -19.4361 0.0136385
16.2848 4.14814 0.109842 -19.4433 0.0136143
16.3072 4.1506 0.109784 -19.4504 0.0135901
16.3296 4.15306 0.109726 -19.4575 0.013566
16.352 4.15552 0.109667 -19.4646 0.0135419
16.3744 4.15797 0.10961 -19.4717 0.0135179
16.3968 4.16043 0.109552 -19.4787 0.013494
16.4192 4.16288 0.109494 -19.4858 0.0134702
16.4416 4.16533 0.109437 -19.4929 0.0134464
16.464 4.16778 0.109379 -19.4999 0.0134227
16.4864 4.17023 0.109322 -19.507 0.013399
16.5088 4.17268 0.109265 -19.514 0.0133755
16.5312 4.17513 0.109208 -19.5211 0.013352
16.5536 4.17757 0.109151 -19.5281 0.0133285
16.576 4.18002 0.109094 -19.5351 0.0133052
16.5984 4.18246 0.109037 -19.5421 0.0132819
16.6208 4.1849 0.108981 -19.5491 0.0132586
16.6432 4.18734 0.108924 -19.5561 0.0132355
16.6656 4.18978 0.108868 -19.5631 0.0132124
16.688 4.19222 0.108812 -19.5701 0.0131893
16.7104 4.19466 0.108756 -19.5771 0.0131663
16.7328 4.19709 0.1087 -19.584 0.0131434
16.7552 4.19953 0.108644 -19.591 0.0131206
16.7776 4.20196 0.108588 -19.5979 0.0130978
16.8 4.20439 0.108533 -19.6049 0.0130751
16.8224 4.20682 0.108477 -19.6118 0.0130525
16.8448 4.20925 0.108422 -19.6188 0.0130299
16.8672 4.21168 0.108367 -19.6257 0.0130073
16.8896 4.21411 0.108312 -19.6326 0.0129849
16.912 4.21653 0.108257 -19.6395 0.0129625
16.9344 4.21896 0.108202 -19.6464 0.0129402
16.9568 4.22138 0.108147 -19.6533 0.0129179
16.9792 4.2238 0.108093 -19.6602 0.0128957
17.0016 4.22622 0.108038 -19.667 0.0128735
17.024 4.22864 0.107984 -19.6739 0.0128514
17.0464 4.23106 0.107929 -19.6808 0.0128294
17.0688 4.23348 0.107875 -19.6876 0.0128075
17.0912 4.23589 0.107821 -19.6945 0.0127856
17.1136 4.23831 0.107767 -19.7013 0.0127637
17.136 4.24072 0.107714 -19.7081 0.0127419
17.1584 4.24313 0.10766 -19.715 0.0127202
17.1808 4.24554 0.107606 -19.7218 0.0126986
17.2032 4.24795 0.107553 -19.7286 0.012677
17.2256 4.25036 0.107499 -19.7354 0.0126554
17.248 4.25277 0.107446 -19.7422 0.0126339
17.2704 4.25518 0.107393 -19.749 0.0126125
17.2928 4.25758 0.10734 -19.7558 0.0125912
17.3152 4.25998 0.107287 -19.7625 0.0125699
17.3376 4.26239 0.107234 -19.7693 0.0125486
17.36 4.26479 0.107182 -19.7761 0.0125274
17.3824 4.26719 0.107129 -19.7828 0.0125063
17.4048 4.26959 0.107077 -19.7895 0.0124852
17.4272 4.27199 0.107024 -19.7963 0.0124642
17.4496 4.27438 0.106972 -19.803 0.0124433
17.472 4.27678 0.10692 -19.8097 0.0124224
17.4944 4.27917 0.106868 -19.8165 0.0124015
17.5168 4.28157 0.106816 -19.8232 0.0123807
17.5392 4.28396 0.106764 -19.8299 0.01236
17.5616 4.28635 0.106712 -19.8366 0.0123393
17.584 4.28874 0.106661 -19.8433 0.0123187
17.6064 4.29113 0.106609 -19.8499 0.0122982
17.6288 4.29352 0.106558 -19.8566 0.0122777
17.6512 4.2959 0.106507 -19.8633 0.0122572
17.6736 4.29829 0.106455 -19.8699 0.0122368
17.696 4.30067 0.106404 -19.8766 0.0122165
17.7184 4.30305 0.106353 -19.8832 0.0121962
17.7408 4.30544 0.106302 -19.8899 0.012176
17.7632 4.30782 0.106252 -19.8965 0.0121558
17.7856 4.3102 0.106201 -19.9031 0.0121357
17.808 4.31257 0.10615 -19.9098 0.0121156
17.8304 4.31495 0.1061 -19.9164 0.0120956
17.8528 4.31733 0.10605 -19.923 0.0120756
17.8752 4.3197 0.105999 -19.9296 0.0120557
17.8976 4.32208 0.105949 -19.9362 0.0120359
17.92 4.32445 0.105899 -19.9428 0.0120161
17.9424 4.32682 0.105849 -19.9493 0.0119963
17.9648 4.32919 0.105799 -19.9559 0.0119766
17.9872 4.33156 0.10575 -19.9625 0.011957
18.0096 4.33393 0.1057 -19.969 0.0119374
18.032 4.3363 0.10565 -19.9756 0.0119178
18.0544 4.33866 0.105601 -19.9821 0.0118984
18.0768 4.34103 0.105552 -19.9887 0.0118789
18.0992 4.34339 0.105502 -19.9952 0.0118595
18.1216 4.34575 0.105453 -20.0017 0.0118402
18.144 4.34811 0.105404 -20.0083 0.0118209
18.1664 4.35047 0.105355 -20.0148 0.0118017
18.1888 4.35283 0.105306 -20.0213 0.0117825
18.2112 4.35519 0.105258 -20.0278 0.0117634
18.2336 4.35755 0.105209 -20.0343 0.0117443
18.256 4.35991 0.10516 -20.0408 0.0117253
18.2784 4.36226 0.105112 -20.0472 0.0117063
18.3008 4.36462 0.105064 -20.0537 0.0116874
18.3232 4.36697 0.105015 -20.0602 0.0116685
18.3456 4.36932 0.104967 -20.0666 0.0116497
18.368 4.37167 0.104919 -20.0731 0.0116309
18.3904 4.37402 0.104871 -20.0795 0.0116121
18.4128 4.37637 0.104823 -20.086 0.0115934
18.4352 4.37872 0.104775 -20.0924 0.0115748
18.4576 4.38106 0.104728 -20.0988 0.0115562
18.48 4.38341 0.10468 -20.1053 0.0115377
18.5024 4.38575 0.104632 -20.1117 0.0115192
18.5248 4.3881 0.104585 -20.1181 0.0115007
18.5472 4.39044 0.104538 -20.1245 0.0114824
18.5696 4.39278 0.10449 -20.1309 0.011464
18.592 4.39512 0.104443 -20.1373 0.0114457
18.6144 4.39746 0.104396 -20.1437 0.0114274
18.6368 4.3998 0.104349 -20.15 0.0114092
18.6592 4.40213 0.104302 -20.1564 0.0113911
18.6816 4.40447 0.104255 -20.1628 0.011373
18.704 4.4068 0.104209 -20.1691 0.0113549
18.7264 4.40914 0.104162 -20.1755 0.0113369
18.7488 4.41147 0.104116 -20.1818 0.0113189
18.7712 4.4138 0.104069 -20.1882 0.011301
18.7936 4.41613 0.104023 -20.1945 0.0112831
18.816 4.41846 0.103977 -20.2009 0.0112653
18.8384 4.42079 0.10393 -20.2072 0.0112475
18.8608 4.42312 0.103884 -20.2135 0.0112297
18.8832 4.42544 0.103838 -20.2198 0.011212
18.9056 4.42777 0.103792 -20.2261 0.0111944
18.928 4.43009 0.103747 -20.2324 0.0111767
18.9504 4.43242 0.103701 -20.2387 0.0111592
18.9728 4.43474 0.103655 -20.245 0.0111417
18.9952 4.43706 0.10361 -20.2513 0.0111242
19.0176 4.43938 0.103564 -20.2575 0.0111067
19.04 4.4417 0.103519 -20.2638 0.0110894
19.0624 4.44402 0.103473 -20.2701 0.011072
19.0848 4.44634 0.103428 -20.2763 0.0110547
19.1072 4.44865 0.103383 -20.2826 0.0110374
19.1296 4.45097 0.103338 -20.2888 0.0110202
19.152 4.45328 0.103293 -20.2951 0.0110031
19.1744 4.4556 0.103248 -20.3013 0.0109859
19.1968 4.45791 0.103203 -20.3075 0.0109688
19.2192 4.46022 0.103159 -20.3137 0.0109518
19.2416 4.46253 0.103114 -20.3199 0.0109348
19.264 4.46484 0.103069 -20.3262 0.0109178
19.2864 4.46715 0.103025 -20.3324 0.0109009
19.3088 4.46945 0.102981 -20.3386 0.0108841
19.3312 4.47176 0.102936 -20.3447 0.0108672
19.3536 4.47407 0.102892 -20.3509 0.0108504
19.376 4.47637 0.102848 -20.3571 0.0108337
19.3984 4.47867 0.102804 -20.3633 0.010817
19.4208 4.48098 0.10276 -20.3694 0.0108003
19.4432 4.48328 0.102716 -20.3756 0.0107837
19.4656 4.48558 0.102672 -20.3818 0.0107671
19.488 4.48788 0.102628 -20.3879 0.0107506
19.5104 4.49018 0.102585 -20.3941 0.0107341
19.5328 4.49247 0.102541 -20.4002 0.0107176
19.5552 4.49477 0.102498 -20.4063 0.0107012
19.5776 4.49706 0.102454 -20.4125 0.0106848
19.6 4.49936 0.102411 -20.4186 0.0106685
19.6224 4.50165 0.102368 -20.4247 0.0106522
19.6448 4.50394 0.102325 -20.4308 0.0106359
19.6672 4.50624 0.102282 -20.4369 0.0106197
19.6896 4.50853 0.102239 -20.443 0.0106035
19.712 4.51082 0.102196 -20.4491 0.0105874
19.7344 4.51311 0.102153 -20.4552 0.0105713
19.7568 4.51539 0.10211 -20.4613 0.0105552
19.7792 4.51768 0.102067 -20.4673 0.0105392
19.8016 4.51997 0.102025 -20.4734 0.0105232
19.824 4.52225 0.101982 -20.4795 0.0105073
19.8464 4.52453 0.10194 -20.4855 0.0104914
19.8688 4.52682 0.101897 -20.4916 0.0104755
19.8912 4.5291 0.101855 -20.4976 0.0104597
19.9136 4.53138 0.101813 -20.5037 0.0104439
19.936 4.53366 0.10177 -20.5097 0.0104281
19.9584 4.53594 0.101728 -20.5157 0.0104124
19.9808 4.53822 0.101686 -20.5218 0.0103968
20.0032 4.5405 0.101644 -20.5278 0.0103811
20.0256 4.54277 0.101603 -20.5338 0.0103655
20.048 4.54505 0.101561 -20.5398 0.01035
20.0704 4.54732 0.101519 -20.5458 0.0103344
20.0928 4.5496 0.101477 -20.5518 0.010319
20.1152 4.55187 0.101436 -20.5578 0.0103035
20.1376 4.55414 0.101394 -20.5638 0.0102881
20.16 4.55641 0.101353 -20.5698 0.0102727
20.1824 4.55868 0.101312 -20.5758 0.0102574
20.2048 4.56095 0.10127 -20.5817 0.0102421
20.2272 4.56322 0.101229 -20.5877 0.0102268
20.2496 4.56548 0.101188 -20.5937 0.0102116
20.272 4.56775 0.101147 -20.5996 0.0101964
20.2944 4.57002 0.101106 -20.6056 0.0101812
20.3168 4.57228 0.101065 -20.6115 0.0101661
20.3392 4.57454 0.101024 -20.6174 0.010151
20.3616 4.57681 0.100983 -20.6234 0.010136
20.384 4.57907 0.100943 -20.6293 0.010121
20.4064 4.58133 0.100902 -20.6352 0.010106
20.4288 4.58359 0.100862 -20.6411 0.0100911
20.4512 4.58585 0.100821 -20.6471 0.0100762
20.4736 4.5881 0.100781 -20.653 0.0100613
20.496 4.59036 0.10074 -20.6589 0.0100465
20.5184 4.59262 0.1007 -20.6648 0.0100317
20.5408 4.59487 0.10066 -20.6707 0.0100169
20.5632 4.59713 0.10062 -20.6765 0.0100022
20.5856 4.59938 0.10058 -20.6824 0.00998748
20.608 4.60163 0.10054 -20.6883 0.00997282
20.6304 4.60389 0.1005 -20.6942 0.00995819
20.6528 4.60614 0.10046 -20.7 0.0099436
20.6752 4.60839 0.10042 -20.7059 0.00992905
20.6976 4.61063 0.10038 -20.7118 0.00991452
20.72 4.61288 0.100341 -20.7176 0.00990003
20.7424 4.61513 0.100301 -20.7234 0.00988558
20.7648 4.61738 0.100262 -20.7293 0.00987116
20.7872 4.61962 0.100222 -20.7351 0.00985677
20.8096 4.62187 0.100183 -20.7409 0.00984242
20.832 4.62411 0.100144 -20.7468 0.0098281
20.8544 4.62635 0.100104 -20.7526 0.00981381
20.8768 4.62859 0.100065 -20.7584 0.00979956
20.8992 4.63084 0.100026 -20.7642 0.00978534
20.9216 4.63308 0.099987 -20.77 0.00977115
20.944 4.63532 0.0999481 -20.7758 0.009757
20.9664 4.63755 0.0999091 -20.7816 0.00974288
20.9888 4.63979 0.0998703 -20.7874 0.00972879
21.0112 4.64203 0.0998315 -20.7932 0.00971473
21.0336 4.64426 0.0997928 -20.799 0.00970071
21.056 4.6465 0.0997542 -20.8047 0.00968672
21.0784 4.64873 0.0997156 -20.8105 0.00967276
21.1008 4.65097 0.0996771 -20.8163 0.00965883
21.1232 4.6532 0.0996386 -20.822 0.00964494
21.1456 4.65543 0.0996003 -20.8278 0.00963107
21.168 4.65766 0.0995619 -20.8335 0.00961724
21.1904 4.65989 0.0995237 -20.8393 0.00960344
21.2128 4.66212 0.0994855 -20.845 0.00958968
21.2352 4.66435 0.0994474 -20.8507 0.00957594
21.2576 4.66657 0.0994093 -20.8565 0.00956224
21.28 4.6688 0.0993713 -20.8622 0.00954856
21.3024 4.67103 0.0993334 -20.8679 0.00953492
21.3248 4.67325 0.0992955 -20.8736 0.00952131
21.3472 4.67547 0.0992577 -20.8793 0.00950773
21.3696 4.6777 0.0992199 -20.885 0.00949418
21.392 4.67992 0.0991823 -20.8907 0.00948066
21.4144 4.68214 0.0991446 -20.8964 0.00946718
21.4368 4.68436 0.0991071 -20.9021 0.00945372
21.4592 4.68658 0.0990696 -20.9078 0.0094403
21.4816 4.6888 0.0990321 -20.9135 0.0094269
21.504 4.69102 0.0989948 -20.9192 0.00941354
21.5264 4.69323 0.0989575 -20.9248 0.0094002
21.5488 4.69545 0.0989202 -20.9305 0.0093869
21.5712 4.69767 0.098883 -20.9362 0.00937362
21.5936 4.69988 0.0988459 -20.9418 0.00936038
21.616 4.70209 0.0988088 -20.9475 0.00934716
21.6384 4.70431 0.0987718 -20.9531 0.00933398
21.6608 4.70652 0.0987349 -20.9588 0.00932083
21.6832 4.70873 0.098698 -20.9644 0.0093077
21.7056 4.71094 0.0986612 -20.97 0.0092946
21.728 4.71315 0.0986244 -20.9757 0.00928154
21.7504 4.71536 0.0985877 -20.9813 0.0092685
21.7728 4.71757 0.0985511 -20.9869 0.00925549
21.7952 4.71977 0.0985145 -20.9925 0.00924251
21.8176 4.72198 0.098478 -20.9981 0.00922957
21.84 4.72419 0.0984415 -21.0037 0.00921664
21.8624 4.72639 0.0984051 -21.0093 0.00920375
21.8848 4.72859 0.0983687 -21.0149 0.00919089
21.9072 4.7308 0.0983325 -21.0205 0.00917806
21.9296 4.733 0.0982962 -21.0261 0.00916525
21.952 4.7352 0.0982601 -21.0317 0.00915247
21.9744 4.7374 0.0982239 -21.0372 0.00913972
21.9968 4.7396 0.0981879 -21.0428 0.009127
22.0192 4.7418 0.0981519 -21.0484 0.00911431
22.0416 4.744 0.098116 -21.0539 0.00910165
22.064 4.7462 0.0980801 -21.0595 0.00908901
22.0864 4.74839 0.0980443 -21.065 0.0090764
22.1088 4.75059 0.0980085 -21.0706 0.00906382
22.1312 4.75278 0.0979728 -21.0761 0.00905127
22.1536 4.75498 0.0979371 -21.0817 0.00903875
22.176 4.75717 0.0979015 -21.0872 0.00902625
22.1984 4.75936 0.097866 -21.0927 0.00901378
22.2208 4.76156 0.0978305 -21.0983 0.00900134
22.2432 4.76375 0.0977951 -21.1038 0.00898893
22.2656 4.76594 0.0977597 -21.1093 0.00897654
22.288 4.76813 0.0977244 -21.1148 0.00896418
22.3104 4.77032 0.0976892 -21.1203 0.00895185
22.3328 4.7725 0.097654 -21.1258 0.00893954
22.3552 4.77469 0.0976188 -21.1313 0.00892726
22.3776 4.77688 0.0975837 -21.1368 0.00891501
22.4 4.77906 0.0975487 -21.1423 0.00890278
