-3.2896 5.70698e-09 0.00182574 33.1354 5.92801e-11
-3.28631 6.01173e-06 0.0018258 26.1755 5.62825e-14
-3.28302 1.20182e-05 0.00182599 25.4826 2.8165e-14
-3.27973 1.80254e-05 0.00182629 25.0769 1.87911e-14
-3.27644 2.40338e-05 0.00182672 24.7888 1.41066e-14
-3.27315 3.00439e-05 0.00182727 24.565 1.12982e-14
-3.26986 3.60559e-05 0.00182794 24.3818 9.42817e-15
-3.26657 4.20704e-05 0.00182873 24.2267 8.09433e-15
-3.26328 4.80876e-05 0.00182965 24.092 7.09567e-15
-3.25999 5.41081e-05 0.00183068 23.9729 6.32047e-15
-3.2567 6.01322e-05 0.00183184 23.8661 5.70171e-15
-3.25341 6.61603e-05 0.00183313 23.7692 5.19673e-15
-3.25012 7.21929e-05 0.00183453 23.6804 4.7771e-15
-3.24684 7.82302e-05 0.00183606 23.5984 4.42313e-15
-3.24355 8.42728e-05 0.00183771 23.5222 4.12076e-15
-3.24026 9.0321e-05 0.00183948 23.451 3.85967e-15
-3.23697 9.63752e-05 0.00184138 23.384 3.63214e-15
-3.23368 0.000102436 0.0018434 23.3208 3.43225e-15
-3.23039 0.000108503 0.00184554 23.261 3.25541e-15
-3.2271 0.000114578 0.0018478 23.204 3.09797e-15
-3.22381 0.000120661 0.00185019 23.1497 2.95704e-15
-3.22052 0.000126751 0.0018527 23.0978 2.83027e-15
-3.21723 0.00013285 0.00185534 23.0479 2.71574e-15
-3.21394 0.000138958 0.0018581 23 2.61185e-15
-3.21065 0.000145075 0.00186098 22.9538 2.51729e-15
-3.20736 0.000151202 0.00186399 22.9092 2.43094e-15
-3.20407 0.000157339 0.00186712 22.8661 2.35187e-15
-3.20078 0.000163486 0.00187038 22.8243 2.27927e-15
-3.19749 0.000169644 0.00187376 22.7837 2.21246e-15
-3.1942 0.000175814 0.00187727 22.7442 2.15085e-15
-3.19091 0.000181995 0.0018809 22.7058 2.09393e-15
-3.18762 0.000188189 0.00188466 22.6683 2.04125e-15
-3.18433 0.000194395 0.00188854 22.6318 1.99242e-15
-3.18104 0.000200614 0.00189256 22.5961 1.94711e-15
-3.17775 0.000206847 0.00189669 22.5611 1.90501e-15
-3.17446 0.000213093 0.00190096 22.5268 1.86585e-15
-3.17117 0.000219354 0.00190535 22.4933 1.8294e-15
-3.16788 0.000225629 0.00190986 22.4603 1.79545e-15
-3.1646 0.000231919 0.00191451 22.428 1.76381e-15
-3.16131 0.000238225 0.00191928 22.3962 1.73431e-15
-3.15802 0.000244547 0.00192419 22.3649 1.7068e-15
-3.15473 0.000250885 0.00192922 22.3341 1.68115e-15
-3.15144 0.00025724 0.00193437 22.3037 1.65723e-15
-3.14815 0.000263612 0.00193966 22.2738 1.63493e-15
-3.14486 0.000270001 0.00194508 22.2443 1.61414e-15
-3.14157 0.000276409 0.00195063 22.2151 1.59479e-15
-3.13828 0.000282835 0.00195631 22.1863 1.57678e-15
-3.13499 0.00028928 0.00196211 22.1579 1.56005e-15
-3.1317 0.000295744 0.00196805 22.1297 1.54451e-15
-3.12841 0.000302228 0.00197413 22.1019 1.53011e-15
-3.12512 0.000308732 0.00198033 22.0743 1.51679e-15
-3.12183 0.000315257 0.00198666 22.047 1.50449e-15
-3.11854 0.000321803 0.00199313 22.0199 1.49318e-15
-3.11525 0.000328371 0.00199973 21.9931 1.4828e-15
-3.11196 0.00033496 0.00200647 21.9665 1.47331e-15
-3.10867 0.000341572 0.00201334 21.9401 1.46468e-15
-3.10538 0.000348206 0.00202034 21.914 1.45687e-15
-3.10209 0.000354864 0.00202748 21.888 1.44984e-15
-3.0988 0.000361546 0.00203475 21.8622 1.44358e-15
-3.09551 0.000368251 0.00204216 21.8365 1.43805e-15
-3.09222 0.000374982 0.00204971 21.811 1.43323e-15
-3.08893 0.000381737 0.00205739 21.7857 1.4291e-15
-3.08564 0.000388518 0.00206521 21.7605 1.42562e-15
-3.08236 0.000395325 0.00207317 21.7354 1.4228e-15
-3.07907 0.000402158 0.00208127 21.7105 1.4206e-15
-3.07578 0.000409018 0.0020895 21.6857 1.41902e-15
-3.07249 0.000415905 0.00209788 21.661 1.41803e-15
-3.0692 0.00042282 0.00210639 21.6364 1.41762e-15
-3.06591 0.000429764 0.00211505 21.6119 1.41779e-15
-3.06262 0.000436736 0.00212385 21.5875 1.41851e-15
-3.05933 0.000443737 0.00213279 21.5632 1.41978e-15
-3.05604 0.000450768 0.00214187 21.539 1.4216e-15
-3.05275 0.000457829 0.00215109 21.5148 1.42394e-15
-3.04946 0.000464921 0.00216046 21.4908 1.42681e-15
-3.04617 0.000472043 0.00216998 21.4668 1.4302e-15
-3.04288 0.000479197 0.00217963 21.4429 1.43409e-15
-3.03959 0.000486384 0.00218944 21.419 1.4385e-15
-3.0363 0.000493602 0.00219939 21.3952 1.4434e-15
-3.03301 0.000500854 0.00220948 21.3715 1.44881e-15
-3.02972 0.000508139 0.00221973 21.3478 1.4547e-15
-3.02643 0.000515458 0.00223012 21.3241 1.46109e-15
-3.02314 0.000522812 0.00224066 21.3005 1.46797e-15
-3.01985 0.0005302 0.00225135 21.277 1.47534e-15
-3.01656 0.000537624 0.0022622 21.2535 1.4832e-15
-3.01327 0.000545084 0.00227319 21.23 1.49154e-15
-3.00998 0.00055258 0.00228433 21.2065 1.50038e-15
-3.00669 0.000560113 0.00229563 21.1831 1.5097e-15
-3.0034 0.000567684 0.00230708 21.1598 1.51951e-15
-3.00012 0.000575292 0.00231869 21.1364 1.52981e-15
-2.99683 0.000582939 0.00233044 21.1131 1.5406e-15
-2.99354 0.000590625 0.00234236 21.0898 1.55189e-15
-2.99025 0.00059835 0.00235443 21.0665 1.56368e-15
-2.98696 0.000606115 0.00236666 21.0433 1.57597e-15
-2.98367 0.000613921 0.00237905 21.02 1.58876e-15
-2.98038 0.000621767 0.00239159 20.9968 1.60206e-15
-2.97709 0.000629656 0.0024043 20.9736 1.61588e-15
-2.9738 0.000637586 0.00241717 20.9504 1.63021e-15
-2.97051 0.000645559 0.00243019 20.9272 1.64507e-15
-2.96722 0.000653575 0.00244338 20.9041 1.66046e-15
-2.96393 0.000661635 0.00245674 20.8809 1.67639e-15
-2.96064 0.000669738 0.00247025 20.8578 1.69285e-15
-2.95735 0.000677887 0.00248394 20.8346 1.70987e-15
-2.95406 0.000686081 0.00249779 20.8115 1.72744e-15
-2.95077 0.000694321 0.0025118 20.7884 1.74557e-15
-2.94748 0.000702607 0.00252598 20.7652 1.76428e-15
-2.94419 0.00071094 0.00254034 20.7421 1.78357e-15
-2.9409 0.00071932 0.00255486 20.719 1.80344e-15
-2.93761 0.000727749 0.00256955 20.6959 1.82391e-15
-2.93432 0.000736226 0.00258441 20.6728 1.84499e-15
-2.93103 0.000744752 0.00259945 20.6496 1.86669e-15
-2.92774 0.000753329 0.00261466 20.6265 1.88901e-15
-2.92445 0.000761955 0.00263004 20.6034 1.91197e-15
-2.92116 0.000770632 0.0026456 20.5803 1.93558e-15
-2.91788 0.000779361 0.00266134 20.5572 1.95984e-15
-2.91459 0.000788142 0.00267726 20.534 1.98478e-15
-2.9113 0.000796976 0.00269335 20.5109 2.01041e-15
-2.90801 0.000805862 0.00270962 20.4878 2.03673e-15
-2.90472 0.000814803 0.00272608 20.4646 2.06376e-15
-2.90143 0.000823798 0.00274272 20.4415 2.09151e-15
-2.89814 0.000832848 0.00275954 20.4183 2.12e-15
-2.89485 0.000841954 0.00277654 20.3952 2.14924e-15
-2.89156 0.000851116 0.00279373 20.372 2.17925e-15
-2.88827 0.000860334 0.00281111 20.3488 2.21004e-15
-2.88498 0.000869611 0.00282867 20.3256 2.24162e-15
-2.88169 0.000878945 0.00284642 20.3024 2.27402e-15
-2.8784 0.000888338 0.00286437 20.2792 2.30725e-15
-2.87511 0.00089779 0.0028825 20.256 2.34132e-15
-2.87182 0.000907303 0.00290083 20.2328 2.37626e-15
-2.86853 0.000916876 0.00291935 20.2096 2.41208e-15
-2.86524 0.00092651 0.00293807 20.1864 2.4488e-15
-2.86195 0.000936206 0.00295698 20.1631 2.48644e-15
-2.85866 0.000945965 0.00297609 20.1399 2.52502e-15
-2.85537 0.000955787 0.0029954 20.1166 2.56456e-15
-2.85208 0.000965672 0.0030149 20.0933 2.60509e-15
-2.84879 0.000975622 0.00303461 20.07 2.64661e-15
-2.8455 0.000985638 0.00305453 20.0468 2.68916e-15
-2.84221 0.000995719 0.00307464 20.0234 2.73275e-15
-2.83892 0.00100587 0.00309497 20.0001 2.77742e-15
-2.83564 0.00101608 0.00311549 19.9768 2.82317e-15
-2.83235 0.00102636 0.00313623 19.9535 2.87005e-15
-2.82906 0.00103672 0.00315718 19.9301 2.91806e-15
-2.82577 0.00104714 0.00317834 19.9068 2.96725e-15
-2.82248 0.00105763 0.00319971 19.8834 3.01763e-15
-2.81919 0.00106819 0.00322129 19.86 3.06923e-15
-2.8159 0.00107882 0.00324309 19.8366 3.12207e-15
-2.81261 0.00108953 0.0032651 19.8132 3.1762e-15
-2.80932 0.0011003 0.00328734 19.7898 3.23163e-15
-2.80603 0.00111115 0.00330979 19.7664 3.2884e-15
-2.80274 0.00112208 0.00333246 19.7429 3.34654e-15
-2.79945 0.00113308 0.00335536 19.7195 3.40608e-15
-2.79616 0.00114415 0.00337848 19.696 3.46704e-15
-2.79287 0.00115531 0.00340183 19.6725 3.52947e-15
-2.78958 0.00116654 0.0034254 19.6491 3.5934e-15
-2.78629 0.00117784 0.0034492 19.6256 3.65886e-15
-2.783 0.00118923 0.00347324 19.6021 3.72589e-15
-2.77971 0.00120069 0.0034975 19.5785 3.79452e-15
-2.77642 0.00121224 0.003522 19.555 3.8648e-15
-2.77313 0.00122387 0.00354673 19.5315 3.93675e-15
-2.76984 0.00123558 0.0035717 19.5079 4.01043e-15
-2.76655 0.00124737 0.00359691 19.4843 4.08587e-15
-2.76326 0.00125924 0.00362236 19.4608 4.16311e-15
-2.75997 0.0012712 0.00364806 19.4372 4.24219e-15
-2.75668 0.00128324 0.00367399 19.4136 4.32316e-15
-2.7534 0.00129537 0.00370017 19.39 4.40607e-15
-2.75011 0.00130759 0.0037266 19.3664 4.49095e-15
-2.74682 0.00131989 0.00375328 19.3427 4.57786e-15
-2.74353 0.00133228 0.0037802 19.3191 4.66684e-15
-2.74024 0.00134476 0.00380738 19.2954 4.75795e-15
-2.73695 0.00135733 0.00383482 19.2718 4.85123e-15
-2.73366 0.00136999 0.00386251 19.2481 4.94673e-15
-2.73037 0.00138274 0.00389046 19.2244 5.04451e-15
-2.72708 0.00139559 0.00391867 19.2007 5.14463e-15
-2.72379 0.00140852 0.00394714 19.177 5.24713e-15
-2.7205 0.00142156 0.00397587 19.1533 5.35208e-15
-2.71721 0.00143468 0.00400487 19.1296 5.45953e-15
-2.71392 0.00144791 0.00403414 19.1058 5.56955e-15
-2.71063 0.00146122 0.00406367 19.0821 5.68219e-15
-2.70734 0.00147464 0.00409348 19.0583 5.79752e-15
-2.70405 0.00148816 0.00412356 19.0346 5.91561e-15
-2.70076 0.00150177 0.00415392 19.0108 6.03651e-15
-2.69747 0.00151549 0.00418455 18.987 6.16031e-15
-2.69418 0.0015293 0.00421547 18.9632 6.28706e-15
-2.69089 0.00154322 0.00424666 18.9394 6.41683e-15
-2.6876 0.00155724 0.00427814 18.9156 6.54971e-15
-2.68431 0.00157137 0.00430991 18.8918 6.68577e-15
-2.68102 0.0015856 0.00434196 18.8679 6.82508e-15
-2.67773 0.00159994 0.0043743 18.8441 6.96772e-15
-2.67444 0.00161438 0.00440694 18.8202 7.11377e-15
-2.67116 0.00162893 0.00443987 18.7964 7.26332e-15
-2.66787 0.00164359 0.00447309 18.7725 7.41645e-15
-2.66458 0.00165836 0.00450662 18.7486 7.57324e-15
-2.66129 0.00167324 0.00454044 18.7247 7.7338e-15
-2.658 0.00168823 0.00457457 18.7008 7.89819e-15
-2.65471 0.00170334 0.00460901 18.6769 8.06653e-15
-2.65142 0.00171856 0.00464375 18.653 8.2389e-15
-2.64813 0.00173389 0.0046788 18.6291 8.41541e-15
-2.64484 0.00174934 0.00471417 18.6052 8.59615e-15
-2.64155 0.00176491 0.00474985 18.5812 8.78123e-15
-2.63826 0.00178059 0.00478585 18.5573 8.97075e-15
-2.63497 0.00179639 0.00482216 18.5333 9.16482e-15
-2.63168 0.00181232 0.0048588 18.5093 9.36355e-15
-2.62839 0.00182836 0.00489577 18.4854 9.56706e-15
-2.6251 0.00184453 0.00493306 18.4614 9.77547e-15
-2.62181 0.00186082 0.00497068 18.4374 9.98888e-15
-2.61852 0.00187723 0.00500863 18.4134 1.02074e-14
-2.61523 0.00189377 0.00504692 18.3894 1.04312e-14
-2.61194 0.00191044 0.00508554 18.3654 1.06604e-14
-2.60865 0.00192723 0.00512451 18.3414 1.08951e-14
-2.60536 0.00194415 0.00516381 18.3174 1.11355e-14
-2.60207 0.0019612 0.00520346 18.2933 1.13816e-14
-2.59878 0.00197839 0.00524346 18.2693 1.16337e-14
-2.59549 0.0019957 0.00528381 18.2452 1.18919e-14
-2.5922 0.00201315 0.00532451 18.2212 1.21563e-14
-2.58892 0.00203073 0.00536557 18.1971 1.24271e-14
-2.58563 0.00204845 0.00540699 18.1731 1.27044e-14
-2.58234 0.00206631 0.00544876 18.149 1.29884e-14
-2.57905 0.0020843 0.0054909 18.1249 1.32792e-14
-2.57576 0.00210243 0.00553341 18.1008 1.35771e-14
-2.57247 0.00212071 0.00557629 18.0767 1.38822e-14
-2.56918 0.00213912 0.00561954 18.0526 1.41947e-14
-2.56589 0.00215768 0.00566317 18.0285 1.45147e-14
-2.5626 0.00217638 0.00570717 18.0044 1.48425e-14
-2.55931 0.00219523 0.00575155 17.9803 1.51782e-14
-2.55602 0.00221422 0.00579632 17.9562 1.5522e-14
-2.55273 0.00223336 0.00584148 17.9321 1.58741e-14
-2.54944 0.00225265 0.00588703 17.9079 1.62348e-14
-2.54615 0.0022721 0.00593297 17.8838 1.66042e-14
-2.54286 0.00229169 0.0059793 17.8596 1.69826e-14
-2.53957 0.00231143 0.00602604 17.8355 1.73702e-14
-2.53628 0.00233134 0.00607318 17.8113 1.77671e-14
-2.53299 0.00235139 0.00612072 17.7872 1.81737e-14
-2.5297 0.00237161 0.00616867 17.763 1.85901e-14
-2.52641 0.00239198 0.00621704 17.7388 1.90167e-14
-2.52312 0.00241251 0.00626582 17.7146 1.94536e-14
-2.51983 0.0024332 0.00631502 17.6905 1.99011e-14
-2.51654 0.00245406 0.00636464 17.6663 2.03595e-14
-2.51325 0.00247508 0.00641468 17.6421 2.08291e-14
-2.50996 0.00249626 0.00646516 17.6179 2.131e-14
-2.50668 0.00251761 0.00651606 17.5937 2.18027e-14
-2.50339 0.00253913 0.0065674 17.5695 2.23073e-14
-2.5001 0.00256082 0.00661918 17.5453 2.28243e-14
-2.49681 0.00258268 0.00667141 17.521 2.33538e-14
-2.49352 0.00260471 0.00672407 17.4968 2.38961e-14
-2.49023 0.00262692 0.00677719 17.4726 2.44517e-14
-2.48694 0.0026493 0.00683076 17.4484 2.50209e-14
-2.48365 0.00267186 0.00688479 17.4241 2.56039e-14
-2.48036 0.0026946 0.00693927 17.3999 2.62011e-14
-2.47707 0.00271752 0.00699422 17.3756 2.68129e-14
-2.47378 0.00274062 0.00704964 17.3514 2.74395e-14
-2.47049 0.0027639 0.00710553 17.3271 2.80815e-14
-2.4672 0.00278737 0.00716189 17.3029 2.87392e-14
-2.46391 0.00281102 0.00721873 17.2786 2.94128e-14
-2.46062 0.00283486 0.00727605 17.2544 3.0103e-14
-2.45733 0.00285889 0.00733386 17.2301 3.08099e-14
-2.45404 0.00288311 0.00739216 17.2058 3.15342e-14
-2.45075 0.00290753 0.00745095 17.1815 3.22761e-14
-2.44746 0.00293213 0.00751024 17.1573 3.30362e-14
-2.44417 0.00295694 0.00757003 17.133 3.38148e-14
-2.44088 0.00298194 0.00763033 17.1087 3.46125e-14
-2.43759 0.00300714 0.00769114 17.0844 3.54297e-14
-2.4343 0.00303254 0.00775246 17.0601 3.62668e-14
-2.43101 0.00305814 0.0078143 17.0358 3.71244e-14
-2.42772 0.00308395 0.00787666 17.0115 3.8003e-14
-2.42444 0.00310997 0.00793955 16.9872 3.89032e-14
-2.42115 0.00313619 0.00800296 16.9629 3.98253e-14
-2.41786 0.00316262 0.00806692 16.9386 4.077e-14
-2.41457 0.00318926 0.00813141 16.9143 4.17379e-14
-2.41128 0.00321612 0.00819644 16.89 4.27294e-14
-2.40799 0.00324319 0.00826202 16.8656 4.37452e-14
-2.4047 0.00327048 0.00832816 16.8413 4.4786e-14
-2.40141 0.00329798 0.00839485 16.817 4.58522e-14
-2.39812 0.00332571 0.0084621 16.7927 4.69446e-14
-2.39483 0.00335366 0.00852991 16.7683 4.80637e-14
-2.39154 0.00338183 0.0085983 16.744 4.92103e-14
-2.38825 0.00341023 0.00866726 16.7197 5.0385e-14
-2.38496 0.00343885 0.0087368 16.6953 5.15885e-14
-2.38167 0.00346771 0.00880692 16.671 5.28215e-14
-2.37838 0.0034968 0.00887763 16.6466 5.40848e-14
-2.37509 0.00352612 0.00894893 16.6223 5.53791e-14
-2.3718 0.00355568 0.00902084 16.5979 5.67052e-14
-2.36851 0.00358547 0.00909334 16.5736 5.80638e-14
-2.36522 0.0036155 0.00916645 16.5492 5.94558e-14
-2.36193 0.00364578 0.00924018 16.5248 6.08819e-14
-2.35864 0.0036763 0.00931452 16.5005 6.23431e-14
-2.35535 0.00370706 0.00938948 16.4761 6.38402e-14
-2.35206 0.00373807 0.00946507 16.4517 6.53741e-14
-2.34877 0.00376933 0.00954129 16.4274 6.69456e-14
-2.34548 0.00380085 0.00961815 16.403 6.85558e-14
-2.3422 0.00383261 0.00969566 16.3786 7.02056e-14
-2.33891 0.00386464 0.00977381 16.3543 7.18959e-14
-2.33562 0.00389692 0.00985261 16.3299 7.36278e-14
-2.33233 0.00392946 0.00993207 16.3055 7.54023e-14
-2.32904 0.00396227 0.0100122 16.2811 7.72204e-14
-2.32575 0.00399533 0.010093 16.2567 7.90832e-14
-2.32246 0.00402867 0.0101745 16.2323 8.09919e-14
-2.31917 0.00406227 0.0102566 16.2079 8.29475e-14
-2.31588 0.00409615 0.0103394 16.1836 8.49513e-14
-2.31259 0.0041303 0.010423 16.1592 8.70043e-14
-2.3093 0.00416473 0.0105072 16.1348 8.91079e-14
-2.30601 0.00419943 0.0105921 16.1104 9.12633e-14
-2.30272 0.00423441 0.0106777 16.086 9.34718e-14
-2.29943 0.00426968 0.0107641 16.0616 9.57347e-14
-2.29614 0.00430523 0.0108511 16.0372 9.80532e-14
-2.29285 0.00434107 0.0109389 16.0128 1.00429e-13
-2.28956 0.0043772 0.0110274 15.9884 1.02863e-13
-2.28627 0.00441363 0.0111167 15.9639 1.05357e-13
-2.28298 0.00445034 0.0112067 15.9395 1.07913e-13
-2.27969 0.00448736 0.0112974 15.9151 1.10532e-13
-2.2764 0.00452467 0.0113889 15.8907 1.13215e-13
-2.27311 0.00456229 0.0114812 15.8663 1.15964e-13
-2.26982 0.00460021 0.0115742 15.8419 1.18781e-13
-2.26653 0.00463844 0.011668 15.8175 1.21668e-13
-2.26324 0.00467698 0.0117626 15.793 1.24625e-13
-2.25996 0.00471583 0.011858 15.7686 1.27656e-13
-2.25667 0.00475499 0.0119541 15.7442 1.30761e-13
-2.25338 0.00479448 0.0120511 15.7198 1.33943e-13
-2.25009 0.00483428 0.0121488 15.6953 1.37203e-13
-2.2468 0.00487441 0.0122474 15.6709 1.40544e-13
-2.24351 0.00491486 0.0123468 15.6465 1.43968e-13
-2.24022 0.00495564 0.012447 15.622 1.47475e-13
-2.23693 0.00499675 0.0125481 15.5976 1.5107e-13
-2.23364 0.0050382 0.01265 15.5732 1.54753e-13
-2.23035 0.00507998 0.0127527 15.5487 1.58526e-13
-2.22706 0.0051221 0.0128563 15.5243 1.62393e-13
-2.22377 0.00516457 0.0129607 15.4999 1.66356e-13
-2.22048 0.00520737 0.013066 15.4754 1.70416e-13
-2.21719 0.00525053 0.0131722 15.451 1.74577e-13
-2.2139 0.00529404 0.0132793 15.4265 1.7884e-13
-2.21061 0.0053379 0.0133872 15.4021 1.83209e-13
-2.20732 0.00538212 0.013496 15.3777 1.87685e-13
-2.20403 0.00542669 0.0136058 15.3532 1.92272e-13
-2.20074 0.00547163 0.0137164 15.3288 1.96972e-13
-2.19745 0.00551694 0.013828 15.3043 2.01789e-13
-2.19416 0.00556261 0.0139405 15.2799 2.06724e-13
-2.19087 0.00560866 0.0140539 15.2554 2.11781e-13
-2.18758 0.00565507 0.0141683 15.231 2.16964e-13
-2.18429 0.00570187 0.0142836 15.2065 2.22274e-13
-2.181 0.00574905 0.0143998 15.1821 2.27715e-13
-2.17772 0.00579661 0.0145171 15.1576 2.33291e-13
-2.17443 0.00584456 0.0146353 15.1332 2.39005e-13
-2.17114 0.0058929 0.0147544 15.1087 2.4486e-13
-2.16785 0.00594164 0.0148746 15.0842 2.5086e-13
-2.16456 0.00599077 0.0149957 15.0598 2.57008e-13
-2.16127 0.0060403 0.0151179 15.0353 2.63308e-13
-2.15798 0.00609023 0.015241 15.0109 2.69763e-13
-2.15469 0.00614057 0.0153652 14.9864 2.76379e-13
-2.1514 0.00619132 0.0154904 14.9619 2.83158e-13
-2.14811 0.00624249 0.0156167 14.9375 2.90104e-13
-2.14482 0.00629407 0.015744 14.913 2.97223e-13
-2.14153 0.00634607 0.0158723 14.8885 3.04517e-13
-2.13824 0.0063985 0.0160017 14.8641 3.11992e-13
-2.13495 0.00645135 0.0161322 14.8396 3.19651e-13
-2.13166 0.00650464 0.0162637 14.8151 3.275e-13
-2.12837 0.00655835 0.0163963 14.7907 3.35544e-13
-2.12508 0.00661251 0.0165301 14.7662 3.43786e-13
-2.12179 0.00666711 0.0166649 14.7417 3.52232e-13
-2.1185 0.00672215 0.0168008 14.7173 3.60887e-13
-2.11521 0.00677765 0.0169379 14.6928 3.69756e-13
-2.11192 0.00683359 0.0170761 14.6683 3.78845e-13
-2.10863 0.00689 0.0172154 14.6439 3.88158e-13
-2.10534 0.00694686 0.0173559 14.6194 3.97702e-13
-2.10205 0.00700418 0.0174975 14.5949 4.07482e-13
-2.09876 0.00706198 0.0176404 14.5704 4.17504e-13
-2.09548 0.00712025 0.0177844 14.546 4.27775e-13
-2.09219 0.00717899 0.0179295 14.5215 4.38299e-13
-2.0889 0.00723821 0.0180759 14.497 4.49084e-13
-2.08561 0.00729791 0.0182235 14.4725 4.60136e-13
-2.08232 0.00735811 0.0183723 14.448 4.71461e-13
-2.07903 0.00741879 0.0185223 14.4236 4.83067e-13
-2.07574 0.00747997 0.0186736 14.3991 4.9496e-13
-2.07245 0.00754165 0.0188261 14.3746 5.07147e-13
-2.06916 0.00760383 0.0189799 14.3501 5.19636e-13
-2.06587 0.00766652 0.0191349 14.3256 5.32435e-13
-2.06258 0.00772973 0.0192912 14.3012 5.4555e-13
-2.05929 0.00779344 0.0194489 14.2767 5.5899e-13
-2.056 0.00785768 0.0196078 14.2522 5.72763e-13
-2.05271 0.00792245 0.019768 14.2277 5.86877e-13
-2.04942 0.00798774 0.0199295 14.2032 6.0134e-13
-2.04613 0.00805357 0.0200924 14.1787 6.16161e-13
-2.04284 0.00811994 0.0202566 14.1543 6.3135e-13
-2.03955 0.00818685 0.0204222 14.1298 6.46915e-13
-2.03626 0.0082543 0.0205891 14.1053 6.62865e-13
-2.03297 0.00832231 0.0207574 14.0808 6.7921e-13
-2.02968 0.00839087 0.0209271 14.0563 6.9596e-13
-2.02639 0.00845999 0.0210982 14.0318 7.13125e-13
-2.0231 0.00852968 0.0212707 14.0073 7.30716e-13
-2.01981 0.00859994 0.0214446 13.9828 7.48742e-13
-2.01652 0.00867077 0.0216199 13.9583 7.67214e-13
-2.01324 0.00874218 0.0217967 13.9339 7.86144e-13
-2.00995 0.00881418 0.021975 13.9094 8.05543e-13
-2.00666 0.00888676 0.0221547 13.8849 8.25423e-13
-2.00337 0.00895994 0.0223359 13.8604 8.45795e-13
-2.00008 0.00903371 0.0225186 13.8359 8.66672e-13
-1.99679 0.00910809 0.0227028 13.8114 8.88066e-13
-1.9935 0.00918308 0.0228885 13.7869 9.09991e-13
-1.99021 0.00925868 0.0230757 13.7624 9.32458e-13
-1.98692 0.0093349 0.0232645 13.7379 9.55482e-13
-1.98363 0.00941175 0.0234548 13.7134 9.79077e-13
-1.98034 0.00948922 0.0236467 13.6889 1.00326e-12
-1.97705 0.00956732 0.0238402 13.6644 1.02804e-12
-1.97376 0.00964607 0.0240353 13.6399 1.05343e-12
-1.97047 0.00972546 0.024232 13.6154 1.07945e-12
-1.96718 0.0098055 0.0244303 13.5909 1.10612e-12
-1.96389 0.00988619 0.0246302 13.5664 1.13344e-12
-1.9606 0.00996755 0.0248318 13.542 1.16145e-12
-1.95731 0.0100496 0.025035 13.5175 1.19015e-12
-1.95402 0.0101323 0.0252399 13.493 1.21956e-12
-1.95073 0.0102156 0.0254465 13.4685 1.2497e-12
-1.94744 0.0102997 0.0256548 13.444 1.28059e-12
-1.94415 0.0103844 0.0258648 13.4195 1.31224e-12
-1.94086 0.0104699 0.0260765 13.395 1.34467e-12
-1.93757 0.010556 0.02629 13.3705 1.37792e-12
-1.93428 0.0106428 0.0265053 13.346 1.41198e-12
-1.931 0.0107304 0.0267223 13.3215 1.44689e-12
-1.92771 0.0108186 0.026941 13.297 1.48266e-12
-1.92442 0.0109076 0.0271616 13.2725 1.51932e-12
-1.92113 0.0109973 0.027384 13.248 1.55689e-12
-1.91784 0.0110878 0.0276083 13.2235 1.59539e-12
-1.91455 0.011179 0.0278343 13.199 1.63485e-12
-1.91126 0.0112709 0.0280623 13.1745 1.67528e-12
-1.90797 0.0113636 0.0282921 13.15 1.71672e-12
-1.90468 0.0114571 0.0285238 13.1255 1.75918e-12
-1.90139 0.0115513 0.0287574 13.1009 1.8027e-12
-1.8981 0.0116463 0.0289929 13.0764 1.8473e-12
-1.89481 0.011742 0.0292304 13.0519 1.893e-12
-1.89152 0.0118386 0.0294698 13.0274 1.93983e-12
-1.88823 0.0119359 0.0297112 13.0029 1.98783e-12
-1.88494 0.0120341 0.0299545 12.9784 2.03702e-12
-1.88165 0.012133 0.0301999 12.9539 2.08742e-12
-1.87836 0.0122327 0.0304473 12.9294 2.13908e-12
-1.87507 0.0123333 0.0306967 12.9049 2.19201e-12
-1.87178 0.0124347 0.0309482 12.8804 2.24626e-12
-1.86849 0.0125369 0.0312017 12.8559 2.30186e-12
-1.8652 0.01264 0.0314573 12.8314 2.35883e-12
-1.86191 0.0127439 0.0317151 12.8069 2.41722e-12
-1.85862 0.0128487 0.0319749 12.7824 2.47705e-12
-1.85533 0.0129543 0.0322369 12.7579 2.53837e-12
-1.85204 0.0130608 0.032501 12.7334 2.60121e-12
-1.84876 0.0131681 0.0327673 12.7089 2.66561e-12
-1.84547 0.0132763 0.0330358 12.6844 2.7316e-12
-1.84218 0.0133855 0.0333065 12.6599 2.79923e-12
-1.83889 0.0134955 0.0335794 12.6354 2.86854e-12
-1.8356 0.0136064 0.0338546 12.6108 2.93957e-12
-1.83231 0.0137182 0.034132 12.5863 3.01236e-12
-1.82902 0.0138309 0.0344117 12.5618 3.08695e-12
-1.82573 0.0139446 0.0346937 12.5373 3.1634e-12
-1.82244 0.0140592 0.0349781 12.5128 3.24174e-12
-1.81915 0.0141747 0.0352647 12.4883 3.32202e-12
-1.81586 0.0142912 0.0355537 12.4638 3.4043e-12
-1.81257 0.0144087 0.0358451 12.4393 3.48861e-12
-1.80928 0.0145271 0.0361389 12.4148 3.57502e-12
-1.80599 0.0146464 0.0364351 12.3903 3.66357e-12
-1.8027 0.0147668 0.0367337 12.3658 3.75432e-12
-1.79941 0.0148881 0.0370348 12.3413 3.84731e-12
-1.79612 0.0150104 0.0373384 12.3167 3.94262e-12
-1.79283 0.0151338 0.0376445 12.2922 4.04029e-12
-1.78954 0.0152581 0.037953 12.2677 4.14038e-12
-1.78625 0.0153835 0.0382641 12.2432 4.24295e-12
-1.78296 0.0155099 0.0385778 12.2187 4.34807e-12
-1.77967 0.0156373 0.038894 12.1942 4.4558e-12
-1.77638 0.0157658 0.0392129 12.1697 4.5662e-12
-1.77309 0.0158953 0.0395343 12.1452 4.67934e-12
-1.7698 0.0160259 0.0398584 12.1207 4.79528e-12
-1.76652 0.0161575 0.0401852 12.0962 4.9141e-12
-1.76323 0.0162903 0.0405146 12.0716 5.03587e-12
-1.75994 0.0164241 0.0408468 12.0471 5.16066e-12
-1.75665 0.016559 0.0411816 12.0226 5.28855e-12
-1.75336 0.016695 0.0415193 11.9981 5.4196e-12
-1.75007 0.0168322 0.0418597 11.9736 5.55391e-12
-1.74678 0.0169704 0.0422029 11.9491 5.69155e-12
-1.74349 0.0171098 0.0425489 11.9246 5.83261e-12
-1.7402 0.0172504 0.0428977 11.9001 5.97717e-12
-1.73691 0.0173921 0.0432495 11.8756 6.12531e-12
-1.73362 0.0175349 0.0436041 11.851 6.27713e-12
-1.73033 0.0176789 0.0439616 11.8265 6.43271e-12
-1.72704 0.0178242 0.0443221 11.802 6.59215e-12
-1.72375 0.0179706 0.0446855 11.7775 6.75555e-12
-1.72046 0.0181182 0.0450519 11.753 6.92301e-12
-1.71717 0.018267 0.0454213 11.7285 7.09462e-12
-1.71388 0.018417 0.0457938 11.704 7.27048e-12
-1.71059 0.0185682 0.0461693 11.6795 7.45071e-12
-1.7073 0.0187207 0.0465479 11.6549 7.63541e-12
-1.70401 0.0188745 0.0469296 11.6304 7.8247e-12
-1.70072 0.0190295 0.0473144 11.6059 8.01868e-12
-1.69743 0.0191858 0.0477024 11.5814 8.21747e-12
-1.69414 0.0193434 0.0480936 11.5569 8.4212e-12
-1.69085 0.0195022 0.048488 11.5324 8.62998e-12
-1.68756 0.0196624 0.0488857 11.5079 8.84394e-12
-1.68428 0.0198238 0.0492866 11.4833 9.06321e-12
-1.68099 0.0199866 0.0496908 11.4588 9.28793e-12
-1.6777 0.0201508 0.0500983 11.4343 9.51821e-12
-1.67441 0.0203163 0.0505092 11.4098 9.75421e-12
-1.67112 0.0204831 0.0509234 11.3853 9.99607e-12
-1.66783 0.0206513 0.051341 11.3608 1.02439e-11
-1.66454 0.0208209 0.0517621 11.3363 1.04979e-11
-1.66125 0.0209919 0.0521866 11.3117 1.07582e-11
-1.65796 0.0211642 0.0526146 11.2872 1.1025e-11
-1.65467 0.021338 0.0530462 11.2627 1.12984e-11
-1.65138 0.0215132 0.0534812 11.2382 1.15786e-11
-1.64809 0.0216899 0.0539199 11.2137 1.18657e-11
-1.6448 0.021868 0.0543621 11.1892 1.216e-11
-1.64151 0.0220475 0.054808 11.1647 1.24615e-11
-1.63822 0.0222286 0.0552575 11.1401 1.27706e-11
-1.63493 0.0224111 0.0557108 11.1156 1.30873e-11
-1.63164 0.0225951 0.0561677 11.0911 1.34118e-11
-1.62835 0.0227806 0.0566284 11.0666 1.37444e-11
-1.62506 0.0229677 0.0570929 11.0421 1.40853e-11
-1.62177 0.0231563 0.0575612 11.0176 1.44346e-11
-1.61848 0.0233464 0.0580333 10.9931 1.47926e-11
-1.61519 0.0235381 0.0585094 10.9685 1.51595e-11
-1.6119 0.0237314 0.0589893 10.944 1.55355e-11
-1.60861 0.0239262 0.0594732 10.9195 1.59208e-11
-1.60532 0.0241226 0.059961 10.895 1.63157e-11
-1.60204 0.0243207 0.0604528 10.8705 1.67204e-11
-1.59875 0.0245204 0.0609487 10.846 1.71351e-11
-1.59546 0.0247217 0.0614487 10.8214 1.75601e-11
-1.59217 0.0249247 0.0619527 10.7969 1.79957e-11
-1.58888 0.0251293 0.0624609 10.7724 1.84421e-11
-1.58559 0.0253356 0.0629733 10.7479 1.88995e-11
-1.5823 0.0255436 0.0634899 10.7234 1.93683e-11
-1.57901 0.0257533 0.0640107 10.6989 1.98487e-11
-1.57572 0.0259648 0.0645358 10.6744 2.03411e-11
-1.57243 0.0261779 0.0650652 10.6498 2.08457e-11
-1.56914 0.0263928 0.065599 10.6253 2.13628e-11
-1.56585 0.0266095 0.0661371 10.6008 2.18927e-11
-1.56256 0.026828 0.0666797 10.5763 2.24358e-11
-1.55927 0.0270482 0.0672267 10.5518 2.29923e-11
-1.55598 0.0272703 0.0677782 10.5273 2.35627e-11
-1.55269 0.0274942 0.0683342 10.5027 2.41472e-11
-1.5494 0.0277199 0.0688948 10.4782 2.47463e-11
-1.54611 0.0279474 0.06946 10.4537 2.53602e-11
-1.54282 0.0281769 0.0700298 10.4292 2.59893e-11
-1.53953 0.0284082 0.0706043 10.4047 2.6634e-11
-1.53624 0.0286414 0.0711835 10.3802 2.72948e-11
-1.53295 0.0288765 0.0717675 10.3556 2.79719e-11
-1.52966 0.0291136 0.0723563 10.3311 2.86659e-11
-1.52637 0.0293526 0.0729499 10.3066 2.9377e-11
-1.52308 0.0295935 0.0735484 10.2821 3.01059e-11
-1.5198 0.0298365 0.0741518 10.2576 3.08528e-11
-1.51651 0.0300814 0.0747601 10.2331 3.16182e-11
-1.51322 0.0303283 0.0753735 10.2085 3.24027e-11
-1.50993 0.0305773 0.0759918 10.184 3.32066e-11
-1.50664 0.0308283 0.0766153 10.1595 3.40305e-11
-1.50335 0.0310814 0.0772439 10.135 3.48748e-11
-1.50006 0.0313365 0.0778776 10.1105 3.574e-11
-1.49677 0.0315937 0.0785165 10.086 3.66268e-11
-1.49348 0.0318531 0.0791607 10.0614 3.75355e-11
-1.49019 0.0321146 0.0798102 10.0369 3.84668e-11
-1.4869 0.0323782 0.080465 10.0124 3.94212e-11
-1.48361 0.032644 0.0811251 9.98789 4.03993e-11
-1.48032 0.0329119 0.0817907 9.96337 4.14017e-11
-1.47703 0.0331821 0.0824618 9.93885 4.2429e-11
-1.47374 0.0334545 0.0831383 9.91434 4.34817e-11
-1.47045 0.0337291 0.0838205 9.88982 4.45606e-11
-1.46716 0.0340059 0.0845082 9.8653 4.56663e-11
-1.46387 0.0342851 0.0852015 9.84079 4.67994e-11
-1.46058 0.0345665 0.0859006 9.81627 4.79606e-11
-1.45729 0.0348502 0.0866054 9.79175 4.91506e-11
-1.454 0.0351363 0.087316 9.76723 5.03702e-11
-1.45071 0.0354247 0.0880324 9.74272 5.16201e-11
-1.44742 0.0357155 0.0887547 9.7182 5.29009e-11
-1.44413 0.0360087 0.0894829 9.69368 5.42136e-11
-1.44084 0.0363042 0.0902171 9.66916 5.55588e-11
-1.43756 0.0366022 0.0909573 9.64465 5.69375e-11
-1.43427 0.0369027 0.0917036 9.62013 5.83503e-11
-1.43098 0.0372056 0.092456 9.59561 5.97982e-11
-1.42769 0.037511 0.0932146 9.57109 6.1282e-11
-1.4244 0.0378189 0.0939794 9.54658 6.28027e-11
-1.42111 0.0381293 0.0947505 9.52206 6.43611e-11
-1.41782 0.0384422 0.095528 9.49754 6.59582e-11
-1.41453 0.0387578 0.0963118 9.47302 6.7595e-11
-1.41124 0.0390759 0.097102 9.4485 6.92723e-11
-1.40795 0.0393966 0.0978988 9.42399 7.09913e-11
-1.40466 0.03972 0.098702 9.39947 7.2753e-11
-1.40137 0.040046 0.0995119 9.37495 7.45583e-11
-1.39808 0.0403747 0.100328 9.35043 7.64085e-11
-1.39479 0.0407061 0.101152 9.32592 7.83046e-11
-1.3915 0.0410402 0.101982 9.3014 8.02478e-11
-1.38821 0.0413771 0.102818 9.27688 8.22392e-11
-1.38492 0.0417167 0.103662 9.25236 8.428e-11
-1.38163 0.0420591 0.104513 9.22784 8.63715e-11
-1.37834 0.0424043 0.10537 9.20333 8.85149e-11
-1.37505 0.0427524 0.106235 9.17881 9.07115e-11
-1.37176 0.0431033 0.107106 9.15429 9.29626e-11
-1.36847 0.043457 0.107985 9.12977 9.52696e-11
-1.36518 0.0438137 0.108871 9.10525 9.76338e-11
-1.36189 0.0441733 0.109765 9.08074 1.00057e-10
-1.3586 0.0445359 0.110665 9.05622 1.0254e-10
-1.35532 0.0449014 0.111573 9.0317 1.05085e-10
-1.35203 0.04527 0.112489 9.00718 1.07692e-10
-1.34874 0.0456415 0.113412 8.98266 1.10365e-10
-1.34545 0.0460161 0.114343 8.95814 1.13104e-10
-1.34216 0.0463938 0.115281 8.93363 1.15911e-10
-1.33887 0.0467746 0.116227 8.90911 1.18787e-10
-1.33558 0.0471585 0.11718 8.88459 1.21735e-10
-1.33229 0.0475456 0.118142 8.86007 1.24756e-10
-1.329 0.0479358 0.119111 8.83555 1.27853e-10
-1.32571 0.0483292 0.120089 8.81104 1.31026e-10
-1.32242 0.0487259 0.121074 8.78652 1.34277e-10
-1.31913 0.0491258 0.122068 8.762 1.3761e-10
-1.31584 0.049529 0.123069 8.73748 1.41025e-10
-1.31255 0.0499355 0.124079 8.71296 1.44525e-10
-1.30926 0.0503454 0.125097 8.68844 1.48112e-10
-1.30597 0.0507586 0.126124 8.66393 1.51787e-10
-1.30268 0.0511752 0.127159 8.63941 1.55554e-10
-1.29939 0.0515952 0.128202 8.61489 1.59415e-10
-1.2961 0.0520186 0.129254 8.59037 1.63371e-10
-1.29281 0.0524456 0.130315 8.56585 1.67426e-10
-1.28952 0.052876 0.131384 8.54133 1.71581e-10
-1.28623 0.05331 0.132462 8.51681 1.75839e-10
-1.28294 0.0537475 0.133549 8.4923 1.80204e-10
-1.27965 0.0541887 0.134645 8.46778 1.84676e-10
-1.27636 0.0546334 0.13575 8.44326 1.89259e-10
-1.27308 0.0550818 0.136864 8.41874 1.93956e-10
-1.26979 0.0555339 0.137987 8.39422 1.9877e-10
-1.2665 0.0559896 0.139119 8.3697 2.03703e-10
-1.26321 0.0564492 0.140261 8.34519 2.08759e-10
-1.25992 0.0569125 0.141412 8.32067 2.1394e-10
-1.25663 0.0573796 0.142572 8.29615 2.1925e-10
-1.25334 0.0578505 0.143742 8.27163 2.24691e-10
-1.25005 0.0583253 0.144922 8.24711 2.30268e-10
-1.24676 0.058804 0.146111 8.22259 2.35983e-10
-1.24347 0.0592866 0.14731 8.19807 2.4184e-10
-1.24018 0.0597732 0.148519 8.17355 2.47842e-10
-1.23689 0.0602637 0.149738 8.14904 2.53993e-10
-1.2336 0.0607583 0.150966 8.12452 2.60297e-10
-1.23031 0.061257 0.152205 8.1 2.66758e-10
-1.22702 0.0617597 0.153454 8.07548 2.73378e-10
-1.22373 0.0622666 0.154713 8.05096 2.80163e-10
-1.22044 0.0627776 0.155983 8.02644 2.87117e-10
-1.21715 0.0632928 0.157263 8.00192 2.94243e-10
-1.21386 0.0638123 0.158553 7.97741 3.01546e-10
-1.21057 0.064336 0.159855 7.95289 3.0903e-10
-1.20728 0.064864 0.161166 7.92837 3.167e-10
-1.20399 0.0653964 0.162489 7.90385 3.2456e-10
-1.2007 0.0659331 0.163822 7.87933 3.32616e-10
-1.19741 0.0664742 0.165167 7.85481 3.40871e-10
-1.19412 0.0670198 0.166522 7.83029 3.49332e-10
-1.19084 0.0675698 0.167888 7.80577 3.58002e-10
-1.18755 0.0681243 0.169266 7.78126 3.66887e-10
-1.18426 0.0686834 0.170655 7.75674 3.75993e-10
-1.18097 0.0692471 0.172056 7.73222 3.85326e-10
-1.17768 0.0698154 0.173467 7.7077 3.94889e-10
-1.17439 0.0703884 0.174891 7.68318 4.0469e-10
-1.1711 0.0709661 0.176326 7.65866 4.14735e-10
-1.16781 0.0715485 0.177773 7.63414 4.25029e-10
-1.16452 0.0721357 0.179232 7.60962 4.35578e-10
-1.16123 0.0727277 0.180703 7.58511 4.46389e-10
-1.15794 0.0733246 0.182186 7.56059 4.57468e-10
-1.15465 0.0739264 0.183681 7.53607 4.68823e-10
-1.15136 0.0745331 0.185188 7.51155 4.80459e-10
-1.14807 0.0751448 0.186708 7.48703 4.92384e-10
-1.14478 0.0757615 0.18824 7.46251 5.04605e-10
-1.14149 0.0763833 0.189784 7.43799 5.1713e-10
-1.1382 0.0770101 0.191342 7.41347 5.29965e-10
-1.13491 0.0776422 0.192912 7.38895 5.43119e-10
-1.13162 0.0782794 0.194495 7.36444 5.56599e-10
-1.12833 0.0789218 0.196091 7.33992 5.70414e-10
-1.12504 0.0795695 0.1977 7.3154 5.84572e-10
-1.12175 0.0802225 0.199323 7.29088 5.99082e-10
-1.11846 0.0808809 0.200958 7.26636 6.13951e-10
-1.11517 0.0815447 0.202608 7.24184 6.2919e-10
-1.11188 0.0822139 0.20427 7.21732 6.44807e-10
-1.1086 0.0828886 0.205946 7.1928 6.60811e-10
-1.10531 0.0835689 0.207636 7.16828 6.77213e-10
-1.10202 0.0842547 0.20934 7.14377 6.94022e-10
-1.09873 0.0849462 0.211058 7.11925 7.11248e-10
-1.09544 0.0856433 0.21279 7.09473 7.28901e-10
-1.09215 0.0863462 0.214536 7.07021 7.46993e-10
-1.08886 0.0870548 0.216297 7.04569 7.65534e-10
-1.08557 0.0877693 0.218072 7.02117 7.84535e-10
-1.08228 0.0884896 0.219862 6.99665 8.04008e-10
-1.07899 0.0892158 0.221666 6.97213 8.23964e-10
-1.0757 0.089948 0.223485 6.94761 8.44415e-10
-1.07241 0.0906862 0.225319 6.9231 8.65374e-10
-1.06912 0.0914304 0.227168 6.89858 8.86853e-10
-1.06583 0.0921808 0.229032 6.87406 9.08866e-10
-1.06254 0.0929373 0.230912 6.84954 9.31425e-10
-1.05925 0.0937 0.232806 6.82502 9.54543e-10
-1.05596 0.094469 0.234717 6.8005 9.78236e-10
-1.05267 0.0952443 0.236643 6.77598 1.00252e-09
-1.04938 0.0960259 0.238585 6.75146 1.0274e-09
-1.04609 0.096814 0.240543 6.72694 1.0529e-09
-1.0428 0.0976085 0.242517 6.70242 1.07903e-09
-1.03951 0.0984096 0.244507 6.67791 1.10582e-09
-1.03622 0.0992172 0.246514 6.65339 1.13326e-09
-1.03293 0.100031 0.248537 6.62887 1.16139e-09
-1.02964 0.100852 0.250576 6.60435 1.19022e-09
-1.02636 0.10168 0.252632 6.57983 1.21976e-09
-1.02307 0.102515 0.254706 6.55531 1.25004e-09
-1.01978 0.103356 0.256796 6.53079 1.28106e-09
-1.01649 0.104204 0.258903 6.50627 1.31286e-09
-1.0132 0.105059 0.261028 6.48175 1.34545e-09
-1.00991 0.105921 0.26317 6.45723 1.37884e-09
-1.00662 0.106791 0.265329 6.43271 1.41307e-09
-1.00333 0.107667 0.267507 6.4082 1.44814e-09
-1.00004 0.108551 0.269702 6.38368 1.48409e-09
-0.996749 0.109442 0.271915 6.35916 1.52092e-09
-0.993459 0.11034 0.274147 6.33464 1.55867e-09
-0.99017 0.111245 0.276396 6.31012 1.59736e-09
-0.98688 0.112158 0.278665 6.2856 1.63701e-09
-0.98359 0.113079 0.280951 6.26108 1.67764e-09
-0.980301 0.114007 0.283257 6.23656 1.71928e-09
-0.977011 0.114942 0.285581 6.21204 1.76195e-09
-0.973722 0.115886 0.287925 6.18752 1.80569e-09
-0.970432 0.116837 0.290288 6.163 1.85051e-09
-0.967142 0.117795 0.29267 6.13849 1.89644e-09
-0.963853 0.118762 0.295072 6.11397 1.94351e-09
-0.960563 0.119737 0.297493 6.08945 1.99175e-09
-0.957274 0.120719 0.299934 6.06493 2.04118e-09
-0.953984 0.12171 0.302396 6.04041 2.09185e-09
-0.950694 0.122709 0.304877 6.01589 2.14377e-09
-0.947405 0.123716 0.307379 5.99137 2.19698e-09
-0.944115 0.124731 0.309901 5.96685 2.25151e-09
-0.940826 0.125755 0.312444 5.94233 2.30739e-09
-0.937536 0.126787 0.315008 5.91781 2.36466e-09
-0.934246 0.127827 0.317593 5.89329 2.42335e-09
-0.930957 0.128876 0.3202 5.86877 2.4835e-09
-0.927667 0.129934 0.322827 5.84425 2.54514e-09
-0.924378 0.131 0.325476 5.81974 2.60831e-09
-0.921088 0.132076 0.328147 5.79522 2.67305e-09
-0.917798 0.133159 0.33084 5.7707 2.7394e-09
-0.914509 0.134252 0.333555 5.74618 2.80739e-09
-0.911219 0.135354 0.336292 5.72166 2.87707e-09
-0.90793 0.136465 0.339052 5.69714 2.94848e-09
-0.90464 0.137585 0.341834 5.67262 3.02166e-09
-0.90135 0.138714 0.344639 5.6481 3.09665e-09
-0.898061 0.139852 0.347467 5.62358 3.17351e-09
-0.894771 0.141 0.350318 5.59906 3.25228e-09
-0.891482 0.142157 0.353193 5.57454 3.333e-09
-0.888192 0.143324 0.356091 5.55002 3.41572e-09
-0.884902 0.1445 0.359013 5.5255 3.50049e-09
-0.881613 0.145686 0.361959 5.50098 3.58737e-09
-0.878323 0.146881 0.364929 5.47646 3.67641e-09
-0.875034 0.148087 0.367924 5.45195 3.76765e-09
-0.871744 0.149302 0.370943 5.42743 3.86116e-09
-0.868454 0.150527 0.373987 5.40291 3.95699e-09
-0.865165 0.151762 0.377055 5.37839 4.05519e-09
-0.861875 0.153008 0.380149 5.35387 4.15584e-09
-0.858586 0.154264 0.383269 5.32935 4.25898e-09
-0.855296 0.15553 0.386414 5.30483 4.36467e-09
-0.852006 0.156806 0.389584 5.28031 4.47299e-09
-0.848717 0.158093 0.392781 5.25579 4.584e-09
-0.845427 0.15939 0.396004 5.23127 4.69776e-09
-0.842138 0.160698 0.399253 5.20675 4.81435e-09
-0.838848 0.162017 0.402529 5.18223 4.93383e-09
-0.835558 0.163347 0.405832 5.15771 5.05627e-09
-0.832269 0.164687 0.409162 5.13319 5.18174e-09
-0.828979 0.166038 0.412519 5.10867 5.31033e-09
-0.82569 0.167401 0.415904 5.08415 5.44211e-09
-0.8224 0.168775 0.419316 5.05963 5.57716e-09
-0.81911 0.17016 0.422756 5.03511 5.71556e-09
-0.815821 0.171556 0.426225 5.01059 5.85739e-09
-0.812531 0.172964 0.429722 4.98607 6.00273e-09
-0.809242 0.174384 0.433248 4.96155 6.15169e-09
-0.805952 0.175815 0.436802 4.93703 6.30433e-09
-0.802662 0.177257 0.440386 4.91251 6.46076e-09
-0.799373 0.178712 0.443999 4.88799 6.62107e-09
-0.796083 0.180179 0.447641 4.86347 6.78535e-09
-0.792794 0.181657 0.451314 4.83895 6.95371e-09
-0.789504 0.183148 0.455016 4.81443 7.12624e-09
-0.786214 0.184651 0.458749 4.78991 7.30305e-09
-0.782925 0.186166 0.462512 4.76539 7.48424e-09
-0.779635 0.187694 0.466306 4.74087 7.66992e-09
-0.776346 0.189234 0.470132 4.71635 7.8602e-09
-0.773056 0.190787 0.473988 4.69183 8.0552e-09
-0.769766 0.192353 0.477876 4.66731 8.25503e-09
-0.766477 0.193931 0.481796 4.64279 8.45981e-09
-0.763187 0.195522 0.485748 4.61826 8.66967e-09
-0.759898 0.197127 0.489732 4.59374 8.88472e-09
-0.756608 0.198745 0.493749 4.56922 9.1051e-09
-0.753318 0.200375 0.497799 4.5447 9.33094e-09
-0.750029 0.20202 0.501881 4.52018 9.56238e-09
-0.746739 0.203677 0.505997 4.49566 9.79954e-09
-0.74345 0.205349 0.510147 4.47114 1.00426e-08
-0.74016 0.207034 0.514331 4.44662 1.02916e-08
-0.73687 0.208733 0.518549 4.42209 1.05468e-08
-0.733581 0.210445 0.522801 4.39757 1.08084e-08
-0.730291 0.212172 0.527088 4.37305 1.10764e-08
-0.727002 0.213913 0.53141 4.34853 1.1351e-08
-0.723712 0.215669 0.535767 4.32401 1.16325e-08
-0.720422 0.217438 0.54016 4.29948 1.19209e-08
-0.717133 0.219222 0.544588 4.27496 1.22164e-08
-0.713843 0.221021 0.549053 4.25044 1.25192e-08
-0.710554 0.222835 0.553554 4.22592 1.28295e-08
-0.707264 0.224663 0.558091 4.20139 1.31475e-08
-0.703974 0.226507 0.562666 4.17687 1.34734e-08
-0.700685 0.228365 0.567277 4.15235 1.38073e-08
-0.697395 0.230239 0.571927 4.12782 1.41494e-08
-0.694106 0.232128 0.576614 4.1033 1.45e-08
-0.690816 0.234033 0.581339 4.07877 1.48592e-08
-0.687526 0.235953 0.586102 4.05425 1.52273e-08
-0.684237 0.237889 0.590905 4.02972 1.56045e-08
-0.680947 0.239841 0.595746 4.0052 1.5991e-08
-0.677658 0.241808 0.600626 3.98067 1.63871e-08
-0.674368 0.243792 0.605546 3.95615 1.67928e-08
-0.671078 0.245792 0.610506 3.93162 1.72086e-08
-0.667789 0.247809 0.615506 3.9071 1.76347e-08
-0.664499 0.249842 0.620546 3.88257 1.80712e-08
-0.66121 0.251892 0.625627 3.85804 1.85184e-08
-0.65792 0.253958 0.630749 3.83351 1.89767e-08
-0.65463 0.256042 0.635913 3.80899 1.94462e-08
-0.651341 0.258142 0.641118 3.78446 1.99273e-08
-0.648051 0.26026 0.646365 3.75993 2.04202e-08
-0.644762 0.262395 0.651654 3.7354 2.09252e-08
-0.641472 0.264547 0.656985 3.71087 2.14425e-08
-0.638182 0.266717 0.66236 3.68634 2.19726e-08
-0.634893 0.268905 0.667778 3.66181 2.25157e-08
-0.631603 0.271111 0.673238 3.63728 2.3072e-08
-0.628314 0.273334 0.678743 3.61275 2.3642e-08
-0.625024 0.275576 0.684292 3.58821 2.42259e-08
-0.621734 0.277836 0.689885 3.56368 2.48241e-08
-0.618445 0.280115 0.695522 3.53915 2.54369e-08
-0.615155 0.282412 0.701204 3.51461 2.60646e-08
-0.611866 0.284729 0.706932 3.49008 2.67077e-08
-0.608576 0.287064 0.712705 3.46554 2.73664e-08
-0.605286 0.289418 0.718523 3.441 2.80411e-08
-0.601997 0.291791 0.724388 3.41646 2.87323e-08
-0.598707 0.294184 0.730298 3.39193 2.94402e-08
-0.595418 0.296596 0.736256 3.36739 3.01653e-08
-0.592128 0.299028 0.74226 3.34284 3.0908e-08
-0.588838 0.301479 0.748311 3.3183 3.16686e-08
-0.585549 0.303951 0.754409 3.29376 3.24477e-08
-0.582259 0.306443 0.760555 3.26921 3.32455e-08
-0.57897 0.308955 0.766749 3.24467 3.40625e-08
-0.57568 0.311487 0.77299 3.22012 3.48993e-08
-0.57239 0.314041 0.77928 3.19557 3.57561e-08
-0.569101 0.316614 0.785619 3.17102 3.66335e-08
-0.565811 0.319209 0.792006 3.14647 3.75318e-08
-0.562522 0.321825 0.798442 3.12192 3.84517e-08
-0.559232 0.324463 0.804927 3.09736 3.93935e-08
-0.555942 0.327121 0.811461 3.07281 4.03577e-08
-0.552653 0.329801 0.818045 3.04825 4.13448e-08
-0.549363 0.332503 0.824678 3.02369 4.23553e-08
-0.546074 0.335227 0.831361 2.99913 4.33897e-08
-0.542784 0.337973 0.838094 2.97456 4.44485e-08
-0.539494 0.340741 0.844876 2.94999 4.55323e-08
-0.536205 0.343532 0.851709 2.92542 4.66414e-08
-0.532915 0.346345 0.858592 2.90085 4.77765e-08
-0.529626 0.349181 0.865526 2.87628 4.8938e-08
-0.526336 0.352039 0.872509 2.8517 5.01265e-08
-0.523046 0.354921 0.879543 2.82712 5.13426e-08
-0.519757 0.357826 0.886628 2.80254 5.25867e-08
-0.516467 0.360754 0.893762 2.77795 5.38595e-08
-0.513178 0.363706 0.900947 2.75336 5.51614e-08
-0.509888 0.366682 0.908182 2.72877 5.64929e-08
-0.506598 0.369681 0.915467 2.70417 5.78548e-08
-0.503309 0.372705 0.922801 2.67957 5.92473e-08
-0.500019 0.375753 0.930186 2.65497 6.06712e-08
-0.49673 0.378825 0.93762 2.63036 6.2127e-08
-0.49344 0.381922 0.945104 2.60575 6.36151e-08
-0.49015 0.385043 0.952636 2.58113 6.51362e-08
-0.486861 0.388189 0.960218 2.55651 6.66906e-08
-0.483571 0.391361 0.967847 2.53188 6.82791e-08
-0.480282 0.394557 0.975525 2.50725 6.99019e-08
-0.476992 0.397779 0.98325 2.48261 7.15598e-08
-0.473702 0.401026 0.991022 2.45797 7.3253e-08
-0.470413 0.404299 0.99884 2.43332 7.49822e-08
-0.467123 0.407598 1.0067 2.40866 7.67477e-08
-0.463834 0.410922 1.01461 2.384 7.85499e-08
-0.460544 0.414273 1.02257 2.35933 8.03893e-08
-0.457254 0.41765 1.03056 2.33465 8.22663e-08
-0.453965 0.421053 1.0386 2.30996 8.41812e-08
-0.450675 0.424483 1.04669 2.28527 8.61343e-08
-0.447386 0.42794 1.05481 2.26057 8.81259e-08
-0.444096 0.431423 1.06297 2.23586 9.01563e-08
-0.440806 0.434933 1.07117 2.21114 9.22256e-08
-0.437517 0.438471 1.0794 2.18641 9.43342e-08
-0.434227 0.442035 1.08767 2.16167 9.64819e-08
-0.430938 0.445627 1.09598 2.13692 9.86691e-08
-0.427648 0.449246 1.10432 2.11216 1.00896e-07
-0.424358 0.452892 1.11268 2.08739 1.03161e-07
-0.421069 0.456566 1.12108 2.06261 1.05466e-07
-0.417779 0.460268 1.1295 2.03781 1.0781e-07
-0.41449 0.463998 1.13795 2.01301 1.10193e-07
-0.4112 0.467755 1.14641 1.98818 1.12614e-07
-0.40791 0.47154 1.1549 1.96335 1.15073e-07
-0.404621 0.475353 1.1634 1.9385 1.17569e-07
-0.401331 0.479194 1.17192 1.91363 1.20102e-07
-0.398042 0.483064 1.18045 1.88875 1.22672e-07
-0.394752 0.486961 1.18898 1.86386 1.25276e-07
-0.391462 0.490886 1.19752 1.83894 1.27915e-07
-0.388173 0.494839 1.20606 1.81401 1.30587e-07
-0.384883 0.498821 1.21459 1.78906 1.33291e-07
-0.381594 0.50283 1.22312 1.76409 1.36025e-07
-0.378304 0.506868 1.23163 1.7391 1.38789e-07
-0.375014 0.510934 1.24012 1.7141 1.4158e-07
-0.371725 0.515027 1.2486 1.68907 1.44397e-07
-0.368435 0.519148 1.25705 1.66402 1.47237e-07
-0.365146 0.523297 1.26546 1.63894 1.50099e-07
-0.361856 0.527474 1.27384 1.61385 1.5298e-07
-0.358566 0.531678 1.28217 1.58873 1.55879e-07
-0.355277 0.53591 1.29045 1.56359 1.58791e-07
-0.351987 0.540168 1.29867 1.53842 1.61714e-07
-0.348698 0.544454 1.30682 1.51323 1.64646e-07
-0.345408 0.548766 1.31491 1.48801 1.67583e-07
-0.342118 0.553105 1.32291 1.46276 1.70521e-07
-0.338829 0.55747 1.33083 1.43749 1.73458e-07
-0.335539 0.56186 1.33865 1.41219 1.76388e-07
-0.33225 0.566277 1.34636 1.38687 1.79309e-07
-0.32896 0.570718 1.35395 1.36151 1.82216e-07
-0.32567 0.575184 1.36143 1.33613 1.85104e-07
-0.322381 0.579675 1.36876 1.31072 1.87969e-07
-0.319091 0.58419 1.37595 1.28529 1.90807e-07
-0.315802 0.588728 1.38299 1.25982 1.93613e-07
-0.312512 0.593288 1.38985 1.23433 1.96381e-07
-0.309222 0.597872 1.39654 1.20882 1.99106e-07
-0.305933 0.602476 1.40303 1.18328 2.01783e-07
-0.302643 0.607102 1.40932 1.15772 2.04408e-07
-0.299354 0.611748 1.4154 1.13213 2.06974e-07
-0.296064 0.616414 1.42124 1.10652 2.09476e-07
-0.292774 0.621099 1.42684 1.08089 2.11908e-07
-0.289485 0.625801 1.43219 1.05525 2.14266e-07
-0.286195 0.630521 1.43727 1.02959 2.16543e-07
-0.282906 0.635257 1.44207 1.00392 2.18735e-07
-0.279616 0.640008 1.44657 0.978249 2.20836e-07
-0.276326 0.644774 1.45077 0.952568 2.22841e-07
-0.273037 0.649553 1.45464 0.926889 2.24745e-07
-0.269747 0.654344 1.45819 0.901214 2.26544e-07
-0.266458 0.659146 1.46138 0.87555 2.28233e-07
-0.263168 0.663958 1.46422 0.849903 2.29808e-07
-0.259878 0.668779 1.4667 0.824277 2.31265e-07
-0.256589 0.673608 1.46879 0.798681 2.32601e-07
-0.253299 0.678442 1.4705 0.773121 2.33813e-07
-0.25001 0.683282 1.47181 0.747606 2.34898e-07
-0.24672 0.688125 1.47272 0.722143 2.35854e-07
-0.24343 0.692971 1.47322 0.696742 2.36679e-07
-0.240141 0.697817 1.47331 0.671412 2.37373e-07
-0.236851 0.702664 1.47298 0.646161 2.37934e-07
-0.233562 0.707508 1.47223 0.621002 2.38363e-07
-0.230272 0.712349 1.47106 0.595942 2.3866e-07
-0.226982 0.717186 1.46947 0.570994 2.38827e-07
-0.223693 0.722017 1.46747 0.546168 2.38864e-07
-0.220403 0.72684 1.46506 0.521475 2.38774e-07
-0.217114 0.731655 1.46224 0.496926 2.38559e-07
-0.213824 0.73646 1.45903 0.472531 2.38223e-07
-0.210534 0.741254 1.45542 0.448301 2.37769e-07
-0.207245 0.746035 1.45144 0.424247 2.372e-07
-0.203955 0.750803 1.4471 0.400379 2.36522e-07
-0.200666 0.755556 1.4424 0.376706 2.35738e-07
-0.197376 0.760292 1.43737 0.353239 2.34855e-07
-0.194086 0.765012 1.43201 0.329986 2.33875e-07
-0.190797 0.769714 1.42635 0.306954 2.32806e-07
-0.187507 0.774396 1.4204 0.284153 2.31652e-07
-0.184218 0.779058 1.41418 0.261589 2.30419e-07
-0.180928 0.7837 1.4077 0.239268 2.29113e-07
-0.177638 0.78832 1.40099 0.217195 2.27738e-07
-0.174349 0.792917 1.39406 0.195377 2.26301e-07
-0.171059 0.797491 1.38693 0.173817 2.24807e-07
-0.16777 0.802042 1.37962 0.152518 2.2326e-07
-0.16448 0.806568 1.37214 0.131483 2.21667e-07
-0.16119 0.811069 1.36452 0.110715 2.20032e-07
-0.157901 0.815545 1.35676 0.0902144 2.1836e-07
-0.154611 0.819995 1.34889 0.0699827 2.16656e-07
-0.151322 0.82442 1.34091 0.0500199 2.14923e-07
-0.148032 0.828817 1.33285 0.0303259 2.13166e-07
-0.144742 0.833189 1.32472 0.0108997 2.1139e-07
-0.141453 0.837533 1.31653 -0.0082599 2.09597e-07
-0.138163 0.84185 1.3083 -0.0271545 2.07791e-07
-0.134874 0.846141 1.30003 -0.0457863 2.05976e-07
-0.131584 0.850403 1.29173 -0.0641577 2.04154e-07
-0.128294 0.854639 1.28343 -0.0822714 2.02328e-07
-0.125005 0.858847 1.27512 -0.10013 2.00501e-07
-0.121715 0.863028 1.26681 -0.117738 1.98675e-07
-0.118426 0.867182 1.25852 -0.135098 1.96852e-07
-0.115136 0.871308 1.25025 -0.152213 1.95035e-07
-0.111846 0.875408 1.242 -0.169088 1.93225e-07
-0.108557 0.87948 1.23379 -0.185726 1.91423e-07
-0.105267 0.883525 1.22562 -0.202131 1.89632e-07
-0.101978 0.887544 1.2175 -0.218308 1.87853e-07
-0.098688 0.891535 1.20942 -0.23426 1.86086e-07
-0.0953984 0.895501 1.2014 -0.249992 1.84333e-07
-0.0921088 0.89944 1.19343 -0.265507 1.82595e-07
-0.0888192 0.903353 1.18553 -0.28081 1.80872e-07
-0.0855296 0.90724 1.17769 -0.295906 1.79166e-07
-0.08224 0.911101 1.16991 -0.310798 1.77477e-07
-0.0789504 0.914937 1.16221 -0.32549 1.75806e-07
-0.0756608 0.918747 1.15457 -0.339986 1.74152e-07
-0.0723712 0.922533 1.14701 -0.354291 1.72518e-07
-0.0690816 0.926294 1.13952 -0.368409 1.70901e-07
-0.065792 0.93003 1.13211 -0.382342 1.69305e-07
-0.0625024 0.933742 1.12477 -0.396096 1.67727e-07
-0.0592128 0.93743 1.11751 -0.409674 1.66169e-07
-0.0559232 0.941095 1.11032 -0.423079 1.6463e-07
-0.0526336 0.944735 1.10322 -0.436316 1.63111e-07
-0.049344 0.948353 1.09619 -0.449387 1.61612e-07
-0.0460544 0.951948 1.08924 -0.462297 1.60132e-07
-0.0427648 0.955519 1.08237 -0.475049 1.58672e-07
-0.0394752 0.959069 1.07557 -0.487645 1.57231e-07
-0.0361856 0.962596 1.06886 -0.500091 1.5581e-07
-0.032896 0.966101 1.06222 -0.512387 1.54409e-07
-0.0296064 0.969585 1.05566 -0.524539 1.53026e-07
-0.0263168 0.973047 1.04917 -0.536548 1.51663e-07
-0.0230272 0.976487 1.04277 -0.548418 1.50318e-07
-0.0197376 0.979907 1.03643 -0.560152 1.48993e-07
-0.016448 0.983306 1.03018 -0.571752 1.47686e-07
-0.0131584 0.986685 1.024 -0.583221 1.46397e-07
-0.0098688 0.990043 1.01789 -0.594562 1.45126e-07
-0.0065792 0.993382 1.01185 -0.605778 1.43874e-07
-0.0032896 0.996701 1.00589 -0.61687 1.42639e-07
0 1 1 -0.627843 1.41421e-07
0.0224 1.02197 0.961726 -0.699536 1.33577e-07
0.0448 1.04311 0.926459 -0.766437 1.26456e-07
0.0672 1.06349 0.893923 -0.829127 1.19982e-07
0.0896 1.08317 0.863851 -0.888092 1.14083e-07
0.112 1.10221 0.835997 -0.943744 1.08697e-07
0.1344 1.12064 0.810139 -0.996432 1.03764e-07
0.1568 1.13852 0.786078 -1.04645 9.92359e-08
0.1792 1.15587 0.763638 -1.09406 9.50673e-08
0.2016 1.17274 0.742661 -1.13948 9.12198e-08
0.224 1.18915 0.72301 -1.18291 8.76596e-08
0.2464 1.20514 0.704562 -1.22451 8.43572e-08
0.2688 1.22072 0.687209 -1.26443 8.12866e-08
0.2912 1.23593 0.670854 -1.30279 7.84253e-08
0.3136 1.25078 0.655412 -1.33973 7.57532e-08
0.336 1.2653 0.640806 -1.37534 7.32527e-08
0.3584 1.2795 0.626968 -1.40971 7.09082e-08
0.3808 1.29339 0.613838 -1.44293 6.8706e-08
0.4032 1.307 0.601361 -1.47507 6.66338e-08
0.4256 1.32034 0.589487 -1.5062 6.46807e-08
0.448 1.33342 0.578172 -1.53638 6.28368e-08
0.4704 1.34625 0.567376 -1.56568 6.10935e-08
0.4928 1.35884 0.557062 -1.59413 5.94428e-08
0.5152 1.37121 0.547198 -1.62179 5.78777e-08
0.5376 1.38336 0.537753 -1.6487 5.63918e-08
0.56 1.3953 0.5287 -1.6749 5.49793e-08
0.5824 1.40704 0.520015 -1.70043 5.3635e-08
0.6048 1.4186 0.511673 -1.72531 5.23542e-08
0.6272 1.42997 0.503654 -1.74959 5.11324e-08
0.6496 1.44116 0.495939 -1.7733 4.99657e-08
0.672 1.45219 0.48851 -1.79644 4.88506e-08
0.6944 1.46305 0.48135 -1.81907 4.77837e-08
0.7168 1.47376 0.474445 -1.84119 4.6762e-08
0.7392 1.48431 0.46778 -1.86283 4.57827e-08
0.7616 1.49471 0.461342 -1.884 4.48433e-08
0.784 1.50498 0.45512 -1.90474 4.39413e-08
0.8064 1.51511 0.449101 -1.92505 4.30746e-08
0.8288 1.5251 0.443277 -1.94496 4.22412e-08
0.8512 1.53497 0.437636 -1.96448 4.14393e-08
0.8736 1.54471 0.43217 -1.98362 4.0667e-08
0.896 1.55433 0.426871 -2.0024 3.99227e-08
0.9184 1.56383 0.42173 -2.02084 3.92051e-08
0.9408 1.57322 0.41674 -2.03894 3.85127e-08
0.9632 1.5825 0.411894 -2.05671 3.78441e-08
0.9856 1.59168 0.407186 -2.07418 3.71982e-08
1.008 1.60075 0.40261 -2.09134 3.65739e-08
1.0304 1.60971 0.39816 -2.10822 3.59701e-08
1.0528 1.61858 0.393829 -2.12481 3.53859e-08
1.0752 1.62736 0.389614 -2.14113 3.48202e-08
1.0976 1.63604 0.38551 -2.15719 3.42722e-08
1.12 1.64463 0.381512 -2.17299 3.37411e-08
1.1424 1.65313 0.377615 -2.18855 3.32262e-08
1.1648 1.66155 0.373815 -2.20387 3.27266e-08
1.1872 1.66988 0.37011 -2.21895 3.22418e-08
1.2096 1.67813 0.366495 -2.23382 3.17711e-08
1.232 1.6863 0.362966 -2.24846 3.13139e-08
1.2544 1.69439 0.359521 -2.26289 3.08697e-08
1.2768 1.70241 0.356156 -2.27712 3.04378e-08
1.2992 1.71035 0.352868 -2.29114 3.00177e-08
1.3216 1.71822 0.349655 -2.30498 2.96091e-08
1.344 1.72601 0.346514 -2.31862 2.92114e-08
1.3664 1.73374 0.343442 -2.33208 2.88243e-08
1.3888 1.7414 0.340437 -2.34536 2.84472e-08
1.4112 1.74899 0.337497 -2.35846 2.80798e-08
1.4336 1.75652 0.33462 -2.3714 2.77218e-08
1.456 1.76398 0.331803 -2.38417 2.73727e-08
1.4784 1.77139 0.329044 -2.39678 2.70323e-08
1.5008 1.77873 0.326341 -2.40923 2.67003e-08
1.5232 1.78601 0.323694 -2.42153 2.63763e-08
1.5456 1.79323 0.321099 -2.43367 2.606e-08
1.568 1.80039 0.318556 -2.44568 2.57512e-08
1.5904 1.8075 0.316062 -2.45754 2.54496e-08
1.6128 1.81455 0.313616 -2.46926 2.5155e-08
1.6352 1.82155 0.311217 -2.48084 2.48671e-08
1.6576 1.82849 0.308863 -2.49229 2.45857e-08
1.68 1.83539 0.306553 -2.50361 2.43106e-08
1.7024 1.84223 0.304286 -2.51481 2.40416e-08
1.7248 1.84902 0.30206 -2.52588 2.37784e-08
1.7472 1.85576 0.299874 -2.53683 2.3521e-08
1.7696 1.86245 0.297728 -2.54766 2.3269e-08
1.792 1.8691 0.295619 -2.55837 2.30224e-08
1.8144 1.8757 0.293547 -2.56897 2.27809e-08
1.8368 1.88225 0.291511 -2.57946 2.25444e-08
1.8592 1.88876 0.28951 -2.58984 2.23128e-08
1.8816 1.89522 0.287543 -2.60012 2.20859e-08
1.904 1.90164 0.285609 -2.61029 2.18635e-08
1.9264 1.90802 0.283707 -2.62035 2.16456e-08
1.9488 1.91435 0.281836 -2.63032 2.14319e-08
1.9712 1.92064 0.279996 -2.64019 2.12225e-08
1.9936 1.92689 0.278185 -2.64996 2.1017e-08
2.016 1.93311 0.276404 -2.65963 2.08156e-08
2.0384 1.93928 0.27465 -2.66922 2.06179e-08
2.0608 1.94541 0.272924 -2.67871 2.04239e-08
2.0832 1.9515 0.271225 -2.68811 2.02336e-08
2.1056 1.95756 0.269552 -2.69743 2.00467e-08
2.128 1.96358 0.267905 -2.70666 1.98633e-08
2.1504 1.96956 0.266282 -2.7158 1.96832e-08
2.1728 1.97551 0.264684 -2.72487 1.95063e-08
2.1952 1.98142 0.26311 -2.73385 1.93326e-08
2.2176 1.9873 0.261559 -2.74275 1.91619e-08
2.24 1.99314 0.26003 -2.75157 1.89943e-08
2.2624 1.99895 0.258524 -2.76031 1.88295e-08
2.2848 2.00472 0.257039 -2.76898 1.86675e-08
2.3072 2.01046 0.255575 -2.77758 1.85083e-08
2.3296 2.01617 0.254132 -2.7861 1.83518e-08
2.352 2.02185 0.252709 -2.79455 1.8198e-08
2.3744 2.02749 0.251305 -2.80293 1.80466e-08
2.3968 2.03311 0.249922 -2.81123 1.78978e-08
2.4192 2.03869 0.248557 -2.81947 1.77514e-08
2.4416 2.04424 0.24721 -2.82765 1.76074e-08
2.464 2.04976 0.245881 -2.83575 1.74657e-08
2.4864 2.05526 0.244571 -2.84379 1.73262e-08
2.5088 2.06072 0.243277 -2.85177 1.7189e-08
2.5312 2.06616 0.242001 -2.85968 1.70539e-08
2.5536 2.07156 0.240741 -2.86754 1.69209e-08
2.576 2.07694 0.239497 -2.87533 1.679e-08
2.5984 2.08229 0.238269 -2.88306 1.66611e-08
2.6208 2.08762 0.237057 -2.89073 1.65341e-08
2.6432 2.09291 0.23586 -2.89834 1.64091e-08
2.6656 2.09818 0.234678 -2.90589 1.62859e-08
2.688 2.10343 0.233511 -2.91339 1.61646e-08
2.7104 2.10864 0.232358 -2.92084 1.6045e-08
2.7328 2.11384 0.231219 -2.92822 1.59272e-08
2.7552 2.119 0.230094 -2.93556 1.58112e-08
2.7776 2.12415 0.228983 -2.94284 1.56968e-08
2.8 2.12926 0.227885 -2.95006 1.5584e-08
2.8224 2.13435 0.2268 -2.95724 1.54729e-08
2.8448 2.13942 0.225728 -2.96436 1.53633e-08
2.8672 2.14447 0.224669 -2.97144 1.52553e-08
2.8896 2.14949 0.223621 -2.97846 1.51487e-08
2.912 2.15449 0.222586 -2.98543 1.50437e-08
2.9344 2.15946 0.221563 -2.99236 1.49401e-08
2.9568 2.16441 0.220551 -2.99924 1.48379e-08
2.9792 2.16934 0.219551 -3.00607 1.47371e-08
3.0016 2.17425 0.218563 -3.01286 1.46376e-08
3.024 2.17913 0.217585 -3.0196 1.45395e-08
3.0464 2.184 0.216618 -3.02629 1.44427e-08
3.0688 2.18884 0.215662 -3.03294 1.43472e-08
3.0912 2.19366 0.214716 -3.03955 1.42529e-08
3.1136 2.19846 0.21378 -3.04611 1.41599e-08
3.136 2.20323 0.212855 -3.05263 1.40681e-08
3.1584 2.20799 0.21194 -3.05911 1.39774e-08
3.1808 2.21273 0.211034 -3.06554 1.38879e-08
3.2032 2.21745 0.210138 -3.07194 1.37996e-08
3.2256 2.22214 0.209251 -3.07829 1.37123e-08
3.248 2.22682 0.208374 -3.08461 1.36262e-08
3.2704 2.23148 0.207506 -3.09088 1.35411e-08
3.2928 2.23612 0.206647 -3.09712 1.34571e-08
3.3152 2.24074 0.205796 -3.10331 1.33741e-08
3.3376 2.24534 0.204955 -3.10947 1.32921e-08
3.36 2.24992 0.204122 -3.11559 1.32112e-08
3.3824 2.25448 0.203297 -3.12168 1.31312e-08
3.4048 2.25903 0.20248 -3.12772 1.30522e-08
3.4272 2.26355 0.201672 -3.13373 1.29741e-08
3.4496 2.26806 0.200872 -3.13971 1.28969e-08
3.472 2.27255 0.200079 -3.14565 1.28207e-08
3.4944 2.27703 0.199295 -3.15155 1.27454e-08
3.5168 2.28148 0.198518 -3.15742 1.26709e-08
3.5392 2.28592 0.197748 -3.16326 1.25973e-08
3.5616 2.29034 0.196986 -3.16906 1.25245e-08
3.584 2.29474 0.196232 -3.17482 1.24526e-08
3.6064 2.29913 0.195484 -3.18056 1.23815e-08
3.6288 2.3035 0.194744 -3.18626 1.23113e-08
3.6512 2.30786 0.19401 -3.19193 1.22418e-08
3.6736 2.31219 0.193284 -3.19757 1.2173e-08
3.696 2.31651 0.192564 -3.20317 1.21051e-08
3.7184 2.32082 0.19185 -3.20875 1.20379e-08
3.7408 2.32511 0.191144 -3.21429 1.19714e-08
3.7632 2.32938 0.190444 -3.21981 1.19057e-08
3.7856 2.33364 0.18975 -3.22529 1.18407e-08
3.808 2.33788 0.189062 -3.23074 1.17764e-08
3.8304 2.34211 0.188381 -3.23616 1.17128e-08
3.8528 2.34632 0.187706 -3.24156 1.16499e-08
3.8752 2.35052 0.187037 -3.24692 1.15876e-08
3.8976 2.3547 0.186373 -3.25226 1.1526e-08
3.92 2.35887 0.185716 -3.25757 1.14651e-08
3.9424 2.36302 0.185064 -3.26285 1.14048e-08
3.9648 2.36716 0.184418 -3.2681 1.13451e-08
3.9872 2.37129 0.183778 -3.27333 1.12861e-08
4.0096 2.37539 0.183143 -3.27852 1.12276e-08
4.032 2.37949 0.182514 -3.2837 1.11698e-08
4.0544 2.38357 0.18189 -3.28884 1.11126e-08
4.0768 2.38764 0.181271 -3.29396 1.10559e-08
4.0992 2.39169 0.180657 -3.29905 1.09998e-08
4.1216 2.39573 0.180049 -3.30412 1.09443e-08
4.144 2.39976 0.179446 -3.30916 1.08893e-08
4.1664 2.40377 0.178848 -3.31417 1.08349e-08
4.1888 2.40777 0.178255 -3.31916 1.07811e-08
4.2112 2.41176 0.177666 -3.32413 1.07277e-08
4.2336 2.41573 0.177083 -3.32907 1.06749e-08
4.256 2.41969 0.176504 -3.33399 1.06226e-08
4.2784 2.42364 0.17593 -3.33888 1.05708e-08
4.3008 2.42757 0.175361 -3.34375 1.05195e-08
4.3232 2.43149 0.174796 -3.34859 1.04687e-08
4.3456 2.4354 0.174236 -3.35342 1.04184e-08
4.368 2.4393 0.17368 -3.35821 1.03686e-08
4.3904 2.44318 0.173128 -3.36299 1.03193e-08
4.4128 2.44706 0.172581 -3.36774 1.02704e-08
4.4352 2.45092 0.172039 -3.37247 1.0222e-08
4.4576 2.45476 0.1715 -3.37718 1.0174e-08
4.48 2.4586 0.170966 -3.38187 1.01265e-08
4.5024 2.46242 0.170436 -3.38653 1.00794e-08
4.5248 2.46623 0.16991 -3.39118 1.00328e-08
4.5472 2.47003 0.169388 -3.3958 9.98656e-09
4.5696 2.47382 0.168869 -3.4004 9.94077e-09
4.592 2.4776 0.168355 -3.40498 9.8954e-09
4.6144 2.48137 0.167845 -3.40954 9.85045e-09
4.6368 2.48512 0.167339 -3.41407 9.8059e-09
4.6592 2.48886 0.166836 -3.41859 9.76175e-09
4.6816 2.49259 0.166338 -3.42309 9.71799e-09
4.704 2.49631 0.165842 -3.42756 9.67463e-09
4.7264 2.50002 0.165351 -3.43202 9.63165e-09
4.7488 2.50372 0.164863 -3.43646 9.58905e-09
4.7712 2.50741 0.164379 -3.44087 9.54682e-09
4.7936 2.51109 0.163898 -3.44527 9.50497e-09
4.816 2.51475 0.163421 -3.44965 9.46348e-09
4.8384 2.51841 0.162947 -3.45401 9.42235e-09
4.8608 2.52205 0.162477 -3.45835 9.38158e-09
4.8832 2.52569 0.16201 -3.46267 9.34116e-09
4.9056 2.52931 0.161547 -3.46697 9.30108e-09
4.928 2.53292 0.161086 -3.47126 9.26135e-09
4.9504 2.53653 0.160629 -3.47553 9.22195e-09
4.9728 2.54012 0.160176 -3.47977 9.18289e-09
4.9952 2.5437 0.159725 -3.484 9.14416e-09
5.0176 2.54728 0.159278 -3.48822 9.10575e-09
5.04 2.55084 0.158833 -3.49241 9.06767e-09
5.0624 2.55439 0.158392 -3.49659 9.0299e-09
5.0848 2.55793 0.157954 -3.50075 8.99244e-09
5.1072 2.56147 0.157519 -3.50489 8.9553e-09
5.1296 2.56499 0.157087 -3.50902 8.91846e-09
5.152 2.56851 0.156657 -3.51313 8.88192e-09
5.1744 2.57201 0.156231 -3.51722 8.84568e-09
5.1968 2.5755 0.155808 -3.52129 8.80973e-09
5.2192 2.57899 0.155387 -3.52535 8.77408e-09
5.2416 2.58247 0.154969 -3.52939 8.73871e-09
5.264 2.58593 0.154554 -3.53342 8.70362e-09
5.2864 2.58939 0.154142 -3.53743 8.66882e-09
5.3088 2.59284 0.153733 -3.54142 8.63429e-09
5.3312 2.59628 0.153326 -3.5454 8.60004e-09
5.3536 2.59971 0.152922 -3.54936 8.56606e-09
5.376 2.60313 0.152521 -3.55331 8.53234e-09
5.3984 2.60654 0.152122 -3.55724 8.49889e-09
5.4208 2.60994 0.151726 -3.56116 8.4657e-09
5.4432 2.61334 0.151332 -3.56506 8.43277e-09
5.4656 2.61672 0.150941 -3.56894 8.4001e-09
5.488 2.6201 0.150553 -3.57281 8.36767e-09
5.5104 2.62347 0.150167 -3.57667 8.3355e-09
5.5328 2.62683 0.149783 -3.58051 8.30357e-09
5.5552 2.63018 0.149402 -3.58434 8.27188e-09
5.5776 2.63352 0.149023 -3.58815 8.24044e-09
5.6 2.63685 0.148647 -3.59194 8.20923e-09
5.6224 2.64018 0.148273 -3.59573 8.17826e-09
5.6448 2.6435 0.147901 -3.59949 8.14752e-09
5.6672 2.64681 0.147532 -3.60325 8.11702e-09
5.6896 2.65011 0.147165 -3.60699 8.08674e-09
5.712 2.6534 0.1468 -3.61071 8.05668e-09
5.7344 2.65668 0.146438 -3.61443 8.02685e-09
5.7568 2.65996 0.146078 -3.61812 7.99723e-09
5.7792 2.66323 0.14572 -3.62181 7.96784e-09
5.8016 2.66649 0.145364 -3.62548 7.93866e-09
5.824 2.66974 0.14501 -3.62914 7.90969e-09
5.8464 2.67298 0.144658 -3.63278 7.88094e-09
5.8688 2.67622 0.144309 -3.63641 7.85239e-09
5.8912 2.67945 0.143962 -3.64003 7.82404e-09
5.9136 2.68267 0.143616 -3.64364 7.79591e-09
5.936 2.68588 0.143273 -3.64723 7.76797e-09
5.9584 2.68909 0.142932 -3.65081 7.74023e-09
5.9808 2.69229 0.142593 -3.65438 7.71269e-09
6.0032 2.69548 0.142256 -3.65793 7.68535e-09
6.0256 2.69866 0.141921 -3.66147 7.65819e-09
6.048 2.70183 0.141588 -3.665 7.63123e-09
6.0704 2.705 0.141257 -3.66852 7.60446e-09
6.0928 2.70816 0.140927 -3.67202 7.57788e-09
6.1152 2.71132 0.1406 -3.67551 7.55148e-09
6.1376 2.71446 0.140274 -3.67899 7.52526e-09
6.16 2.7176 0.139951 -3.68246 7.49923e-09
6.1824 2.72073 0.139629 -3.68592 7.47337e-09
6.2048 2.72386 0.139309 -3.68936 7.44769e-09
6.2272 2.72697 0.138991 -3.69279 7.42219e-09
6.2496 2.73008 0.138675 -3.69621 7.39686e-09
6.272 2.73319 0.138361 -3.69962 7.37171e-09
6.2944 2.73628 0.138048 -3.70302 7.34672e-09
6.3168 2.73937 0.137737 -3.7064 7.32191e-09
6.3392 2.74245 0.137428 -3.70978 7.29726e-09
6.3616 2.74553 0.13712 -3.71314 7.27277e-09
6.384 2.7486 0.136815 -3.71649 7.24845e-09
6.4064 2.75166 0.136511 -3.71983 7.22429e-09
6.4288 2.75471 0.136208 -3.72316 7.20029e-09
6.4512 2.75776 0.135908 -3.72648 7.17645e-09
6.4736 2.7608 0.135609 -3.72979 7.15277e-09
6.496 2.76383 0.135311 -3.73308 7.12925e-09
6.5184 2.76686 0.135015 -3.73637 7.10587e-09
6.5408 2.76988 0.134721 -3.73964 7.08266e-09
6.5632 2.7729 0.134429 -3.74291 7.05959e-09
6.5856 2.7759 0.134138 -3.74616 7.03667e-09
6.608 2.77891 0.133848 -3.7494 7.0139e-09
6.6304 2.7819 0.133561 -3.75263 6.99127e-09
6.6528 2.78489 0.133274 -3.75586 6.9688e-09
6.6752 2.78787 0.13299 -3.75907 6.94646e-09
6.6976 2.79085 0.132706 -3.76227 6.92427e-09
6.72 2.79382 0.132425 -3.76546 6.90222e-09
6.7424 2.79678 0.132144 -3.76864 6.88031e-09
6.7648 2.79974 0.131866 -3.77181 6.85854e-09
6.7872 2.80269 0.131588 -3.77497 6.83691e-09
6.8096 2.80563 0.131312 -3.77812 6.81541e-09
6.832 2.80857 0.131038 -3.78126 6.79404e-09
6.8544 2.8115 0.130765 -3.7844 6.77281e-09
6.8768 2.81443 0.130493 -3.78752 6.75172e-09
6.8992 2.81735 0.130223 -3.79063 6.73075e-09
6.9216 2.82026 0.129955 -3.79373 6.70991e-09
6.944 2.82317 0.129687 -3.79682 6.6892e-09
6.9664 2.82607 0.129421 -3.79991 6.66862e-09
6.9888 2.82897 0.129157 -3.80298 6.64817e-09
7.0112 2.83186 0.128893 -3.80604 6.62784e-09
7.0336 2.83474 0.128631 -3.8091 6.60763e-09
7.056 2.83762 0.128371 -3.81214 6.58755e-09
7.0784 2.84049 0.128111 -3.81518 6.56759e-09
7.1008 2.84336 0.127853 -3.81821 6.54775e-09
7.1232 2.84622 0.127597 -3.82122 6.52803e-09
7.1456 2.84908 0.127341 -3.82423 6.50842e-09
7.168 2.85193 0.127087 -3.82723 6.48894e-09
7.1904 2.85477 0.126834 -3.83022 6.46957e-09
7.2128 2.85761 0.126583 -3.83321 6.45031e-09
7.2352 2.86044 0.126332 -3.83618 6.43118e-09
7.2576 2.86327 0.126083 -3.83914 6.41215e-09
7.28 2.86609 0.125835 -3.8421 6.39323e-09
7.3024 2.86891 0.125588 -3.84504 6.37443e-09
7.3248 2.87172 0.125343 -3.84798 6.35574e-09
7.3472 2.87452 0.125099 -3.85091 6.33715e-09
7.3696 2.87732 0.124855 -3.85383 6.31868e-09
7.392 2.88012 0.124614 -3.85675 6.30031e-09
7.4144 2.8829 0.124373 -3.85965 6.28205e-09
7.4368 2.88569 0.124133 -3.86254 6.26389e-09
7.4592 2.88847 0.123895 -3.86543 6.24584e-09
7.4816 2.89124 0.123657 -3.86831 6.22789e-09
7.504 2.89401 0.123421 -3.87118 6.21005e-09
7.5264 2.89677 0.123186 -3.87404 6.19231e-09
7.5488 2.89952 0.122952 -3.8769 6.17466e-09
7.5712 2.90228 0.122719 -3.87974 6.15712e-09
7.5936 2.90502 0.122488 -3.88258 6.13968e-09
7.616 2.90776 0.122257 -3.88541 6.12234e-09
7.6384 2.9105 0.122027 -3.88823 6.10509e-09
7.6608 2.91323 0.121799 -3.89105 6.08794e-09
7.6832 2.91596 0.121572 -3.89385 6.07089e-09
7.7056 2.91868 0.121345 -3.89665 6.05393e-09
7.728 2.92139 0.12112 -3.89944 6.03707e-09
7.7504 2.9241 0.120896 -3.90223 6.0203e-09
7.7728 2.92681 0.120672 -3.905 6.00362e-09
7.7952 2.92951 0.12045 -3.90777 5.98703e-09
7.8176 2.9322 0.120229 -3.91053 5.97054e-09
7.84 2.93489 0.120009 -3.91328 5.95414e-09
7.8624 2.93758 0.11979 -3.91602 5.93782e-09
7.8848 2.94026 0.119572 -3.91876 5.9216e-09
7.9072 2.94294 0.119354 -3.92149 5.90546e-09
7.9296 2.94561 0.119138 -3.92421 5.88942e-09
7.952 2.94827 0.118923 -3.92693 5.87345e-09
7.9744 2.95094 0.118709 -3.92963 5.85758e-09
7.9968 2.95359 0.118495 -3.93234 5.84179e-09
8.0192 2.95624 0.118283 -3.93503 5.82609e-09
8.0416 2.95889 0.118072 -3.93771 5.81047e-09
8.064 2.96153 0.117861 -3.94039 5.79493e-09
8.0864 2.96417 0.117652 -3.94306 5.77947e-09
8.1088 2.96681 0.117443 -3.94573 5.7641e-09
8.1312 2.96943 0.117236 -3.94838 5.74881e-09
8.1536 2.97206 0.117029 -3.95103 5.7336e-09
8.176 2.97468 0.116823 -3.95368 5.71847e-09
8.1984 2.97729 0.116618 -3.95631 5.70342e-09
8.2208 2.9799 0.116414 -3.95894 5.68845e-09
8.2432 2.98251 0.116211 -3.96156 5.67356e-09
8.2656 2.98511 0.116009 -3.96418 5.65875e-09
8.288 2.9877 0.115807 -3.96679 5.64401e-09
8.3104 2.9903 0.115607 -3.96939 5.62935e-09
8.3328 2.99288 0.115407 -3.97199 5.61476e-09
8.3552 2.99547 0.115209 -3.97457 5.60026e-09
8.3776 2.99804 0.115011 -3.97716 5.58582e-09
8.4 3.00062 0.114814 -3.97973 5.57146e-09
8.4224 3.00319 0.114617 -3.9823 5.55717e-09
8.4448 3.00575 0.114422 -3.98486 5.54296e-09
8.4672 3.00831 0.114227 -3.98742 5.52882e-09
8.4896 3.01087 0.114034 -3.98997 5.51475e-09
8.512 3.01342 0.113841 -3.99251 5.50075e-09
8.5344 3.01597 0.113649 -3.99504 5.48682e-09
8.5568 3.01851 0.113457 -3.99757 5.47297e-09
8.5792 3.02105 0.113267 -4.0001 5.45918e-09
8.6016 3.02359 0.113077 -4.00261 5.44546e-09
8.624 3.02612 0.112888 -4.00512 5.43181e-09
8.6464 3.02865 0.1127 -4.00763 5.41823e-09
8.6688 3.03117 0.112513 -4.01012 5.40472e-09
8.6912 3.03369 0.112326 -4.01262 5.39127e-09
8.7136 3.0362 0.112141 -4.0151 5.37789e-09
8.736 3.03871 0.111956 -4.01758 5.36458e-09
8.7584 3.04122 0.111771 -4.02005 5.35133e-09
8.7808 3.04372 0.111588 -4.02252 5.33815e-09
8.8032 3.04622 0.111405 -4.02498 5.32503e-09
8.8256 3.04871 0.111223 -4.02744 5.31198e-09
8.848 3.0512 0.111042 -4.02989 5.29899e-09
8.8704 3.05368 0.110861 -4.03233 5.28607e-09
8.8928 3.05616 0.110682 -4.03477 5.2732e-09
8.9152 3.05864 0.110503 -4.0372 5.2604e-09
8.9376 3.06112 0.110324 -4.03962 5.24767e-09
8.96 3.06358 0.110147 -4.04204 5.23499e-09
8.9824 3.06605 0.10997 -4.04446 5.22237e-09
9.0048 3.06851 0.109794 -4.04686 5.20982e-09
9.0272 3.07097 0.109618 -4.04927 5.19732e-09
9.0496 3.07342 0.109443 -4.05166 5.18489e-09
9.072 3.07587 0.109269 -4.05405 5.17251e-09
9.0944 3.07832 0.109096 -4.05644 5.16019e-09
9.1168 3.08076 0.108923 -4.05882 5.14794e-09
9.1392 3.0832 0.108751 -4.06119 5.13573e-09
9.1616 3.08563 0.10858 -4.06356 5.12359e-09
9.184 3.08806 0.108409 -4.06592 5.11151e-09
9.2064 3.09049 0.108239 -4.06828 5.09948e-09
9.2288 3.09291 0.10807 -4.07063 5.08751e-09
9.2512 3.09533 0.107901 -4.07297 5.07559e-09
9.2736 3.09774 0.107733 -4.07531 5.06373e-09
9.296 3.10016 0.107566 -4.07765 5.05192e-09
9.3184 3.10256 0.107399 -4.07998 5.04017e-09
9.3408 3.10497 0.107233 -4.0823 5.02848e-09
9.3632 3.10737 0.107067 -4.08462 5.01684e-09
9.3856 3.10976 0.106903 -4.08693 5.00525e-09
9.408 3.11216 0.106738 -4.08924 4.99371e-09
9.4304 3.11455 0.106575 -4.09154 4.98223e-09
9.4528 3.11693 0.106412 -4.09384 4.9708e-09
9.4752 3.11931 0.10625 -4.09613 4.95943e-09
9.4976 3.12169 0.106088 -4.09842 4.9481e-09
9.52 3.12407 0.105927 -4.1007 4.93683e-09
9.5424 3.12644 0.105767 -4.10297 4.92561e-09
9.5648 3.1288 0.105607 -4.10525 4.91444e-09
9.5872 3.13117 0.105448 -4.10751 4.90332e-09
9.6096 3.13353 0.105289 -4.10977 4.89225e-09
9.632 3.13588 0.105131 -4.11203 4.88123e-09
9.6544 3.13824 0.104973 -4.11428 4.87025e-09
9.6768 3.14059 0.104817 -4.11652 4.85933e-09
9.6992 3.14293 0.10466 -4.11877 4.84846e-09
9.7216 3.14528 0.104505 -4.121 4.83764e-09
9.744 3.14762 0.104349 -4.12323 4.82686e-09
9.7664 3.14995 0.104195 -4.12546 4.81613e-09
9.7888 3.15228 0.104041 -4.12768 4.80545e-09
9.8112 3.15461 0.103888 -4.12989 4.79482e-09
9.8336 3.15694 0.103735 -4.1321 4.78423e-09
9.856 3.15926 0.103582 -4.13431 4.77369e-09
9.8784 3.16158 0.103431 -4.13651 4.7632e-09
9.9008 3.16389 0.10328 -4.13871 4.75275e-09
9.9232 3.16621 0.103129 -4.1409 4.74235e-09
9.9456 3.16851 0.102979 -4.14309 4.73199e-09
9.968 3.17082 0.102829 -4.14527 4.72168e-09
9.9904 3.17312 0.10268 -4.14744 4.71142e-09
10.0128 3.17542 0.102532 -4.14962 4.70119e-09
10.0352 3.17771 0.102384 -4.15178 4.69102e-09
10.0576 3.18001 0.102237 -4.15395 4.68088e-09
10.08 3.18229 0.10209 -4.15611 4.67079e-09
10.1024 3.18458 0.101944 -4.15826 4.66075e-09
10.1248 3.18686 0.101798 -4.16041 4.65074e-09
10.1472 3.18914 0.101653 -4.16255 4.64078e-09
10.1696 3.19142 0.101508 -4.16469 4.63086e-09
10.192 3.19369 0.101364 -4.16683 4.62099e-09
10.2144 3.19596 0.10122 -4.16896 4.61115e-09
10.2368 3.19822 0.101077 -4.17109 4.60136e-09
10.2592 3.20048 0.100934 -4.17321 4.59161e-09
10.2816 3.20274 0.100792 -4.17533 4.5819e-09
10.304 3.205 0.10065 -4.17744 4.57223e-09
10.3264 3.20725 0.100509 -4.17955 4.56261e-09
10.3488 3.2095 0.100368 -4.18165 4.55302e-09
10.3712 3.21175 0.100228 -4.18375 4.54347e-09
10.3936 3.21399 0.100088 -4.18584 4.53396e-09
10.416 3.21623 0.0999489 -4.18794 4.5245e-09
10.4384 3.21847 0.0998102 -4.19002 4.51507e-09
10.4608 3.2207 0.0996719 -4.1921 4.50568e-09
10.4832 3.22294 0.0995341 -4.19418 4.49633e-09
10.5056 3.22516 0.0993968 -4.19625 4.48702e-09
10.528 3.22739 0.0992599 -4.19832 4.47775e-09
10.5504 3.22961 0.0991235 -4.20039 4.46851e-09
10.5728 3.23183 0.0989876 -4.20245 4.45932e-09
10.5952 3.23405 0.0988522 -4.20451 4.45016e-09
10.6176 3.23626 0.0987172 -4.20656 4.44104e-09
10.64 3.23847 0.0985827 -4.20861 4.43195e-09
10.6624 3.24067 0.0984486 -4.21065 4.4229e-09
10.6848 3.24288 0.098315 -4.21269 4.41389e-09
10.7072 3.24508 0.0981818 -4.21472 4.40492e-09
10.7296 3.24728 0.0980491 -4.21676 4.39598e-09
10.752 3.24947 0.0979169 -4.21878 4.38708e-09
10.7744 3.25166 0.097785 -4.22081 4.37822e-09
10.7968 3.25385 0.0976537 -4.22283 4.36939e-09
10.8192 3.25604 0.0975227 -4.22484 4.3606e-09
10.8416 3.25822 0.0973922 -4.22685 4.35184e-09
10.864 3.2604 0.0972622 -4.22886 4.34312e-09
10.8864 3.26258 0.0971326 -4.23086 4.33443e-09
10.9088 3.26475 0.0970034 -4.23286 4.32577e-09
10.9312 3.26692 0.0968746 -4.23485 4.31715e-09
10.9536 3.26909 0.0967463 -4.23685 4.30857e-09
10.976 3.27126 0.0966184 -4.23883 4.30002e-09
10.9984 3.27342 0.0964909 -4.24082 4.2915e-09
11.0208 3.27558 0.0963638 -4.24279 4.28302e-09
11.0432 3.27774 0.0962372 -4.24477 4.27457e-09
11.0656 3.27989 0.0961109 -4.24674 4.26615e-09
11.088 3.28204 0.0959851 -4.24871 4.25777e-09
11.1104 3.28419 0.0958597 -4.25067 4.24942e-09
11.1328 3.28634 0.0957347 -4.25263 4.2411e-09
11.1552 3.28848 0.0956101 -4.25459 4.23281e-09
11.1776 3.29062 0.0954859 -4.25654 4.22456e-09
11.2 3.29276 0.0953621 -4.25849 4.21634e-09
11.2224 3.29489 0.0952387 -4.26043 4.20815e-09
11.2448 3.29703 0.0951158 -4.26237 4.19999e-09
11.2672 3.29916 0.0949932 -4.26431 4.19187e-09
11.2896 3.30128 0.094871 -4.26624 4.18377e-09
11.312 3.30341 0.0947492 -4.26817 4.17571e-09
11.3344 3.30553 0.0946278 -4.2701 4.16768e-09
11.3568 3.30765 0.0945067 -4.27202 4.15968e-09
11.3792 3.30976 0.0943861 -4.27394 4.15171e-09
11.4016 3.31187 0.0942659 -4.27585 4.14377e-09
11.424 3.31398 0.094146 -4.27776 4.13586e-09
11.4464 3.31609 0.0940265 -4.27967 4.12798e-09
11.4688 3.3182 0.0939074 -4.28158 4.12013e-09
11.4912 3.3203 0.0937887 -4.28348 4.11231e-09
11.5136 3.3224 0.0936703 -4.28537 4.10451e-09
11.536 3.3245 0.0935523 -4.28727 4.09675e-09
11.5584 3.32659 0.0934347 -4.28916 4.08902e-09
11.5808 3.32868 0.0933175 -4.29104 4.08132e-09
11.6032 3.33077 0.0932006 -4.29292 4.07365e-09
11.6256 3.33286 0.0930841 -4.2948 4.066e-09
11.648 3.33494 0.0929679 -4.29668 4.05838e-09
11.6704 3.33702 0.0928522 -4.29855 4.0508e-09
11.6928 3.3391 0.0927367 -4.30042 4.04324e-09
11.7152 3.34118 0.0926217 -4.30228 4.03571e-09
11.7376 3.34325 0.092507 -4.30414 4.0282e-09
11.76 3.34532 0.0923926 -4.306 4.02073e-09
11.7824 3.34739 0.0922786 -4.30786 4.01328e-09
11.8048 3.34945 0.092165 -4.30971 4.00586e-09
11.8272 3.35152 0.0920517 -4.31155 3.99847e-09
11.8496 3.35358 0.0919387 -4.3134 3.9911e-09
11.872 3.35564 0.0918261 -4.31524 3.98376e-09
11.8944 3.35769 0.0917138 -4.31708 3.97645e-09
11.9168 3.35975 0.0916019 -4.31891 3.96916e-09
11.9392 3.3618 0.0914903 -4.32074 3.96191e-09
11.9616 3.36384 0.0913791 -4.32257 3.95467e-09
11.984 3.36589 0.0912682 -4.32439 3.94747e-09
12.0064 3.36793 0.0911576 -4.32621 3.94029e-09
12.0288 3.36997 0.0910474 -4.32803 3.93314e-09
12.0512 3.37201 0.0909375 -4.32984 3.92601e-09
12.0736 3.37405 0.0908279 -4.33166 3.91891e-09
12.096 3.37608 0.0907187 -4.33346 3.91183e-09
12.1184 3.37811 0.0906098 -4.33527 3.90478e-09
12.1408 3.38014 0.0905012 -4.33707 3.89776e-09
12.1632 3.38217 0.090393 -4.33887 3.89076e-09
12.1856 3.38419 0.090285 -4.34066 3.88378e-09
12.208 3.38621 0.0901774 -4.34245 3.87683e-09
12.2304 3.38823 0.0900701 -4.34424 3.86991e-09
12.2528 3.39025 0.0899632 -4.34602 3.86301e-09
12.2752 3.39226 0.0898565 -4.34781 3.85613e-09
12.2976 3.39427 0.0897502 -4.34958 3.84928e-09
12.32 3.39628 0.0896442 -4.35136 3.84245e-09
12.3424 3.39829 0.0895385 -4.35313 3.83565e-09
12.3648 3.40029 0.0894331 -4.3549 3.82887e-09
12.3872 3.40229 0.089328 -4.35667 3.82211e-09
12.4096 3.40429 0.0892232 -4.35843 3.81538e-09
12.432 3.40629 0.0891187 -4.36019 3.80868e-09
12.4544 3.40829 0.0890146 -4.36195 3.80199e-09
12.4768 3.41028 0.0889107 -4.3637 3.79533e-09
12.4992 3.41227 0.0888071 -4.36545 3.78869e-09
12.5216 3.41426 0.0887039 -4.3672 3.78208e-09
12.544 3.41624 0.0886009 -4.36894 3.77549e-09
12.5664 3.41823 0.0884983 -4.37069 3.76892e-09
12.5888 3.42021 0.0883959 -4.37242 3.76238e-09
12.6112 3.42219 0.0882938 -4.37416 3.75585e-09
12.6336 3.42416 0.0881921 -4.37589 3.74935e-09
12.656 3.42614 0.0880906 -4.37762 3.74287e-09
12.6784 3.42811 0.0879894 -4.37935 3.73642e-09
12.7008 3.43008 0.0878885 -4.38107 3.72999e-09
12.7232 3.43205 0.0877879 -4.38279 3.72358e-09
12.7456 3.43401 0.0876876 -4.38451 3.71719e-09
12.768 3.43598 0.0875875 -4.38622 3.71082e-09
12.7904 3.43794 0.0874878 -4.38793 3.70447e-09
12.8128 3.4399 0.0873883 -4.38964 3.69815e-09
12.8352 3.44185 0.0872891 -4.39135 3.69185e-09
12.8576 3.44381 0.0871902 -4.39305 3.68557e-09
12.88 3.44576 0.0870916 -4.39475 3.67931e-09
12.9024 3.44771 0.0869933 -4.39645 3.67307e-09
12.9248 3.44966 0.0868952 -4.39814 3.66685e-09
12.9472 3.4516 0.0867974 -4.39984 3.66066e-09
12.9696 3.45354 0.0866999 -4.40152 3.65448e-09
12.992 3.45549 0.0866027 -4.40321 3.64833e-09
13.0144 3.45742 0.0865057 -4.40489 3.64219e-09
13.0368 3.45936 0.086409 -4.40657 3.63608e-09
13.0592 3.4613 0.0863126 -4.40825 3.62999e-09
13.0816 3.46323 0.0862164 -4.40992 3.62391e-09
13.104 3.46516 0.0861205 -4.4116 3.61786e-09
13.1264 3.46709 0.0860249 -4.41326 3.61183e-09
13.1488 3.46901 0.0859296 -4.41493 3.60582e-09
13.1712 3.47094 0.0858345 -4.41659 3.59983e-09
13.1936 3.47286 0.0857396 -4.41825 3.59386e-09
13.216 3.47478 0.0856451 -4.41991 3.5879e-09
13.2384 3.47669 0.0855508 -4.42157 3.58197e-09
13.2608 3.47861 0.0854567 -4.42322 3.57606e-09
13.2832 3.48052 0.0853629 -4.42487 3.57016e-09
13.3056 3.48243 0.0852694 -4.42652 3.56429e-09
13.328 3.48434 0.0851761 -4.42816 3.55844e-09
13.3504 3.48625 0.0850831 -4.4298 3.5526e-09
13.3728 3.48815 0.0849903 -4.43144 3.54678e-09
13.3952 3.49006 0.0848978 -4.43308 3.54099e-09
13.4176 3.49196 0.0848056 -4.43471 3.53521e-09
13.44 3.49386 0.0847136 -4.43634 3.52945e-09
13.4624 3.49575 0.0846218 -4.43797 3.52371e-09
13.4848 3.49765 0.0845303 -4.43959 3.51798e-09
13.5072 3.49954 0.084439 -4.44122 3.51228e-09
13.5296 3.50143 0.084348 -4.44284 3.50659e-09
13.552 3.50332 0.0842572 -4.44446 3.50093e-09
13.5744 3.5052 0.0841667 -4.44607 3.49528e-09
13.5968 3.50709 0.0840764 -4.44768 3.48965e-09
13.6192 3.50897 0.0839864 -4.44929 3.48404e-09
13.6416 3.51085 0.0838966 -4.4509 3.47844e-09
13.664 3.51273 0.083807 -4.4525 3.47287e-09
13.6864 3.51461 0.0837177 -4.45411 3.46731e-09
13.7088 3.51648 0.0836286 -4.45571 3.46177e-09
13.7312 3.51835 0.0835397 -4.4573 3.45624e-09
13.7536 3.52022 0.0834511 -4.4589 3.45074e-09
13.776 3.52209 0.0833627 -4.46049 3.44525e-09
13.7984 3.52396 0.0832746 -4.46208 3.43978e-09
13.8208 3.52582 0.0831867 -4.46367 3.43432e-09
13.8432 3.52768 0.083099 -4.46525 3.42889e-09
13.8656 3.52955 0.0830115 -4.46683 3.42347e-09
13.888 3.5314 0.0829243 -4.46841 3.41807e-09
13.9104 3.53326 0.0828373 -4.46999 3.41268e-09
13.9328 3.53511 0.0827506 -4.47156 3.40731e-09
13.9552 3.53697 0.082664 -4.47313 3.40196e-09
13.9776 3.53882 0.0825777 -4.4747 3.39663e-09
14 3.54067 0.0824916 -4.47627 3.39131e-09
14.0224 3.54251 0.0824058 -4.47784 3.38601e-09
14.0448 3.54436 0.0823201 -4.4794 3.38073e-09
14.0672 3.5462 0.0822347 -4.48096 3.37546e-09
14.0896 3.54804 0.0821495 -4.48251 3.37021e-09
14.112 3.54988 0.0820646 -4.48407 3.36497e-09
14.1344 3.55172 0.0819798 -4.48562 3.35975e-09
14.1568 3.55355 0.0818953 -4.48717 3.35455e-09
14.1792 3.55539 0.081811 -4.48872 3.34936e-09
14.2016 3.55722 0.0817269 -4.49026 3.34419e-09
14.224 3.55905 0.081643 -4.49181 3.33904e-09
14.2464 3.56088 0.0815593 -4.49335 3.3339e-09
14.2688 3.5627 0.0814759 -4.49489 3.32877e-09
14.2912 3.56453 0.0813926 -4.49642 3.32367e-09
14.3136 3.56635 0.0813096 -4.49795 3.31857e-09
14.336 3.56817 0.0812268 -4.49949 3.3135e-09
14.3584 3.56999 0.0811442 -4.50101 3.30844e-09
14.3808 3.57181 0.0810618 -4.50254 3.30339e-09
14.4032 3.57362 0.0809796 -4.50406 3.29836e-09
14.4256 3.57543 0.0808976 -4.50559 3.29335e-09
14.448 3.57724 0.0808159 -4.50711 3.28835e-09
14.4704 3.57905 0.0807343 -4.50862 3.28336e-09
14.4928 3.58086 0.0806529 -4.51014 3.27839e-09
14.5152 3.58267 0.0805718 -4.51165 3.27344e-09
14.5376 3.58447 0.0804908 -4.51316 3.2685e-09
14.56 3.58627 0.0804101 -4.51467 3.26358e-09
14.5824 3.58807 0.0803296 -4.51617 3.25867e-09
14.6048 3.58987 0.0802492 -4.51768 3.25377e-09
14.6272 3.59167 0.0801691 -4.51918 3.24889e-09
14.6496 3.59346 0.0800891 -4.52068 3.24403e-09
14.672 3.59526 0.0800094 -4.52217 3.23917e-09
14.6944 3.59705 0.0799299 -4.52367 3.23434e-09
14.7168 3.59884 0.0798505 -4.52516 3.22952e-09
14.7392 3.60063 0.0797714 -4.52665 3.22471e-09
14.7616 3.60241 0.0796924 -4.52814 3.21991e-09
14.784 3.6042 0.0796137 -4.52962 3.21513e-09
14.8064 3.60598 0.0795351 -4.53111 3.21037e-09
14.8288 3.60776 0.0794567 -4.53259 3.20562e-09
14.8512 3.60954 0.0793786 -4.53407 3.20088e-09
14.8736 3.61131 0.0793006 -4.53554 3.19616e-09
14.896 3.61309 0.0792228 -4.53702 3.19145e-09
14.9184 3.61486 0.0791452 -4.53849 3.18675e-09
14.9408 3.61664 0.0790678 -4.53996 3.18207e-09
14.9632 3.61841 0.0789906 -4.54143 3.1774e-09
14.9856 3.62017 0.0789135 -4.5429 3.17275e-09
15.008 3.62194 0.0788367 -4.54436 3.16811e-09
15.0304 3.62371 0.07876 -4.54582 3.16348e-09
15.0528 3.62547 0.0786836 -4.54728 3.15887e-09
15.0752 3.62723 0.0786073 -4.54874 3.15427e-09
15.0976 3.62899 0.0785312 -4.55019 3.14968e-09
15.12 3.63075 0.0784553 -4.55165 3.14511e-09
15.1424 3.63251 0.0783795 -4.5531 3.14055e-09
15.1648 3.63426 0.078304 -4.55455 3.136e-09
15.1872 3.63601 0.0782286 -4.55599 3.13147e-09
15.2096 3.63777 0.0781534 -4.55744 3.12695e-09
15.232 3.63952 0.0780784 -4.55888 3.12244e-09
15.2544 3.64126 0.0780036 -4.56032 3.11794e-09
15.2768 3.64301 0.0779289 -4.56176 3.11346e-09
15.2992 3.64475 0.0778545 -4.5632 3.10899e-09
15.3216 3.6465 0.0777802 -4.56463 3.10454e-09
15.344 3.64824 0.0777061 -4.56606 3.10009e-09
15.3664 3.64998 0.0776321 -4.56749 3.09566e-09
15.3888 3.65172 0.0775584 -4.56892 3.09125e-09
15.4112 3.65345 0.0774848 -4.57035 3.08684e-09
15.4336 3.65519 0.0774114 -4.57177 3.08245e-09
15.456 3.65692 0.0773382 -4.5732 3.07807e-09
15.4784 3.65865 0.0772651 -4.57462 3.0737e-09
15.5008 3.66038 0.0771922 -4.57603 3.06934e-09
15.5232 3.66211 0.0771195 -4.57745 3.065e-09
15.5456 3.66384 0.0770469 -4.57886 3.06067e-09
15.568 3.66556 0.0769746 -4.58028 3.05635e-09
15.5904 3.66729 0.0769024 -4.58169 3.05204e-09
15.6128 3.66901 0.0768303 -4.5831 3.04775e-09
15.6352 3.67073 0.0767585 -4.5845 3.04347e-09
15.6576 3.67245 0.0766868 -4.58591 3.0392e-09
15.68 3.67416 0.0766152 -4.58731 3.03494e-09
15.7024 3.67588 0.0765439 -4.58871 3.03069e-09
15.7248 3.67759 0.0764727 -4.59011 3.02646e-09
15.7472 3.67931 0.0764016 -4.5915 3.02223e-09
15.7696 3.68102 0.0763308 -4.5929 3.01802e-09
15.792 3.68273 0.0762601 -4.59429 3.01382e-09
15.8144 3.68443 0.0761895 -4.59568 3.00963e-09
15.8368 3.68614 0.0761191 -4.59707 3.00546e-09
15.8592 3.68784 0.0760489 -4.59846 3.00129e-09
15.8816 3.68955 0.0759789 -4.59984 2.99714e-09
15.904 3.69125 0.075909 -4.60122 2.993e-09
15.9264 3.69295 0.0758392 -4.60261 2.98887e-09
15.9488 3.69464 0.0757697 -4.60399 2.98475e-09
15.9712 3.69634 0.0757003 -4.60536 2.98064e-09
15.9936 3.69804 0.075631 -4.60674 2.97655e-09
16.016 3.69973 0.0755619 -4.60811 2.97246e-09
16.0384 3.70142 0.075493 -4.60948 2.96839e-09
16.0608 3.70311 0.0754242 -4.61085 2.96432e-09
16.0832 3.7048 0.0753556 -4.61222 2.96027e-09
16.1056 3.70649 0.0752871 -4.61359 2.95623e-09
16.128 3.70817 0.0752188 -4.61495 2.9522e-09
16.1504 3.70986 0.0751507 -4.61631 2.94818e-09
16.1728 3.71154 0.0750827 -4.61767 2.94418e-09
16.1952 3.71322 0.0750148 -4.61903 2.94018e-09
16.2176 3.7149 0.0749471 -4.62039 2.93619e-09
16.24 3.71658 0.0748796 -4.62174 2.93222e-09
16.2624 3.71825 0.0748122 -4.6231 2.92825e-09
16.2848 3.71993 0.074745 -4.62445 2.9243e-09
16.3072 3.7216 0.0746779 -4.6258 2.92036e-09
16.3296 3.72328 0.0746109 -4.62714 2.91642e-09
16.352 3.72495 0.0745441 -4.62849 2.9125e-09
16.3744 3.72661 0.0744775 -4.62983 2.90859e-09
16.3968 3.72828 0.074411 -4.63118 2.90469e-09
16.4192 3.72995 0.0743447 -4.63252 2.9008e-09
16.4416 3.73161 0.0742785 -4.63386 2.89692e-09
16.464 3.73328 0.0742125 -4.63519 2.89305e-09
16.4864 3.73494 0.0741466 -4.63653 2.88919e-09
16.5088 3.7366 0.0740808 -4.63786 2.88534e-09
16.5312 3.73826 0.0740152 -4.63919 2.8815e-09
16.5536 3.73991 0.0739498 -4.64052 2.87767e-09
16.576 3.74157 0.0738844 -4.64185 2.87386e-09
16.5984 3.74322 0.0738193 -4.64318 2.87005e-09
16.6208 3.74488 0.0737542 -4.6445 2.86625e-09
16.6432 3.74653 0.0736894 -4.64582 2.86246e-09
16.6656 3.74818 0.0736246 -4.64714 2.85868e-09
16.688 3.74983 0.07356 -4.64846 2.85491e-09
16.7104 3.75147 0.0734956 -4.64978 2.85116e-09
16.7328 3.75312 0.0734313 -4.6511 2.84741e-09
16.7552 3.75476 0.0733671 -4.65241 2.84367e-09
16.7776 3.75641 0.0733031 -4.65372 2.83994e-09
16.8 3.75805 0.0732392 -4.65503 2.83622e-09
16.8224 3.75969 0.0731754 -4.65634 2.83251e-09
16.8448 3.76133 0.0731118 -4.65765 2.82881e-09
16.8672 3.76296 0.0730483 -4.65895 2.82512e-09
16.8896 3.7646 0.072985 -4.66026 2.82144e-09
16.912 3.76623 0.0729218 -4.66156 2.81777e-09
16.9344 3.76786 0.0728587 -4.66286 2.81411e-09
16.9568 3.7695 0.0727958 -4.66416 2.81046e-09
16.9792 3.77113 0.072733 -4.66546 2.80681e-09
17.0016 3.77275 0.0726703 -4.66675 2.80318e-09
17.024 3.77438 0.0726078 -4.66804 2.79956e-09
17.0464 3.77601 0.0725454 -4.66934 2.79594e-09
17.0688 3.77763 0.0724832 -4.67063 2.79234e-09
17.0912 3.77925 0.0724211 -4.67192 2.78874e-09
17.1136 3.78088 0.0723591 -4.6732 2.78516e-09
17.136 3.7825 0.0722972 -4.67449 2.78158e-09
17.1584 3.78412 0.0722355 -4.67577 2.77801e-09
17.1808 3.78573 0.0721739 -4.67705 2.77445e-09
17.2032 3.78735 0.0721124 -4.67833 2.7709e-09
17.2256 3.78896 0.0720511 -4.67961 2.76736e-09
17.248 3.79058 0.0719899 -4.68089 2.76383e-09
17.2704 3.79219 0.0719289 -4.68217 2.76031e-09
17.2928 3.7938 0.0718679 -4.68344 2.75679e-09
17.3152 3.79541 0.0718071 -4.68471 2.75329e-09
17.3376 3.79702 0.0717464 -4.68598 2.74979e-09
17.36 3.79862 0.0716859 -4.68725 2.74631e-09
17.3824 3.80023 0.0716255 -4.68852 2.74283e-09
17.4048 3.80183 0.0715652 -4.68978 2.73936e-09
17.4272 3.80343 0.071505 -4.69105 2.7359e-09
17.4496 3.80503 0.071445 -4.69231 2.73245e-09
17.472 3.80663 0.071385 -4.69357 2.729e-09
17.4944 3.80823 0.0713252 -4.69483 2.72557e-09
17.5168 3.80983 0.0712656 -4.69609 2.72214e-09
17.5392 3.81143 0.071206 -4.69735 2.71872e-09
17.5616 3.81302 0.0711466 -4.6986 2.71532e-09
17.584 3.81461 0.0710873 -4.69985 2.71192e-09
17.6064 3.8162 0.0710282 -4.70111 2.70852e-09
17.6288 3.81779 0.0709691 -4.70236 2.70514e-09
17.6512 3.81938 0.0709102 -4.7036 2.70177e-09
17.6736 3.82097 0.0708514 -4.70485 2.6984e-09
17.696 3.82256 0.0707927 -4.7061 2.69504e-09
17.7184 3.82414 0.0707342 -4.70734 2.69169e-09
17.7408 3.82573 0.0706757 -4.70858 2.68835e-09
17.7632 3.82731 0.0706174 -4.70982 2.68502e-09
17.7856 3.82889 0.0705592 -4.71106 2.68169e-09
17.808 3.83047 0.0705011 -4.7123 2.67837e-09
17.8304 3.83205 0.0704432 -4.71354 2.67507e-09
17.8528 3.83363 0.0703854 -4.71477 2.67177e-09
17.8752 3.8352 0.0703276 -4.716 2.66847e-09
17.8976 3.83678 0.07027 -4.71723 2.66519e-09
17.92 3.83835 0.0702126 -4.71846 2.66191e-09
17.9424 3.83992 0.0701552 -4.71969 2.65865e-09
17.9648 3.84149 0.070098 -4.72092 2.65539e-09
17.9872 3.84306 0.0700408 -4.72215 2.65213e-09
18.0096 3.84463 0.0699838 -4.72337 2.64889e-09
18.032 3.8462 0.0699269 -4.72459 2.64565e-09
18.0544 3.84776 0.0698701 -4.72581 2.64242e-09
18.0768 3.84933 0.0698135 -4.72703 2.6392e-09
18.0992 3.85089 0.0697569 -4.72825 2.63599e-09
18.1216 3.85245 0.0697005 -4.72947 2.63279e-09
18.144 3.85401 0.0696442 -4.73068 2.62959e-09
18.1664 3.85557 0.069588 -4.7319 2.6264e-09
18.1888 3.85713 0.0695319 -4.73311 2.62322e-09
18.2112 3.85869 0.0694759 -4.73432 2.62005e-09
18.2336 3.86024 0.06942 -4.73553 2.61688e-09
18.256 3.8618 0.0693643 -4.73674 2.61372e-09
18.2784 3.86335 0.0693086 -4.73794 2.61057e-09
18.3008 3.8649 0.0692531 -4.73915 2.60743e-09
18.3232 3.86645 0.0691977 -4.74035 2.60429e-09
18.3456 3.868 0.0691424 -4.74155 2.60116e-09
18.368 3.86955 0.0690872 -4.74275 2.59804e-09
18.3904 3.8711 0.0690321 -4.74395 2.59493e-09
18.4128 3.87264 0.0689771 -4.74515 2.59182e-09
18.4352 3.87419 0.0689222 -4.74635 2.58872e-09
18.4576 3.87573 0.0688675 -4.74754 2.58563e-09
18.48 3.87727 0.0688128 -4.74873 2.58255e-09
18.5024 3.87881 0.0687583 -4.74993 2.57947e-09
18.5248 3.88035 0.0687039 -4.75112 2.5764e-09
18.5472 3.88189 0.0686495 -4.75231 2.57334e-09
18.5696 3.88343 0.0685953 -4.75349 2.57029e-09
18.592 3.88497 0.0685412 -4.75468 2.56724e-09
18.6144 3.8865 0.0684872 -4.75587 2.5642e-09
18.6368 3.88803 0.0684333 -4.75705 2.56117e-09
18.6592 3.88957 0.0683795 -4.75823 2.55814e-09
18.6816 3.8911 0.0683258 -4.75941 2.55512e-09
18.704 3.89263 0.0682722 -4.76059 2.55211e-09
18.7264 3.89416 0.0682188 -4.76177 2.54911e-09
18.7488 3.89568 0.0681654 -4.76295 2.54611e-09
18.7712 3.89721 0.0681121 -4.76412 2.54312e-09
18.7936 3.89874 0.068059 -4.76529 2.54014e-09
18.816 3.90026 0.0680059 -4.76647 2.53716e-09
18.8384 3.90178 0.067953 -4.76764 2.53419e-09
18.8608 3.9033 0.0679001 -4.76881 2.53123e-09
18.8832 3.90482 0.0678474 -4.76998 2.52827e-09
18.9056 3.90634 0.0677947 -4.77114 2.52533e-09
18.928 3.90786 0.0677422 -4.77231 2.52238e-09
18.9504 3.90938 0.0676897 -4.77347 2.51945e-09
18.9728 3.91089 0.0676374 -4.77464 2.51652e-09
18.9952 3.91241 0.0675851 -4.7758 2.5136e-09
19.0176 3.91392 0.067533 -4.77696 2.51069e-09
19.04 3.91543 0.067481 -4.77812 2.50778e-09
19.0624 3.91694 0.067429 -4.77927 2.50488e-09
19.0848 3.91845 0.0673772 -4.78043 2.50198e-09
19.1072 3.91996 0.0673255 -4.78159 2.4991e-09
19.1296 3.92147 0.0672738 -4.78274 2.49621e-09
19.152 3.92298 0.0672223 -4.78389 2.49334e-09
19.1744 3.92448 0.0671708 -4.78504 2.49047e-09
19.1968 3.92599 0.0671195 -4.78619 2.48761e-09
19.2192 3.92749 0.0670683 -4.78734 2.48476e-09
19.2416 3.92899 0.0670171 -4.78849 2.48191e-09
19.264 3.93049 0.0669661 -4.78963 2.47907e-09
19.2864 3.93199 0.0669151 -4.79078 2.47623e-09
19.3088 3.93349 0.0668643 -4.79192 2.4734e-09
19.3312 3.93499 0.0668135 -4.79306 2.47058e-09
19.3536 3.93648 0.0667628 -4.7942 2.46777e-09
19.376 3.93798 0.0667123 -4.79534 2.46496e-09
19.3984 3.93947 0.0666618 -4.79648 2.46215e-09
19.4208 3.94096 0.0666114 -4.79762 2.45936e-09
19.4432 3.94246 0.0665612 -4.79875 2.45657e-09
19.4656 3.94395 0.066511 -4.79988 2.45378e-09
19.488 3.94543 0.0664609 -4.80102 2.45101e-09
19.5104 3.94692 0.0664109 -4.80215 2.44823e-09
19.5328 3.94841 0.066361 -4.80328 2.44547e-09
19.5552 3.9499 0.0663112 -4.80441 2.44271e-09
19.5776 3.95138 0.0662615 -4.80553 2.43996e-09
19.6 3.95286 0.0662119 -4.80666 2.43721e-09
19.6224 3.95435 0.0661623 -4.80779 2.43447e-09
19.6448 3.95583 0.0661129 -4.80891 2.43174e-09
19.6672 3.95731 0.0660636 -4.81003 2.42901e-09
19.6896 3.95879 0.0660143 -4.81115 2.42629e-09
19.712 3.96027 0.0659652 -4.81227 2.42357e-09
19.7344 3.96174 0.0659161 -4.81339 2.42086e-09
19.7568 3.96322 0.0658671 -4.81451 2.41816e-09
19.7792 3.96469 0.0658182 -4.81563 2.41546e-09
19.8016 3.96617 0.0657694 -4.81674 2.41277e-09
19.824 3.96764 0.0657207 -4.81786 2.41008e-09
19.8464 3.96911 0.0656721 -4.81897 2.4074e-09
19.8688 3.97058 0.0656236 -4.82008 2.40473e-09
19.8912 3.97205 0.0655752 -4.82119 2.40206e-09
19.9136 3.97352 0.0655268 -4.8223 2.3994e-09
19.936 3.97499 0.0654786 -4.82341 2.39674e-09
19.9584 3.97645 0.0654304 -4.82451 2.39409e-09
19.9808 3.97792 0.0653824 -4.82562 2.39145e-09
20.0032 3.97938 0.0653344 -4.82672 2.38881e-09
20.0256 3.98085 0.0652865 -4.82782 2.38618e-09
20.048 3.98231 0.0652387 -4.82893 2.38355e-09
20.0704 3.98377 0.0651909 -4.83003 2.38093e-09
20.0928 3.98523 0.0651433 -4.83112 2.37832e-09
20.1152 3.98669 0.0650957 -4.83222 2.37571e-09
20.1376 3.98814 0.0650483 -4.83332 2.3731e-09
20.16 3.9896 0.0650009 -4.83441 2.3705e-09
20.1824 3.99106 0.0649536 -4.83551 2.36791e-09
20.2048 3.99251 0.0649064 -4.8366 2.36533e-09
20.2272 3.99396 0.0648593 -4.83769 2.36274e-09
20.2496 3.99542 0.0648123 -4.83878 2.36017e-09
20.272 3.99687 0.0647653 -4.83987 2.3576e-09
20.2944 3.99832 0.0647185 -4.84096 2.35503e-09
20.3168 3.99977 0.0646717 -4.84205 2.35248e-09
20.3392 4.00122 0.064625 -4.84314 2.34992e-09
20.3616 4.00266 0.0645784 -4.84422 2.34737e-09
20.384 4.00411 0.0645319 -4.8453 2.34483e-09
20.4064 4.00555 0.0644854 -4.84639 2.3423e-09
20.4288 4.007 0.0644391 -4.84747 2.33976e-09
20.4512 4.00844 0.0643928 -4.84855 2.33724e-09
20.4736 4.00988 0.0643466 -4.84963 2.33472e-09
20.496 4.01132 0.0643005 -4.8507 2.3322e-09
20.5184 4.01276 0.0642545 -4.85178 2.32969e-09
20.5408 4.0142 0.0642086 -4.85286 2.32719e-09
20.5632 4.01564 0.0641627 -4.85393 2.32469e-09
20.5856 4.01708 0.0641169 -4.855 2.3222e-09
20.608 4.01851 0.0640712 -4.85608 2.31971e-09
20.6304 4.01995 0.0640256 -4.85715 2.31723e-09
20.6528 4.02138 0.0639801 -4.85822 2.31475e-09
20.6752 4.02281 0.0639346 -4.85929 2.31228e-09
20.6976 4.02425 0.0638893 -4.86035 2.30981e-09
20.72 4.02568 0.063844 -4.86142 2.30735e-09
20.7424 4.02711 0.0637988 -4.86248 2.30489e-09
20.7648 4.02853 0.0637536 -4.86355 2.30244e-09
20.7872 4.02996 0.0637086 -4.86461 2.3e-09
20.8096 4.03139 0.0636636 -4.86567 2.29756e-09
20.832 4.03281 0.0636187 -4.86673 2.29512e-09
20.8544 4.03424 0.0635739 -4.86779 2.29269e-09
20.8768 4.03566 0.0635292 -4.86885 2.29026e-09
20.8992 4.03708 0.0634845 -4.86991 2.28784e-09
20.9216 4.03851 0.06344 -4.87097 2.28543e-09
20.944 4.03993 0.0633955 -4.87202 2.28302e-09
20.9664 4.04135 0.0633511 -4.87307 2.28061e-09
20.9888 4.04276 0.0633067 -4.87413 2.27821e-09
21.0112 4.04418 0.0632625 -4.87518 2.27582e-09
21.0336 4.0456 0.0632183 -4.87623 2.27343e-09
21.056 4.04701 0.0631742 -4.87728 2.27104e-09
21.0784 4.04843 0.0631301 -4.87833 2.26866e-09
21.1008 4.04984 0.0630862 -4.87938 2.26629e-09
21.1232 4.05126 0.0630423 -4.88042 2.26392e-09
21.1456 4.05267 0.0629985 -4.88147 2.26156e-09
21.168 4.05408 0.0629548 -4.88251 2.2592e-09
21.1904 4.05549 0.0629111 -4.88355 2.25684e-09
21.2128 4.0569 0.0628676 -4.8846 2.25449e-09
21.2352 4.0583 0.0628241 -4.88564 2.25215e-09
21.2576 4.05971 0.0627806 -4.88668 2.2498e-09
21.28 4.06112 0.0627373 -4.88772 2.24747e-09
21.3024 4.06252 0.062694 -4.88875 2.24514e-09
21.3248 4.06392 0.0626508 -4.88979 2.24281e-09
21.3472 4.06533 0.0626077 -4.89083 2.24049e-09
21.3696 4.06673 0.0625647 -4.89186 2.23818e-09
21.392 4.06813 0.0625217 -4.89289 2.23586e-09
21.4144 4.06953 0.0624788 -4.89393 2.23356e-09
21.4368 4.07093 0.062436 -4.89496 2.23126e-09
21.4592 4.07233 0.0623932 -4.89599 2.22896e-09
21.4816 4.07372 0.0623505 -4.89702 2.22667e-09
21.504 4.07512 0.0623079 -4.89804 2.22438e-09
21.5264 4.07652 0.0622654 -4.89907 2.22209e-09
21.5488 4.07791 0.0622229 -4.9001 2.21982e-09
21.5712 4.0793 0.0621806 -4.90112 2.21754e-09
21.5936 4.0807 0.0621382 -4.90215 2.21527e-09
21.616 4.08209 0.062096 -4.90317 2.21301e-09
21.6384 4.08348 0.0620538 -4.90419 2.21075e-09
21.6608 4.08487 0.0620117 -4.90521 2.20849e-09
21.6832 4.08626 0.0619697 -4.90623 2.20624e-09
21.7056 4.08764 0.0619277 -4.90725 2.204e-09
21.728 4.08903 0.0618859 -4.90827 2.20176e-09
21.7504 4.09042 0.061844 -4.90928 2.19952e-09
21.7728 4.0918 0.0618023 -4.9103 2.19729e-09
21.7952 4.09319 0.0617606 -4.91131 2.19506e-09
21.8176 4.09457 0.061719 -4.91233 2.19283e-09
21.84 4.09595 0.0616775 -4.91334 2.19062e-09
21.8624 4.09733 0.061636 -4.91435 2.1884e-09
21.8848 4.09871 0.0615946 -4.91536 2.18619e-09
21.9072 4.10009 0.0615533 -4.91637 2.18399e-09
21.9296 4.10147 0.0615121 -4.91738 2.18179e-09
21.952 4.10285 0.0614709 -4.91839 2.17959e-09
21.9744 4.10422 0.0614297 -4.91939 2.1774e-09
21.9968 4.1056 0.0613887 -4.9204 2.17521e-09
22.0192 4.10697 0.0613477 -4.9214 2.17303e-09
22.0416 4.10835 0.0613068 -4.92241 2.17085e-09
22.064 4.10972 0.061266 -4.92341 2.16867e-09
22.0864 4.11109 0.0612252 -4.92441 2.1665e-09
22.1088 4.11246 0.0611845 -4.92541 2.16434e-09
22.1312 4.11383 0.0611439 -4.92641 2.16217e-09
22.1536 4.1152 0.0611033 -4.92741 2.16002e-09
22.176 4.11657 0.0610628 -4.9284 2.15786e-09
22.1984 4.11794 0.0610223 -4.9294 2.15571e-09
22.2208 4.1193 0.060982 -4.9304 2.15357e-09
22.2432 4.12067 0.0609417 -4.93139 2.15143e-09
22.2656 4.12203 0.0609014 -4.93238 2.14929e-09
22.288 4.1234 0.0608613 -4.93338 2.14716e-09
22.3104 4.12476 0.0608212 -4.93437 2.14503e-09
22.3328 4.12612 0.0607811 -4.93536 2.14291e-09
22.3552 4.12748 0.0607412 -4.93635 2.14079e-09
22.3776 4.12884 0.0607013 -4.93734 2.13868e-09
22.4 4.1302 0.0606614 -4.93832 2.13657e-09
