-3.5 -nan -nan -nan -nan
-3.4965 -nan -nan -nan -nan
-3.493 -nan -nan -nan -nan
-3.4895 -nan -nan -nan -nan
-3.486 -nan -nan -nan -nan
-3.4825 -nan -nan -nan -nan
-3.479 -nan -nan -nan -nan
-3.4755 -nan -nan -nan -nan
-3.472 -nan -nan -nan -nan
-3.4685 -nan -nan -nan -nan
-3.465 -nan -nan -nan -nan
-3.4615 -nan -nan -nan -nan
-3.458 -nan -nan -nan -nan
-3.4545 -nan -nan -nan -nan
-3.451 -nan -nan -nan -nan
-3.4475 -nan -nan -nan -nan
-3.444 -nan -nan -nan -nan
-3.4405 -nan -nan -nan -nan
-3.437 -nan -nan -nan -nan
-3.4335 -nan -nan -nan -nan
-3.43 -nan -nan -nan -nan
-3.4265 -nan -nan -nan -nan
-3.423 -nan -nan -nan -nan
-3.4195 0.000734851 6.42842e-06 32.6622 5.05443e-20
-3.416 0.000734902 2.23024e-05 30.174 7.32588e-18
-3.4125 0.000735008 3.81709e-05 29.0986 6.29094e-17
-3.409 0.000735169 5.40321e-05 28.4028 2.52824e-16
-3.4055 0.000735386 6.98846e-05 27.8872 7.08333e-16
-3.402 0.000735658 8.57276e-05 27.4774 1.60603e-15
-3.3985 0.000735986 0.000101561 27.137 3.16793e-15
-3.395 0.000736369 0.000117384 26.846 5.66161e-15
-3.3915 0.000736808 0.000133197 26.5915 9.40035e-15
-3.388 0.000737301 0.000149 26.3655 1.47433e-14
-3.3845 0.000737851 0.000164793 26.1621 2.20954e-14
-3.381 0.000738455 0.000180578 25.9771 3.19081e-14
-3.3775 0.000739115 0.000196354 25.8075 4.4679e-14
-3.374 0.000739829 0.000212122 25.6507 6.09524e-14
-3.3705 0.000740599 0.000227882 25.505 8.13191e-14
-3.367 0.000741425 0.000243637 25.3689 1.06417e-13
-3.3635 0.000742305 0.000259386 25.241 1.36932e-13
-3.36 0.00074324 0.000275131 25.1205 1.73596e-13
-3.3565 0.000744231 0.000290872 25.0065 2.17189e-13
-3.353 0.000745276 0.00030661 24.8983 2.68541e-13
-3.3495 0.000746377 0.000322348 24.7952 3.28528e-13
-3.346 0.000747533 0.000338085 24.6969 3.98075e-13
-3.3425 0.000748744 0.000353823 24.6028 4.78157e-13
-3.339 0.00075001 0.000369563 24.5126 5.69797e-13
-3.3355 0.000751331 0.000385306 24.426 6.74069e-13
-3.332 0.000752707 0.000401054 24.3426 7.92096e-13
-3.3285 0.000754138 0.000416807 24.2621 9.25051e-13
-3.325 0.000755624 0.000432568 24.1844 1.07416e-12
-3.3215 0.000757166 0.000448336 24.1093 1.2407e-12
-3.318 0.000758763 0.000464115 24.0366 1.42599e-12
-3.3145 0.000760415 0.000479904 23.966 1.63142e-12
-3.311 0.000762122 0.000495706 23.8975 1.85842e-12
-3.3075 0.000763885 0.000511521 23.8309 2.10848e-12
-3.304 0.000765703 0.000527351 23.7661 2.38312e-12
-3.3005 0.000767576 0.000543197 23.703 2.68396e-12
-3.297 0.000769505 0.000559061 23.6415 3.01263e-12
-3.2935 0.00077149 0.000574943 23.5815 3.37084e-12
-3.29 0.00077353 0.000590846 23.5228 3.76036e-12
-3.2865 0.000775626 0.000606771 23.4655 4.183e-12
-3.283 0.000777777 0.000622719 23.4094 4.64063e-12
-3.2795 0.000779985 0.000638691 23.3546 5.13519e-12
-3.276 0.000782248 0.000654689 23.3008 5.66867e-12
-3.2725 0.000784568 0.000670715 23.2481 6.24313e-12
-3.269 0.000786943 0.000686768 23.1964 6.86068e-12
-3.2655 0.000789375 0.000702852 23.1456 7.52349e-12
-3.262 0.000791863 0.000718968 23.0958 8.23381e-12
-3.2585 0.000794408 0.000735116 23.0469 8.99394e-12
-3.255 0.000797009 0.000751298 22.9987 9.80625e-12
-3.2515 0.000799667 0.000767516 22.9514 1.06732e-11
-3.248 0.000802382 0.00078377 22.9048 1.15972e-11
-3.2445 0.000805153 0.000800063 22.8589 1.25809e-11
-3.241 0.000807982 0.000816396 22.8137 1.36269e-11
-3.2375 0.000810868 0.00083277 22.7692 1.47379e-11
-3.234 0.000813812 0.000849187 22.7252 1.59168e-11
-3.2305 0.000816812 0.000865647 22.6819 1.71663e-11
-3.227 0.000819871 0.000882153 22.6392 1.84893e-11
-3.2235 0.000822988 0.000898705 22.597 1.9889e-11
-3.22 0.000826162 0.000915306 22.5554 2.13683e-11
-3.2165 0.000829395 0.000931956 22.5142 2.29305e-11
-3.213 0.000832686 0.000948657 22.4736 2.45787e-11
-3.2095 0.000836035 0.00096541 22.4334 2.63164e-11
-3.206 0.000839444 0.000982217 22.3937 2.81468e-11
-3.2025 0.000842911 0.000999079 22.3544 3.00735e-11
-3.199 0.000846437 0.001016 22.3155 3.21e-11
-3.1955 0.000850023 0.00103297 22.2771 3.42301e-11
-3.192 0.000853668 0.00105001 22.239 3.64675e-11
-3.1885 0.000857373 0.00106711 22.2013 3.88161e-11
-3.185 0.000861138 0.00108426 22.164 4.12797e-11
-3.1815 0.000864963 0.00110149 22.127 4.38624e-11
-3.178 0.000868849 0.00111877 22.0903 4.65685e-11
-3.1745 0.000872795 0.00113612 22.054 4.94021e-11
-3.171 0.000876802 0.00115355 22.018 5.23675e-11
-3.1675 0.00088087 0.00117103 21.9822 5.54693e-11
-3.164 0.000884999 0.00118859 21.9468 5.8712e-11
-3.1605 0.00088919 0.00120623 21.9117 6.21002e-11
-3.157 0.000893443 0.00122393 21.8768 6.56389e-11
-3.1535 0.000897757 0.00124171 21.8422 6.93328e-11
-3.15 0.000902135 0.00125957 21.8079 7.3187e-11
-3.1465 0.000906574 0.0012775 21.7738 7.72066e-11
-3.143 0.000911077 0.00129551 21.7399 8.1397e-11
-3.1395 0.000915643 0.0013136 21.7063 8.57635e-11
-3.136 0.000920273 0.00133178 21.6729 9.03116e-11
-3.1325 0.000924966 0.00135004 21.6397 9.50471e-11
-3.129 0.000929723 0.00136838 21.6067 9.99758e-11
-3.1255 0.000934544 0.0013868 21.574 1.05104e-10
-3.122 0.000939431 0.00140532 21.5414 1.10436e-10
-3.1185 0.000944382 0.00142392 21.509 1.15981e-10
-3.115 0.000949398 0.00144262 21.4768 1.21743e-10
-3.1115 0.00095448 0.0014614 21.4448 1.27729e-10
-3.108 0.000959628 0.00148028 21.413 1.33947e-10
-3.1045 0.000964842 0.00149925 21.3813 1.40403e-10
-3.101 0.000970123 0.00151832 21.3498 1.47103e-10
-3.0975 0.000975471 0.00153749 21.3185 1.54056e-10
-3.094 0.000980885 0.00155675 21.2873 1.61268e-10
-3.0905 0.000986368 0.00157612 21.2563 1.68748e-10
-3.087 0.000991918 0.00159558 21.2254 1.76502e-10
-3.0835 0.000997537 0.00161515 21.1947 1.8454e-10
-3.08 0.00100322 0.00163483 21.1641 1.92868e-10
-3.0765 0.00100898 0.00165461 21.1336 2.01496e-10
-3.073 0.00101481 0.00167449 21.1033 2.10431e-10
-3.0695 0.0010207 0.00169449 21.0731 2.19683e-10
-3.066 0.00102667 0.0017146 21.043 2.29261e-10
-3.0625 0.0010327 0.00173482 21.013 2.39174e-10
-3.059 0.00103881 0.00175515 20.9832 2.49431e-10
-3.0555 0.00104499 0.0017756 20.9535 2.60042e-10
-3.052 0.00105124 0.00179616 20.9238 2.71016e-10
-3.0485 0.00105756 0.00181685 20.8943 2.82365e-10
-3.045 0.00106396 0.00183765 20.8649 2.94097e-10
-3.0415 0.00107043 0.00185857 20.8356 3.06225e-10
-3.038 0.00107697 0.00187962 20.8064 3.18759e-10
-3.0345 0.00108359 0.00190078 20.7774 3.31709e-10
-3.031 0.00109028 0.00192208 20.7483 3.45088e-10
-3.0275 0.00109704 0.0019435 20.7194 3.58907e-10
-3.024 0.00110388 0.00196505 20.6906 3.73179e-10
-3.0205 0.0011108 0.00198673 20.6619 3.87915e-10
-3.017 0.00111779 0.00200854 20.6332 4.03128e-10
-3.0135 0.00112486 0.00203049 20.6047 4.18831e-10
-3.01 0.001132 0.00205257 20.5762 4.35037e-10
-3.0065 0.00113922 0.00207479 20.5478 4.51761e-10
-3.003 0.00114652 0.00209714 20.5195 4.69015e-10
-2.9995 0.0011539 0.00211964 20.4912 4.86815e-10
-2.996 0.00116136 0.00214228 20.4631 5.05175e-10
-2.9925 0.0011689 0.00216505 20.4349 5.24109e-10
-2.989 0.00117652 0.00218798 20.4069 5.43633e-10
-2.9855 0.00118422 0.00221105 20.379 5.63764e-10
-2.982 0.001192 0.00223427 20.3511 5.84517e-10
-2.9785 0.00119986 0.00225763 20.3232 6.05908e-10
-2.975 0.0012078 0.00228115 20.2955 6.27955e-10
-2.9715 0.00121582 0.00230482 20.2678 6.50675e-10
-2.968 0.00122393 0.00232865 20.2401 6.74086e-10
-2.9645 0.00123213 0.00235263 20.2125 6.98206e-10
-2.961 0.0012404 0.00237677 20.185 7.23054e-10
-2.9575 0.00124876 0.00240107 20.1575 7.48649e-10
-2.954 0.00125721 0.00242553 20.1301 7.75011e-10
-2.9505 0.00126574 0.00245015 20.1028 8.0216e-10
-2.947 0.00127436 0.00247494 20.0754 8.30117e-10
-2.9435 0.00128307 0.00249989 20.0482 8.58903e-10
-2.94 0.00129186 0.00252501 20.021 8.88539e-10
-2.9365 0.00130074 0.00255031 19.9938 9.19048e-10
-2.933 0.00130971 0.00257577 19.9667 9.50453e-10
-2.9295 0.00131877 0.00260141 19.9397 9.82777e-10
-2.926 0.00132792 0.00262722 19.9126 1.01604e-09
-2.9225 0.00133716 0.00265321 19.8857 1.05028e-09
-2.919 0.0013465 0.00267938 19.8587 1.08551e-09
-2.9155 0.00135592 0.00270573 19.8319 1.12176e-09
-2.912 0.00136544 0.00273226 19.805 1.15905e-09
-2.9085 0.00137504 0.00275898 19.7782 1.19741e-09
-2.905 0.00138475 0.00278588 19.7514 1.23688e-09
-2.9015 0.00139455 0.00281297 19.7247 1.27747e-09
-2.898 0.00140444 0.00284025 19.698 1.31923e-09
-2.8945 0.00141443 0.00286772 19.6714 1.36217e-09
-2.891 0.00142451 0.00289539 19.6448 1.40633e-09
-2.8875 0.0014347 0.00292325 19.6182 1.45174e-09
-2.884 0.00144498 0.00295131 19.5917 1.49843e-09
-2.8805 0.00145536 0.00297957 19.5652 1.54644e-09
-2.877 0.00146583 0.00300803 19.5387 1.5958e-09
-2.8735 0.00147641 0.0030367 19.5123 1.64655e-09
-2.87 0.00148709 0.00306557 19.4858 1.69872e-09
-2.8665 0.00149787 0.00309464 19.4595 1.75234e-09
-2.863 0.00150875 0.00312393 19.4331 1.80746e-09
-2.8595 0.00151974 0.00315343 19.4068 1.86411e-09
-2.856 0.00153083 0.00318314 19.3805 1.92234e-09
-2.8525 0.00154202 0.00321307 19.3543 1.98218e-09
-2.849 0.00155332 0.00324322 19.3281 2.04367e-09
-2.8455 0.00156472 0.00327358 19.3019 2.10686e-09
-2.842 0.00157624 0.00330417 19.2757 2.17179e-09
-2.8385 0.00158785 0.00333498 19.2495 2.23851e-09
-2.835 0.00159958 0.00336602 19.2234 2.30706e-09
-2.8315 0.00161142 0.00339728 19.1973 2.37749e-09
-2.828 0.00162336 0.00342878 19.1713 2.44984e-09
-2.8245 0.00163542 0.00346051 19.1452 2.52417e-09
-2.821 0.00164759 0.00349247 19.1192 2.60053e-09
-2.8175 0.00165987 0.00352467 19.0932 2.67896e-09
-2.814 0.00167226 0.00355711 19.0672 2.75953e-09
-2.8105 0.00168477 0.00358979 19.0413 2.84228e-09
-2.807 0.00169739 0.00362272 19.0153 2.92728e-09
-2.8035 0.00171012 0.00365589 18.9894 3.01457e-09
-2.8 0.00172298 0.00368931 18.9636 3.10422e-09
-2.7965 0.00173595 0.00372298 18.9377 3.1963e-09
-2.793 0.00174904 0.0037569 18.9118 3.29085e-09
-2.7895 0.00176225 0.00379108 18.886 3.38794e-09
-2.786 0.00177558 0.00382551 18.8602 3.48765e-09
-2.7825 0.00178903 0.00386021 18.8344 3.59002e-09
-2.779 0.0018026 0.00389516 18.8087 3.69515e-09
-2.7755 0.00181629 0.00393039 18.7829 3.80308e-09
-2.772 0.00183011 0.00396587 18.7572 3.9139e-09
-2.7685 0.00184406 0.00400163 18.7315 4.02768e-09
-2.765 0.00185812 0.00403766 18.7058 4.14449e-09
-2.7615 0.00187232 0.00407397 18.6801 4.26442e-09
-2.758 0.00188664 0.00411055 18.6544 4.38753e-09
-2.7545 0.00190109 0.00414741 18.6288 4.51391e-09
-2.751 0.00191567 0.00418455 18.6032 4.64365e-09
-2.7475 0.00193039 0.00422198 18.5775 4.77683e-09
-2.744 0.00194523 0.00425969 18.5519 4.91354e-09
-2.7405 0.0019602 0.0042977 18.5264 5.05386e-09
-2.737 0.00197531 0.00433599 18.5008 5.1979e-09
-2.7335 0.00199056 0.00437458 18.4752 5.34573e-09
-2.73 0.00200594 0.00441347 18.4497 5.49747e-09
-2.7265 0.00202145 0.00445266 18.4242 5.65321e-09
-2.723 0.0020371 0.00449215 18.3987 5.81304e-09
-2.7195 0.0020529 0.00453195 18.3732 5.97708e-09
-2.716 0.00206883 0.00457205 18.3477 6.14544e-09
-2.7125 0.0020849 0.00461247 18.3222 6.31821e-09
-2.709 0.00210112 0.0046532 18.2968 6.49552e-09
-2.7055 0.00211747 0.00469425 18.2713 6.67747e-09
-2.702 0.00213398 0.00473561 18.2459 6.86419e-09
-2.6985 0.00215062 0.0047773 18.2205 7.0558e-09
-2.695 0.00216742 0.00481931 18.195 7.25241e-09
-2.6915 0.00218436 0.00486166 18.1696 7.45417e-09
-2.688 0.00220145 0.00490433 18.1443 7.66119e-09
-2.6845 0.00221869 0.00494733 18.1189 7.87362e-09
-2.681 0.00223608 0.00499067 18.0935 8.09158e-09
-2.6775 0.00225362 0.00503436 18.0682 8.31522e-09
-2.674 0.00227132 0.00507838 18.0428 8.54469e-09
-2.6705 0.00228917 0.00512275 18.0175 8.78012e-09
-2.667 0.00230718 0.00516747 17.9922 9.02167e-09
-2.6635 0.00232535 0.00521254 17.9668 9.2695e-09
-2.66 0.00234367 0.00525797 17.9415 9.52377e-09
-2.6565 0.00236215 0.00530375 17.9163 9.78463e-09
-2.653 0.0023808 0.00534989 17.891 1.00523e-08
-2.6495 0.0023996 0.0053964 17.8657 1.03268e-08
-2.646 0.00241857 0.00544328 17.8404 1.06085e-08
-2.6425 0.00243771 0.00549052 17.8152 1.08975e-08
-2.639 0.00245701 0.00553814 17.7899 1.11939e-08
-2.6355 0.00247647 0.00558614 17.7647 1.1498e-08
-2.632 0.00249611 0.00563452 17.7394 1.181e-08
-2.6285 0.00251592 0.00568328 17.7142 1.213e-08
-2.625 0.00253589 0.00573243 17.689 1.24583e-08
-2.6215 0.00255604 0.00578197 17.6638 1.2795e-08
-2.618 0.00257637 0.0058319 17.6386 1.31404e-08
-2.6145 0.00259687 0.00588223 17.6134 1.34948e-08
-2.611 0.00261754 0.00593296 17.5882 1.38582e-08
-2.6075 0.0026384 0.00598409 17.563 1.4231e-08
-2.604 0.00265943 0.00603563 17.5379 1.46134e-08
-2.6005 0.00268065 0.00608758 17.5127 1.50057e-08
-2.597 0.00270205 0.00613995 17.4876 1.5408e-08
-2.5935 0.00272363 0.00619274 17.4624 1.58207e-08
-2.59 0.0027454 0.00624594 17.4373 1.6244e-08
-2.5865 0.00276735 0.00629957 17.4121 1.66781e-08
-2.583 0.00278949 0.00635364 17.387 1.71234e-08
-2.5795 0.00281183 0.00640813 17.3619 1.75801e-08
-2.576 0.00283435 0.00646306 17.3368 1.80485e-08
-2.5725 0.00285707 0.00651843 17.3117 1.85289e-08
-2.569 0.00287998 0.00657424 17.2866 1.90216e-08
-2.5655 0.00290309 0.00663051 17.2615 1.9527e-08
-2.562 0.00292639 0.00668722 17.2364 2.00453e-08
-2.5585 0.0029499 0.00674439 17.2113 2.05768e-08
-2.555 0.00297361 0.00680202 17.1862 2.11219e-08
-2.5515 0.00299751 0.00686011 17.1611 2.1681e-08
-2.548 0.00302163 0.00691867 17.1361 2.22544e-08
-2.5445 0.00304595 0.0069777 17.111 2.28424e-08
-2.541 0.00307047 0.00703721 17.0859 2.34455e-08
-2.5375 0.00309521 0.00709719 17.0609 2.4064e-08
-2.534 0.00312015 0.00715766 17.0358 2.46982e-08
-2.5305 0.00314531 0.00721862 17.0108 2.53486e-08
-2.527 0.00317068 0.00728007 16.9857 2.60157e-08
-2.5235 0.00319627 0.00734201 16.9607 2.66997e-08
-2.52 0.00322208 0.00740446 16.9357 2.74012e-08
-2.5165 0.0032481 0.00746741 16.9107 2.81206e-08
-2.513 0.00327435 0.00753086 16.8856 2.88583e-08
-2.5095 0.00330082 0.00759484 16.8606 2.96147e-08
-2.506 0.00332751 0.00765932 16.8356 3.03905e-08
-2.5025 0.00335444 0.00772434 16.8106 3.1186e-08
-2.499 0.00338159 0.00778987 16.7856 3.20018e-08
-2.4955 0.00340897 0.00785594 16.7606 3.28383e-08
-2.492 0.00343658 0.00792254 16.7356 3.36961e-08
-2.4885 0.00346442 0.00798969 16.7106 3.45757e-08
-2.485 0.00349251 0.00805737 16.6856 3.54777e-08
-2.4815 0.00352083 0.00812561 16.6607 3.64026e-08
-2.478 0.00354939 0.0081944 16.6357 3.7351e-08
-2.4745 0.00357819 0.00826375 16.6107 3.83235e-08
-2.471 0.00360723 0.00833366 16.5857 3.93207e-08
-2.4675 0.00363652 0.00840414 16.5608 4.03432e-08
-2.464 0.00366606 0.00847519 16.5358 4.13917e-08
-2.4605 0.00369585 0.00854682 16.5108 4.24669e-08
-2.457 0.00372589 0.00861903 16.4859 4.35693e-08
-2.4535 0.00375618 0.00869183 16.4609 4.46997e-08
-2.45 0.00378673 0.00876522 16.436 4.58587e-08
-2.4465 0.00381754 0.00883921 16.411 4.70472e-08
-2.443 0.00384861 0.00891381 16.3861 4.82658e-08
-2.4395 0.00387994 0.00898901 16.3611 4.95152e-08
-2.436 0.00391153 0.00906482 16.3362 5.07964e-08
-2.4325 0.00394339 0.00914125 16.3113 5.211e-08
-2.429 0.00397552 0.0092183 16.2863 5.34569e-08
-2.4255 0.00400792 0.00929598 16.2614 5.4838e-08
-2.422 0.0040406 0.0093743 16.2365 5.6254e-08
-2.4185 0.00407354 0.00945325 16.2116 5.77059e-08
-2.415 0.00410677 0.00953285 16.1866 5.91945e-08
-2.4115 0.00414027 0.0096131 16.1617 6.07208e-08
-2.408 0.00417406 0.009694 16.1368 6.22858e-08
-2.4045 0.00420813 0.00977557 16.1119 6.38903e-08
-2.401 0.00424249 0.0098578 16.087 6.55355e-08
-2.3975 0.00427714 0.0099407 16.0621 6.72223e-08
-2.394 0.00431208 0.0100243 16.0372 6.89517e-08
-2.3905 0.00434731 0.0101085 16.0123 7.07249e-08
-2.387 0.00438284 0.0101935 15.9874 7.2543e-08
-2.3835 0.00441866 0.0102791 15.9625 7.44069e-08
-2.38 0.00445479 0.0103655 15.9376 7.63181e-08
-2.3765 0.00449122 0.0104525 15.9127 7.82775e-08
-2.373 0.00452796 0.0105403 15.8878 8.02864e-08
-2.3695 0.00456501 0.0106288 15.8629 8.23461e-08
-2.366 0.00460236 0.010718 15.838 8.44579e-08
-2.3625 0.00464003 0.010808 15.8132 8.66229e-08
-2.359 0.00467802 0.0108986 15.7883 8.88427e-08
-2.3555 0.00471632 0.0109901 15.7634 9.11185e-08
-2.352 0.00475495 0.0110822 15.7385 9.34518e-08
-2.3485 0.0047939 0.0111752 15.7136 9.58441e-08
-2.345 0.00483318 0.0112688 15.6888 9.82967e-08
-2.3415 0.00487278 0.0113633 15.6639 1.00811e-07
-2.338 0.00491272 0.0114585 15.639 1.03389e-07
-2.3345 0.00495299 0.0115545 15.6142 1.06032e-07
-2.331 0.00499361 0.0116514 15.5893 1.08742e-07
-2.3275 0.00503456 0.0117489 15.5644 1.1152e-07
-2.324 0.00507585 0.0118473 15.5396 1.14368e-07
-2.3205 0.00511749 0.0119466 15.5147 1.17288e-07
-2.317 0.00515948 0.0120466 15.4898 1.20282e-07
-2.3135 0.00520181 0.0121474 15.465 1.23351e-07
-2.31 0.00524451 0.0122491 15.4401 1.26498e-07
-2.3065 0.00528756 0.0123516 15.4153 1.29724e-07
-2.303 0.00533097 0.0124549 15.3904 1.33031e-07
-2.2995 0.00537474 0.0125591 15.3656 1.36422e-07
-2.296 0.00541889 0.0126642 15.3407 1.39898e-07
-2.2925 0.0054634 0.0127701 15.3159 1.43461e-07
-2.289 0.00550828 0.0128769 15.291 1.47115e-07
-2.2855 0.00555353 0.0129846 15.2662 1.5086e-07
-2.282 0.00559917 0.0130931 15.2413 1.547e-07
-2.2785 0.00564519 0.0132026 15.2165 1.58637e-07
-2.275 0.00569159 0.0133129 15.1917 1.62673e-07
-2.2715 0.00573838 0.0134242 15.1668 1.66811e-07
-2.268 0.00578556 0.0135363 15.142 1.71052e-07
-2.2645 0.00583313 0.0136494 15.1171 1.75401e-07
-2.261 0.00588111 0.0137635 15.0923 1.79859e-07
-2.2575 0.00592948 0.0138784 15.0675 1.8443e-07
-2.254 0.00597826 0.0139943 15.0426 1.89115e-07
-2.2505 0.00602744 0.0141112 15.0178 1.93919e-07
-2.247 0.00607704 0.014229 14.993 1.98843e-07
-2.2435 0.00612705 0.0143478 14.9682 2.03892e-07
-2.24 0.00617747 0.0144676 14.9433 2.09067e-07
-2.2365 0.00622832 0.0145884 14.9185 2.14373e-07
-2.233 0.00627959 0.0147101 14.8937 2.19812e-07
-2.2295 0.00633129 0.0148329 14.8688 2.25389e-07
-2.226 0.00638342 0.0149567 14.844 2.31105e-07
-2.2225 0.00643599 0.0150815 14.8192 2.36966e-07
-2.219 0.00648899 0.0152073 14.7944 2.42973e-07
-2.2155 0.00654244 0.0153342 14.7696 2.49132e-07
-2.212 0.00659633 0.0154621 14.7447 2.55447e-07
-2.2085 0.00665068 0.015591 14.7199 2.61919e-07
-2.205 0.00670547 0.0157211 14.6951 2.68555e-07
-2.2015 0.00676073 0.0158522 14.6703 2.75358e-07
-2.198 0.00681644 0.0159843 14.6455 2.82332e-07
-2.1945 0.00687262 0.0161176 14.6207 2.89481e-07
-2.191 0.00692926 0.016252 14.5958 2.9681e-07
-2.1875 0.00698638 0.0163875 14.571 3.04323e-07
-2.184 0.00704398 0.0165241 14.5462 3.12025e-07
-2.1805 0.00710205 0.0166618 14.5214 3.19921e-07
-2.177 0.00716061 0.0168007 14.4966 3.28016e-07
-2.1735 0.00721966 0.0169407 14.4718 3.36314e-07
-2.17 0.0072792 0.0170819 14.447 3.4482e-07
-2.1665 0.00733923 0.0172242 14.4222 3.53541e-07
-2.163 0.00739977 0.0173677 14.3974 3.62481e-07
-2.1595 0.00746081 0.0175124 14.3726 3.71645e-07
-2.156 0.00752236 0.0176583 14.3477 3.8104e-07
-2.1525 0.00758442 0.0178054 14.3229 3.90671e-07
-2.149 0.007647 0.0179537 14.2981 4.00544e-07
-2.1455 0.0077101 0.0181033 14.2733 4.10666e-07
-2.142 0.00777372 0.018254 14.2485 4.21042e-07
-2.1385 0.00783787 0.0184061 14.2237 4.31678e-07
-2.135 0.00790256 0.0185593 14.1989 4.42582e-07
-2.1315 0.00796779 0.0187139 14.1741 4.5376e-07
-2.128 0.00803356 0.0188697 14.1493 4.65218e-07
-2.1245 0.00809988 0.0190268 14.1245 4.76965e-07
-2.121 0.00816675 0.0191852 14.0997 4.89007e-07
-2.1175 0.00823418 0.0193449 14.0749 5.01351e-07
-2.114 0.00830217 0.019506 14.0501 5.14006e-07
-2.1105 0.00837072 0.0196684 14.0253 5.26978e-07
-2.107 0.00843985 0.0198321 14.0005 5.40277e-07
-2.1035 0.00850955 0.0199972 13.9757 5.53909e-07
-2.1 0.00857983 0.0201636 13.9509 5.67884e-07
-2.0965 0.0086507 0.0203314 13.9261 5.82211e-07
-2.093 0.00872215 0.0205006 13.9013 5.96897e-07
-2.0895 0.0087942 0.0206712 13.8766 6.11951e-07
-2.086 0.00886685 0.0208432 13.8518 6.27384e-07
-2.0825 0.00894011 0.0210167 13.827 6.43205e-07
-2.079 0.00901397 0.0211915 13.8022 6.59423e-07
-2.0755 0.00908845 0.0213679 13.7774 6.76049e-07
-2.072 0.00916355 0.0215457 13.7526 6.93092e-07
-2.0685 0.00923927 0.0217249 13.7278 7.10563e-07
-2.065 0.00931562 0.0219056 13.703 7.28472e-07
-2.0615 0.00939261 0.0220879 13.6782 7.46832e-07
-2.058 0.00947024 0.0222716 13.6534 7.65653e-07
-2.0545 0.00954851 0.0224569 13.6286 7.84946e-07
-2.051 0.00962744 0.0226437 13.6038 8.04724e-07
-2.0475 0.00970702 0.022832 13.5791 8.24998e-07
-2.044 0.00978727 0.0230219 13.5543 8.45781e-07
-2.0405 0.00986818 0.0232134 13.5295 8.67087e-07
-2.037 0.00994976 0.0234065 13.5047 8.88927e-07
-2.0335 0.010032 0.0236012 13.4799 9.11316e-07
-2.03 0.010115 0.0237974 13.4551 9.34266e-07
-2.0265 0.0101986 0.0239953 13.4303 9.57794e-07
-2.023 0.0102829 0.0241949 13.4055 9.81911e-07
-2.0195 0.010368 0.0243961 13.3808 1.00663e-06
-2.016 0.0104537 0.024599 13.356 1.03198e-06
-2.0125 0.0105402 0.0248035 13.3312 1.05796e-06
-2.009 0.0106273 0.0250098 13.3064 1.08459e-06
-2.0055 0.0107152 0.0252177 13.2816 1.11189e-06
-2.002 0.0108039 0.0254274 13.2568 1.13988e-06
-1.9985 0.0108932 0.0256388 13.232 1.16857e-06
-1.995 0.0109833 0.025852 13.2073 1.19798e-06
-1.9915 0.0110742 0.0260669 13.1825 1.22812e-06
-1.988 0.0111658 0.0262836 13.1577 1.25903e-06
-1.9845 0.0112582 0.0265021 13.1329 1.29071e-06
-1.981 0.0113513 0.0267225 13.1081 1.32318e-06
-1.9775 0.0114452 0.0269446 13.0833 1.35647e-06
-1.974 0.0115399 0.0271686 13.0586 1.3906e-06
-1.9705 0.0116354 0.0273945 13.0338 1.42558e-06
-1.967 0.0117317 0.0276222 13.009 1.46144e-06
-1.9635 0.0118288 0.0278518 12.9842 1.4982e-06
-1.96 0.0119267 0.0280833 12.9594 1.53588e-06
-1.9565 0.0120254 0.0283168 12.9346 1.57451e-06
-1.953 0.0121249 0.0285521 12.9099 1.61411e-06
-1.9495 0.0122252 0.0287895 12.8851 1.6547e-06
-1.946 0.0123264 0.0290288 12.8603 1.69631e-06
-1.9425 0.0124284 0.0292701 12.8355 1.73897e-06
-1.939 0.0125313 0.0295134 12.8107 1.78269e-06
-1.9355 0.012635 0.0297587 12.786 1.82751e-06
-1.932 0.0127396 0.030006 12.7612 1.87346e-06
-1.9285 0.0128451 0.0302554 12.7364 1.92056e-06
-1.925 0.0129514 0.0305069 12.7116 1.96884e-06
-1.9215 0.0130586 0.0307604 12.6868 2.01834e-06
-1.918 0.0131667 0.0310161 12.662 2.06907e-06
-1.9145 0.0132757 0.0312739 12.6373 2.12108e-06
-1.911 0.0133857 0.0315338 12.6125 2.1744e-06
-1.9075 0.0134965 0.0317959 12.5877 2.22905e-06
-1.904 0.0136082 0.0320601 12.5629 2.28507e-06
-1.9005 0.0137209 0.0323266 12.5381 2.3425e-06
-1.897 0.0138345 0.0325952 12.5134 2.40137e-06
-1.8935 0.0139491 0.0328661 12.4886 2.46172e-06
-1.89 0.0140646 0.0331393 12.4638 2.52358e-06
-1.8865 0.0141811 0.0334147 12.439 2.587e-06
-1.883 0.0142985 0.0336924 12.4143 2.652e-06
-1.8795 0.0144169 0.0339724 12.3895 2.71864e-06
-1.876 0.0145363 0.0342547 12.3647 2.78695e-06
-1.8725 0.0146567 0.0345394 12.3399 2.85697e-06
-1.869 0.0147781 0.0348264 12.3151 2.92875e-06
-1.8655 0.0149005 0.0351158 12.2904 3.00233e-06
-1.862 0.0150239 0.0354077 12.2656 3.07775e-06
-1.8585 0.0151483 0.0357019 12.2408 3.15507e-06
-1.855 0.0152738 0.0359986 12.216 3.23433e-06
-1.8515 0.0154003 0.0362978 12.1912 3.31558e-06
-1.848 0.0155279 0.0365994 12.1665 3.39886e-06
-1.8445 0.0156565 0.0369036 12.1417 3.48424e-06
-1.841 0.0157862 0.0372103 12.1169 3.57176e-06
-1.8375 0.015917 0.0375195 12.0921 3.66147e-06
-1.834 0.0160489 0.0378313 12.0673 3.75343e-06
-1.8305 0.0161818 0.0381457 12.0426 3.8477e-06
-1.827 0.0163159 0.0384627 12.0178 3.94434e-06
-1.8235 0.0164511 0.0387824 11.993 4.0434e-06
-1.82 0.0165874 0.0391047 11.9682 4.14495e-06
-1.8165 0.0167248 0.0394297 11.9435 4.24904e-06
-1.813 0.0168634 0.0397574 11.9187 4.35575e-06
-1.8095 0.0170031 0.0400878 11.8939 4.46513e-06
-1.806 0.017144 0.0404209 11.8691 4.57725e-06
-1.8025 0.0172861 0.0407569 11.8443 4.69219e-06
-1.799 0.0174293 0.0410956 11.8196 4.81002e-06
-1.7955 0.0175737 0.0414371 11.7948 4.9308e-06
-1.792 0.0177194 0.0417815 11.77 5.05461e-06
-1.7885 0.0178662 0.0421287 11.7452 5.18152e-06
-1.785 0.0180143 0.0424789 11.7204 5.31162e-06
-1.7815 0.0181636 0.0428319 11.6957 5.44498e-06
-1.778 0.0183141 0.0431879 11.6709 5.58169e-06
-1.7745 0.0184659 0.0435468 11.6461 5.72183e-06
-1.771 0.0186189 0.0439088 11.6213 5.86549e-06
-1.7675 0.0187732 0.0442737 11.5965 6.01274e-06
-1.764 0.0189288 0.0446417 11.5718 6.1637e-06
-1.7605 0.0190857 0.0450127 11.547 6.31844e-06
-1.757 0.0192439 0.0453869 11.5222 6.47706e-06
-1.7535 0.0194035 0.0457641 11.4974 6.63966e-06
-1.75 0.0195643 0.0461445 11.4727 6.80634e-06
-1.7465 0.0197265 0.046528 11.4479 6.9772e-06
-1.743 0.01989 0.0469148 11.4231 7.15235e-06
-1.7395 0.0200549 0.0473047 11.3983 7.33189e-06
-1.736 0.0202211 0.0476979 11.3735 7.51594e-06
-1.7325 0.0203888 0.0480944 11.3488 7.7046e-06
-1.729 0.0205578 0.0484942 11.324 7.898e-06
-1.7255 0.0207282 0.0488973 11.2992 8.09625e-06
-1.722 0.0209001 0.0493038 11.2744 8.29947e-06
-1.7185 0.0210734 0.0497136 11.2496 8.50779e-06
-1.715 0.0212481 0.0501269 11.2249 8.72134e-06
-1.7115 0.0214242 0.0505436 11.2001 8.94024e-06
-1.708 0.0216019 0.0509638 11.1753 9.16464e-06
-1.7045 0.021781 0.0513874 11.1505 9.39466e-06
-1.701 0.0219616 0.0518146 11.1257 9.63046e-06
-1.6975 0.0221437 0.0522454 11.1009 9.87217e-06
-1.694 0.0223273 0.0526797 11.0762 1.01199e-05
-1.6905 0.0225125 0.0531177 11.0514 1.03739e-05
-1.687 0.0226992 0.0535593 11.0266 1.06343e-05
-1.6835 0.0228874 0.0540046 11.0018 1.09012e-05
-1.68 0.0230772 0.0544536 10.977 1.11748e-05
-1.6765 0.0232686 0.0549064 10.9523 1.14552e-05
-1.673 0.0234615 0.0553629 10.9275 1.17427e-05
-1.6695 0.0236561 0.0558232 10.9027 1.20374e-05
-1.666 0.0238523 0.0562874 10.8779 1.23395e-05
-1.6625 0.0240501 0.0567554 10.8531 1.26492e-05
-1.659 0.0242496 0.0572274 10.8283 1.29667e-05
-1.6555 0.0244507 0.0577032 10.8036 1.32921e-05
-1.652 0.0246535 0.0581831 10.7788 1.36256e-05
-1.6485 0.024858 0.0586669 10.754 1.39676e-05
-1.645 0.0250642 0.0591548 10.7292 1.43181e-05
-1.6415 0.0252721 0.0596467 10.7044 1.46774e-05
-1.638 0.0254817 0.0601428 10.6796 1.50458e-05
-1.6345 0.0256931 0.0606429 10.6549 1.54233e-05
-1.631 0.0259062 0.0611473 10.6301 1.58104e-05
-1.6275 0.0261211 0.0616558 10.6053 1.62071e-05
-1.624 0.0263378 0.0621686 10.5805 1.66138e-05
-1.6205 0.0265563 0.0626857 10.5557 1.70307e-05
-1.617 0.0267766 0.0632071 10.5309 1.74581e-05
-1.6135 0.0269988 0.0637328 10.5062 1.78962e-05
-1.61 0.0272228 0.064263 10.4814 1.83453e-05
-1.6065 0.0274486 0.0647975 10.4566 1.88057e-05
-1.603 0.0276764 0.0653365 10.4318 1.92776e-05
-1.5995 0.027906 0.06588 10.407 1.97613e-05
-1.596 0.0281375 0.0664281 10.3822 2.02572e-05
-1.5925 0.028371 0.0669807 10.3574 2.07655e-05
-1.589 0.0286064 0.0675379 10.3327 2.12866e-05
-1.5855 0.0288438 0.0680998 10.3079 2.18207e-05
-1.582 0.0290831 0.0686663 10.2831 2.23683e-05
-1.5785 0.0293244 0.0692376 10.2583 2.29296e-05
-1.575 0.0295678 0.0698137 10.2335 2.3505e-05
-1.5715 0.0298131 0.0703946 10.2087 2.40948e-05
-1.568 0.0300605 0.0709803 10.1839 2.46994e-05
-1.5645 0.03031 0.071571 10.1591 2.53192e-05
-1.561 0.0305615 0.0721665 10.1344 2.59545e-05
-1.5575 0.0308152 0.072767 10.1096 2.66058e-05
-1.554 0.0310709 0.0733726 10.0848 2.72734e-05
-1.5505 0.0313288 0.0739832 10.06 2.79578e-05
-1.547 0.0315888 0.0745989 10.0352 2.86593e-05
-1.5435 0.031851 0.0752197 10.0104 2.93785e-05
-1.54 0.0321153 0.0758458 9.98562 3.01157e-05
-1.5365 0.0323819 0.076477 9.96082 3.08714e-05
-1.533 0.0326507 0.0771136 9.93603 3.1646e-05
-1.5295 0.0329217 0.0777555 9.91124 3.24401e-05
-1.526 0.033195 0.0784027 9.88645 3.32541e-05
-1.5225 0.0334705 0.0790553 9.86166 3.40886e-05
-1.519 0.0337484 0.0797134 9.83687 3.49439e-05
-1.5155 0.0340285 0.080377 9.81208 3.58208e-05
-1.512 0.034311 0.0810462 9.78728 3.67196e-05
-1.5085 0.0345959 0.0817209 9.76249 3.76411e-05
-1.505 0.0348831 0.0824013 9.7377 3.85856e-05
-1.5015 0.0351727 0.0830873 9.7129 3.95538e-05
-1.498 0.0354647 0.0837792 9.68811 4.05464e-05
-1.4945 0.0357591 0.0844768 9.66332 4.15638e-05
-1.491 0.036056 0.0851802 9.63852 4.26068e-05
-1.4875 0.0363554 0.0858895 9.61373 4.36759e-05
-1.484 0.0366573 0.0866048 9.58893 4.47719e-05
-1.4805 0.0369616 0.087326 9.56414 4.58954e-05
-1.477 0.0372686 0.0880533 9.53934 4.70471e-05
-1.4735 0.037578 0.0887866 9.51454 4.82277e-05
-1.47 0.0378901 0.0895261 9.48975 4.94379e-05
-1.4665 0.0382047 0.0902718 9.46495 5.06785e-05
-1.463 0.038522 0.0910237 9.44015 5.19502e-05
-1.4595 0.0388419 0.091782 9.41536 5.32538e-05
-1.456 0.0391645 0.0925465 9.39056 5.45902e-05
-1.4525 0.0394897 0.0933175 9.36576 5.59601e-05
-1.449 0.0398177 0.0940949 9.34096 5.73644e-05
-1.4455 0.0401484 0.0948789 9.31616 5.88039e-05
-1.442 0.0404819 0.0956694 9.29136 6.02796e-05
-1.4385 0.0408181 0.0964665 9.26656 6.17923e-05
-1.435 0.0411571 0.0972703 9.24176 6.33429e-05
-1.4315 0.041499 0.0980809 9.21696 6.49325e-05
-1.428 0.0418437 0.0988982 9.19216 6.6562e-05
-1.4245 0.0421913 0.0997224 9.16736 6.82324e-05
-1.421 0.0425418 0.100553 9.14256 6.99447e-05
-1.4175 0.0428952 0.101392 9.11775 7.17e-05
-1.414 0.0432515 0.102237 9.09295 7.34994e-05
-1.4105 0.0436108 0.103089 9.06815 7.53439e-05
-1.407 0.0439731 0.103948 9.04335 7.72347e-05
-1.4035 0.0443385 0.104815 9.01854 7.9173e-05
-1.4 0.0447069 0.105688 8.99374 8.116e-05
-1.3965 0.0450783 0.10657 8.96893 8.31968e-05
-1.393 0.0454529 0.107458 8.94413 8.52848e-05
-1.3895 0.0458305 0.108354 8.91932 8.74251e-05
-1.386 0.0462113 0.109257 8.89452 8.96193e-05
-1.3825 0.0465953 0.110169 8.86971 9.18684e-05
-1.379 0.0469825 0.111087 8.8449 9.41741e-05
-1.3755 0.047373 0.112014 8.8201 9.65376e-05
-1.372 0.0477666 0.112948 8.79529 9.89605e-05
-1.3685 0.0481636 0.11389 8.77048 0.000101444
-1.365 0.0485639 0.11484 8.74567 0.00010399
-1.3615 0.0489675 0.115798 8.72086 0.0001066
-1.358 0.0493745 0.116764 8.69605 0.000109276
-1.3545 0.0497848 0.117738 8.67124 0.000112018
-1.351 0.0501986 0.11872 8.64643 0.00011483
-1.3475 0.0506159 0.119711 8.62162 0.000117712
-1.344 0.0510366 0.120709 8.59681 0.000120667
-1.3405 0.0514609 0.121717 8.572 0.000123695
-1.337 0.0518886 0.122732 8.54718 0.0001268
-1.3335 0.05232 0.123756 8.52237 0.000129983
-1.33 0.052755 0.124789 8.49756 0.000133245
-1.3265 0.0531935 0.125831 8.47274 0.00013659
-1.323 0.0536358 0.126881 8.44793 0.000140019
-1.3195 0.0540817 0.12794 8.42311 0.000143533
-1.316 0.0545314 0.129008 8.3983 0.000147136
-1.3125 0.0549848 0.130085 8.37348 0.000150829
-1.309 0.055442 0.131171 8.34866 0.000154615
-1.3055 0.055903 0.132266 8.32385 0.000158497
-1.302 0.0563679 0.133371 8.29903 0.000162475
-1.2985 0.0568366 0.134485 8.27421 0.000166554
-1.295 0.0573093 0.135608 8.24939 0.000170735
-1.2915 0.0577859 0.13674 8.22457 0.000175021
-1.288 0.0582664 0.137882 8.19975 0.000179415
-1.2845 0.058751 0.139034 8.17493 0.000183919
-1.281 0.0592397 0.140195 8.15011 0.000188536
-1.2775 0.0597324 0.141366 8.12529 0.000193269
-1.274 0.0602293 0.142547 8.10046 0.000198121
-1.2705 0.0607303 0.143738 8.07564 0.000203095
-1.267 0.0612355 0.144939 8.05082 0.000208193
-1.2635 0.0617449 0.14615 8.02599 0.00021342
-1.26 0.0622585 0.147372 8.00117 0.000218778
-1.2565 0.0627765 0.148603 7.97634 0.000224271
-1.253 0.0632988 0.149845 7.95151 0.000229902
-1.2495 0.0638254 0.151098 7.92669 0.000235674
-1.246 0.0643565 0.152361 7.90186 0.000241591
-1.2425 0.0648919 0.153635 7.87703 0.000247657
-1.239 0.0654319 0.154919 7.8522 0.000253875
-1.2355 0.0659764 0.156214 7.82737 0.000260249
-1.232 0.0665254 0.157521 7.80254 0.000266784
-1.2285 0.067079 0.158838 7.77771 0.000273482
-1.225 0.0676373 0.160166 7.75288 0.000280349
-1.2215 0.0682002 0.161506 7.72805 0.000287389
-1.218 0.0687679 0.162857 7.70322 0.000294605
-1.2145 0.0693402 0.164219 7.67838 0.000302003
-1.211 0.0699174 0.165593 7.65355 0.000309586
-1.2075 0.0704994 0.166978 7.62871 0.00031736
-1.204 0.0710863 0.168375 7.60388 0.000325329
-1.2005 0.071678 0.169784 7.57904 0.000333499
-1.197 0.0722748 0.171205 7.5542 0.000341874
-1.1935 0.0728765 0.172638 7.52937 0.000350459
-1.19 0.0734832 0.174083 7.50453 0.00035926
-1.1865 0.0740951 0.17554 7.47969 0.000368283
-1.183 0.074712 0.17701 7.45485 0.000377532
-1.1795 0.0753342 0.178492 7.43001 0.000387013
-1.176 0.0759615 0.179986 7.40517 0.000396733
-1.1725 0.0765941 0.181493 7.38032 0.000406697
-1.169 0.077232 0.183013 7.35548 0.000416911
-1.1655 0.0778752 0.184546 7.33064 0.000427382
-1.162 0.0785238 0.186091 7.30579 0.000438116
-1.1585 0.0791778 0.18765 7.28095 0.000449121
-1.155 0.0798374 0.189222 7.2561 0.000460401
-1.1515 0.0805024 0.190808 7.23125 0.000471965
-1.148 0.081173 0.192406 7.20641 0.00048382
-1.1445 0.0818493 0.194019 7.18156 0.000495973
-1.141 0.0825312 0.195645 7.15671 0.000508431
-1.1375 0.0832188 0.197285 7.13186 0.000521203
-1.134 0.0839122 0.198938 7.10701 0.000534295
-1.1305 0.0846114 0.200606 7.08215 0.000547717
-1.127 0.0853164 0.202288 7.0573 0.000561476
-1.1235 0.0860274 0.203984 7.03245 0.000575581
-1.12 0.0867444 0.205694 7.00759 0.000590041
-1.1165 0.0874673 0.20742 6.98274 0.000604864
-1.113 0.0881963 0.209159 6.95788 0.000620059
-1.1095 0.0889314 0.210914 6.93302 0.000635637
-1.106 0.0896727 0.212683 6.90817 0.000651607
-1.1025 0.0904202 0.214467 6.88331 0.000667978
-1.099 0.091174 0.216267 6.85845 0.000684761
-1.0955 0.0919341 0.218082 6.83359 0.000701965
-1.092 0.0927006 0.219912 6.80872 0.000719603
-1.0885 0.0934735 0.221758 6.78386 0.000737683
-1.085 0.0942529 0.22362 6.759 0.000756219
-1.0815 0.0950389 0.225497 6.73413 0.000775221
-1.078 0.0958314 0.22739 6.70927 0.0007947
-1.0745 0.0966306 0.2293 6.6844 0.00081467
-1.071 0.0974365 0.231226 6.65953 0.000835141
-1.0675 0.0982492 0.233168 6.63466 0.000856128
-1.064 0.0990687 0.235126 6.60979 0.000877642
-1.0605 0.0998951 0.237102 6.58492 0.000899698
-1.057 0.100728 0.239094 6.56005 0.000922308
-1.0535 0.101569 0.241103 6.53518 0.000945487
-1.05 0.102416 0.243129 6.51031 0.000969249
-1.0465 0.103271 0.245173 6.48543 0.000993609
-1.043 0.104132 0.247234 6.46056 0.00101858
-1.0395 0.105001 0.249313 6.43568 0.00104418
-1.036 0.105878 0.251409 6.4108 0.00107043
-1.0325 0.106761 0.253523 6.38592 0.00109733
-1.029 0.107652 0.255655 6.36104 0.00112491
-1.0255 0.108551 0.257806 6.33616 0.00115319
-1.022 0.109457 0.259975 6.31128 0.00118218
-1.0185 0.110371 0.262162 6.28639 0.00121189
-1.015 0.111292 0.264368 6.26151 0.00124236
-1.0115 0.112221 0.266593 6.23662 0.00127359
-1.008 0.113158 0.268837 6.21174 0.00130561
-1.0045 0.114103 0.2711 6.18685 0.00133843
-1.001 0.115056 0.273383 6.16196 0.00137208
-0.9975 0.116017 0.275685 6.13707 0.00140657
-0.994 0.116986 0.278006 6.11218 0.00144194
-0.9905 0.117963 0.280348 6.08728 0.00147819
-0.987 0.118948 0.28271 6.06239 0.00151536
-0.9835 0.119942 0.285091 6.03749 0.00155346
-0.98 0.120944 0.287494 6.0126 0.00159252
-0.9765 0.121954 0.289917 5.9877 0.00163256
-0.973 0.122973 0.29236 5.9628 0.00167362
-0.9695 0.124001 0.294825 5.9379 0.0017157
-0.966 0.125037 0.29731 5.913 0.00175884
-0.9625 0.126082 0.299817 5.8881 0.00180308
-0.959 0.127136 0.302346 5.86319 0.00184842
-0.9555 0.128199 0.304896 5.83829 0.00189491
-0.952 0.12927 0.307468 5.81338 0.00194256
-0.9485 0.130351 0.310063 5.78847 0.00199142
-0.945 0.131441 0.312679 5.76356 0.0020415
-0.9415 0.13254 0.315318 5.73865 0.00209285
-0.938 0.133648 0.31798 5.71374 0.00214549
-0.9345 0.134766 0.320665 5.68883 0.00219946
-0.931 0.135893 0.323372 5.66391 0.00225478
-0.9275 0.137029 0.326103 5.63899 0.0023115
-0.924 0.138175 0.328858 5.61408 0.00236964
-0.9205 0.139331 0.331636 5.58916 0.00242925
-0.917 0.140497 0.334438 5.56424 0.00249036
-0.9135 0.141672 0.337264 5.53931 0.00255301
-0.91 0.142858 0.340115 5.51439 0.00261724
-0.9065 0.144053 0.34299 5.48947 0.00268309
-0.903 0.145259 0.34589 5.46454 0.00275059
-0.8995 0.146474 0.348815 5.43961 0.0028198
-0.896 0.1477 0.351765 5.41468 0.00289075
-0.8925 0.148937 0.354741 5.38975 0.00296348
-0.889 0.150184 0.357742 5.36482 0.00303805
-0.8855 0.151441 0.360769 5.33988 0.0031145
-0.882 0.152709 0.363823 5.31495 0.00319287
-0.8785 0.153988 0.366903 5.29001 0.00327321
-0.875 0.155277 0.370009 5.26507 0.00335558
-0.8715 0.156578 0.373142 5.24013 0.00344003
-0.868 0.157889 0.376303 5.21519 0.0035266
-0.8645 0.159212 0.37949 5.19024 0.00361535
-0.861 0.160546 0.382705 5.1653 0.00370634
-0.8575 0.161891 0.385948 5.14035 0.00379963
-0.854 0.163248 0.38922 5.1154 0.00389526
-0.8505 0.164616 0.392519 5.09045 0.0039933
-0.847 0.165995 0.395847 5.0655 0.00409381
-0.8435 0.167387 0.399204 5.04054 0.00419686
-0.84 0.16879 0.40259 5.01558 0.0043025
-0.8365 0.170205 0.406005 4.99063 0.00441081
-0.833 0.171632 0.40945 4.96567 0.00452184
-0.8295 0.173071 0.412925 4.94071 0.00463567
-0.826 0.174522 0.41643 4.91574 0.00475237
-0.8225 0.175986 0.419965 4.89078 0.00487201
-0.819 0.177462 0.423531 4.86581 0.00499466
-0.8155 0.178951 0.427128 4.84084 0.00512041
-0.812 0.180452 0.430756 4.81587 0.00524932
-0.8085 0.181966 0.434416 4.7909 0.00538148
-0.805 0.183493 0.438108 4.76592 0.00551698
-0.8015 0.185033 0.441832 4.74094 0.00565588
-0.798 0.186586 0.445588 4.71597 0.00579829
-0.7945 0.188152 0.449376 4.69098 0.00594429
-0.791 0.189732 0.453198 4.666 0.00609396
-0.7875 0.191324 0.457053 4.64102 0.0062474
-0.784 0.192931 0.460941 4.61603 0.00640471
-0.7805 0.194551 0.464864 4.59104 0.00656599
-0.777 0.196185 0.46882 4.56605 0.00673133
-0.7735 0.197833 0.472811 4.54106 0.00690083
-0.77 0.199495 0.476837 4.51606 0.0070746
-0.7665 0.201171 0.480897 4.49106 0.00725275
-0.763 0.202861 0.484994 4.46606 0.00743539
-0.7595 0.204566 0.489125 4.44106 0.00762263
-0.756 0.206285 0.493293 4.41606 0.00781458
-0.7525 0.208019 0.497497 4.39105 0.00801137
-0.749 0.209768 0.501738 4.36604 0.00821311
-0.7455 0.211531 0.506016 4.34103 0.00841993
-0.742 0.21331 0.510331 4.31601 0.00863196
-0.7385 0.215103 0.514684 4.291 0.00884933
-0.735 0.216912 0.519075 4.26598 0.00907217
-0.7315 0.218737 0.523504 4.24096 0.00930061
-0.728 0.220577 0.527971 4.21593 0.00953481
-0.7245 0.222433 0.532478 4.19091 0.0097749
-0.721 0.224304 0.537024 4.16588 0.010021
-0.7175 0.226192 0.541609 4.14085 0.0102733
-0.714 0.228096 0.546235 4.11582 0.010532
-0.7105 0.230016 0.550901 4.09078 0.0107972
-0.707 0.231952 0.555608 4.06574 0.011069
-0.7035 0.233905 0.560355 4.0407 0.0113477
-0.7 0.235875 0.565145 4.01565 0.0116334
-0.6965 0.237861 0.569975 3.99061 0.0119262
-0.693 0.239865 0.574849 3.96556 0.0122264
-0.6895 0.241885 0.579764 3.9405 0.0125341
-0.686 0.243923 0.584722 3.91545 0.0128496
-0.6825 0.245978 0.589724 3.89039 0.013173
-0.679 0.248051 0.594769 3.86533 0.0135045
-0.6755 0.250142 0.599858 3.84026 0.0138443
-0.672 0.25225 0.604992 3.8152 0.0141926
-0.6685 0.254377 0.61017 3.79013 0.0145497
-0.665 0.256521 0.615393 3.76505 0.0149157
-0.6615 0.258684 0.620661 3.73998 0.0152908
-0.658 0.260866 0.625975 3.7149 0.0156754
-0.6545 0.263066 0.631336 3.68981 0.0160696
-0.651 0.265285 0.636743 3.66473 0.0164736
-0.6475 0.267524 0.642197 3.63964 0.0168877
-0.644 0.269781 0.647698 3.61454 0.0173121
-0.6405 0.272058 0.653247 3.58944 0.0177472
-0.637 0.274354 0.658843 3.56434 0.0181931
-0.6335 0.276669 0.664489 3.53924 0.0186501
-0.63 0.279005 0.670182 3.51413 0.0191185
-0.6265 0.281361 0.675925 3.48902 0.0195985
-0.623 0.283737 0.681718 3.46391 0.0200905
-0.6195 0.286133 0.68756 3.43879 0.0205947
-0.616 0.28855 0.693453 3.41366 0.0211114
-0.6125 0.290987 0.699396 3.38854 0.0216409
-0.609 0.293445 0.70539 3.36341 0.0221835
-0.6055 0.295925 0.711435 3.33827 0.0227396
-0.602 0.298426 0.717532 3.31313 0.0233094
-0.5985 0.300948 0.723681 3.28799 0.0238932
-0.595 0.303491 0.729883 3.26284 0.0244914
-0.5915 0.306057 0.736137 3.23769 0.0251044
-0.588 0.308644 0.742444 3.21253 0.0257324
-0.5845 0.311254 0.748804 3.18737 0.0263758
-0.581 0.313886 0.755218 3.1622 0.027035
-0.5775 0.316541 0.761685 3.13703 0.0277103
-0.574 0.319218 0.768207 3.11186 0.0284021
-0.5705 0.321918 0.774784 3.08668 0.0291107
-0.567 0.324642 0.781415 3.06149 0.0298366
-0.5635 0.327388 0.788101 3.0363 0.0305801
-0.56 0.330158 0.794843 3.0111 0.0313415
-0.5565 0.332952 0.80164 2.9859 0.0321214
-0.553 0.33577 0.808493 2.96069 0.03292
-0.5495 0.338612 0.815402 2.93548 0.0337378
-0.546 0.341478 0.822367 2.91026 0.0345752
-0.5425 0.344368 0.829389 2.88503 0.0354326
-0.539 0.347284 0.836467 2.8598 0.0363104
-0.5355 0.350224 0.843602 2.83456 0.037209
-0.532 0.353189 0.850793 2.80931 0.0381288
-0.5285 0.356179 0.858041 2.78406 0.0390703
-0.525 0.359195 0.865346 2.7588 0.0400339
-0.5215 0.362237 0.872709 2.73353 0.04102
-0.518 0.365304 0.880128 2.70826 0.042029
-0.5145 0.368398 0.887604 2.68298 0.0430614
-0.511 0.371517 0.895137 2.65769 0.0441176
-0.5075 0.374664 0.902726 2.63239 0.0451979
-0.504 0.377837 0.910373 2.60709 0.0463028
-0.5005 0.381036 0.918075 2.58177 0.0474328
-0.497 0.384263 0.925835 2.55645 0.0485882
-0.4935 0.387517 0.93365 2.53112 0.0497694
-0.49 0.390799 0.94152 2.50578 0.0509768
-0.4865 0.394108 0.949446 2.48042 0.0522109
-0.483 0.397445 0.957427 2.45506 0.0534719
-0.4795 0.40081 0.965463 2.42969 0.0547602
-0.476 0.404203 0.973552 2.40431 0.0560762
-0.4725 0.407625 0.981694 2.37892 0.0574202
-0.469 0.411075 0.989889 2.35351 0.0587925
-0.4655 0.414554 0.998136 2.3281 0.0601934
-0.462 0.418062 1.00643 2.30267 0.0616231
-0.4585 0.421599 1.01478 2.27723 0.063082
-0.455 0.425166 1.02318 2.25178 0.0645701
-0.4515 0.428762 1.03162 2.22631 0.0660878
-0.448 0.432387 1.04011 2.20083 0.0676351
-0.4445 0.436043 1.04865 2.17534 0.0692121
-0.441 0.439728 1.05723 2.14983 0.0708189
-0.4375 0.443443 1.06585 2.1243 0.0724555
-0.434 0.447189 1.07451 2.09876 0.0741219
-0.4305 0.450965 1.08321 2.07321 0.075818
-0.427 0.454771 1.09195 2.04763 0.0775437
-0.4235 0.458608 1.10072 2.02204 0.0792988
-0.42 0.462476 1.10952 1.99643 0.081083
-0.4165 0.466375 1.11836 1.97081 0.0828959
-0.413 0.470305 1.12721 1.94516 0.0847372
-0.4095 0.474266 1.1361 1.91949 0.0866063
-0.406 0.478258 1.145 1.8938 0.0885028
-0.4025 0.482281 1.15392 1.8681 0.0904258
-0.399 0.486335 1.16286 1.84237 0.0923747
-0.3955 0.490421 1.1718 1.81661 0.0943486
-0.392 0.494538 1.18075 1.79083 0.0963465
-0.3885 0.498686 1.1897 1.76503 0.0983673
-0.385 0.502866 1.19865 1.73921 0.10041
-0.3815 0.507077 1.20759 1.71336 0.102473
-0.378 0.511319 1.21652 1.68748 0.104555
-0.3745 0.515592 1.22543 1.66157 0.106654
-0.371 0.519897 1.23431 1.63564 0.108768
-0.3675 0.524232 1.24316 1.60968 0.110897
-0.364 0.528599 1.25198 1.58369 0.113037
-0.3605 0.532996 1.26075 1.55767 0.115187
-0.357 0.537424 1.26947 1.53161 0.117344
-0.3535 0.541882 1.27812 1.50553 0.119505
-0.35 0.546371 1.28671 1.47942 0.121669
-0.3465 0.550889 1.29523 1.45327 0.123832
-0.343 0.555437 1.30365 1.42709 0.125991
-0.3395 0.560015 1.31198 1.40087 0.128144
-0.336 0.564621 1.32021 1.37463 0.130286
-0.3325 0.569256 1.32832 1.34834 0.132415
-0.329 0.573919 1.3363 1.32203 0.134527
-0.3255 0.57861 1.34414 1.29568 0.136618
-0.322 0.583328 1.35183 1.2693 0.138685
-0.3185 0.588073 1.35936 1.24288 0.140722
-0.315 0.592843 1.36671 1.21643 0.142728
-0.3115 0.597639 1.37387 1.18995 0.144696
-0.308 0.60246 1.38083 1.16344 0.146623
-0.3045 0.607305 1.38757 1.1369 0.148506
-0.301 0.612173 1.39409 1.11033 0.150338
-0.2975 0.617063 1.40035 1.08373 0.152116
-0.294 0.621975 1.40636 1.05712 0.153836
-0.2905 0.626907 1.41208 1.03048 0.155494
-0.287 0.631859 1.41752 1.00382 0.157085
-0.2835 0.63683 1.42265 0.977153 0.158604
-0.28 0.641817 1.42746 0.950474 0.160049
-0.2765 0.646821 1.43194 0.92379 0.161414
-0.273 0.651841 1.43606 0.897106 0.162697
-0.2695 0.656873 1.43982 0.870428 0.163894
-0.266 0.661919 1.4432 0.843762 0.165002
-0.2625 0.666975 1.44619 0.817115 0.166017
-0.259 0.672042 1.44878 0.790496 0.166938
-0.2555 0.677116 1.45095 0.763911 0.167761
-0.252 0.682198 1.45269 0.737369 0.168486
-0.2485 0.687285 1.45401 0.710881 0.16911
-0.245 0.692375 1.45488 0.684456 0.169632
-0.2415 0.697468 1.45531 0.658103 0.170052
-0.238 0.702562 1.45529 0.631835 0.17037
-0.2345 0.707655 1.45481 0.605661 0.170586
-0.231 0.712745 1.45388 0.579595 0.1707
-0.2275 0.717832 1.4525 0.553647 0.170714
-0.224 0.722912 1.45067 0.52783 0.170629
-0.2205 0.727986 1.4484 0.502157 0.170447
-0.217 0.73305 1.44569 0.476638 0.170171
-0.2135 0.738105 1.44255 0.451286 0.169804
-0.21 0.743148 1.439 0.426113 0.169347
-0.2065 0.748178 1.43503 0.401131 0.168806
-0.203 0.753193 1.43068 0.376351 0.168184
-0.1995 0.758192 1.42595 0.351784 0.167484
-0.196 0.763174 1.42086 0.32744 0.166711
-0.1925 0.768137 1.41543 0.303327 0.165868
-0.189 0.773082 1.40967 0.279457 0.164962
-0.1855 0.778005 1.4036 0.255836 0.163995
-0.182 0.782906 1.39725 0.232471 0.162972
-0.1785 0.787785 1.39063 0.20937 0.161898
-0.175 0.792641 1.38377 0.186539 0.160777
-0.1715 0.797471 1.37668 0.163982 0.159614
-0.168 0.802277 1.36937 0.141703 0.158412
-0.1645 0.807057 1.36188 0.119706 0.157177
-0.161 0.81181 1.35423 0.0979932 0.155911
-0.1575 0.816536 1.34642 0.0765666 0.154619
-0.154 0.821235 1.33847 0.0554273 0.153304
-0.1505 0.825905 1.33041 0.0345756 0.15197
-0.147 0.830548 1.32225 0.0140114 0.150621
-0.1435 0.835161 1.314 -0.00626607 0.149258
-0.14 0.839745 1.30569 -0.0262581 0.147885
-0.1365 0.844301 1.29732 -0.0459666 0.146505
-0.133 0.848827 1.2889 -0.0653937 0.14512
-0.1295 0.853323 1.28045 -0.0845421 0.143732
-0.126 0.85779 1.27198 -0.103415 0.142344
-0.1225 0.862227 1.26351 -0.122015 0.140957
-0.119 0.866634 1.25503 -0.140346 0.139574
-0.1155 0.871012 1.24656 -0.158412 0.138195
-0.112 0.87536 1.23811 -0.176217 0.136823
-0.1085 0.879679 1.22968 -0.193765 0.135459
-0.105 0.883968 1.22129 -0.21106 0.134104
-0.1015 0.888228 1.21293 -0.228106 0.132758
-0.098 0.892459 1.20462 -0.244909 0.131424
-0.0945 0.89666 1.19636 -0.261472 0.130101
-0.091 0.900833 1.18814 -0.2778 0.12879
-0.0875 0.904977 1.17999 -0.293897 0.127493
-0.084 0.909093 1.17189 -0.309769 0.126209
-0.0805 0.913181 1.16386 -0.325419 0.12494
-0.077 0.91724 1.1559 -0.340852 0.123685
-0.0735 0.921272 1.14801 -0.356073 0.122445
-0.07 0.925276 1.14018 -0.371085 0.121221
-0.0665 0.929254 1.13243 -0.385895 0.120011
-0.063 0.933204 1.12476 -0.400504 0.118818
-0.0595 0.937127 1.11716 -0.414919 0.11764
-0.056 0.941024 1.10964 -0.429142 0.116478
-0.0525 0.944895 1.1022 -0.443179 0.115331
-0.049 0.948739 1.09483 -0.457032 0.114201
-0.0455 0.952558 1.08754 -0.470707 0.113087
-0.042 0.956352 1.08034 -0.484206 0.111988
-0.0385 0.960121 1.07321 -0.497534 0.110905
-0.035 0.963865 1.06616 -0.510695 0.109838
-0.0315 0.967584 1.05919 -0.523691 0.108786
-0.028 0.971279 1.05231 -0.536527 0.10775
-0.0245 0.97495 1.0455 -0.549205 0.10673
-0.021 0.978598 1.03876 -0.56173 0.105724
-0.0175 0.982222 1.03211 -0.574104 0.104734
-0.014 0.985823 1.02554 -0.58633 0.103758
-0.0105 0.989401 1.01904 -0.598412 0.102797
-0.007 0.992956 1.01262 -0.610353 0.10185
-0.0035 0.996489 1.00627 -0.622156 0.100918
0 1 1 -0.633823 0.1
0.0224 1.02196 0.961592 -0.705461 0.0944446
0.0448 1.0431 0.926005 -0.772319 0.0894041
0.0672 1.06347 0.893003 -0.834957 0.0848248
0.0896 1.08312 0.862351 -0.893849 0.0806561
0.112 1.10212 0.833831 -0.949398 0.0768523
0.1344 1.12049 0.807241 -1.00195 0.0733725
0.1568 1.1383 0.782398 -1.05179 0.0701809
0.1792 1.15556 0.759137 -1.09918 0.0672458
0.2016 1.17232 0.737314 -1.14435 0.0645396
0.224 1.1886 0.716797 -1.18747 0.0620381
0.2464 1.20444 0.697471 -1.22872 0.0597203
0.2688 1.21985 0.679232 -1.26826 0.0575677
0.2912 1.23487 0.661989 -1.3062 0.0555639
0.3136 1.24952 0.645658 -1.34267 0.0536948
0.336 1.26381 0.630167 -1.37778 0.0519477
0.3584 1.27776 0.615448 -1.41161 0.0503115
0.3808 1.29138 0.601444 -1.44425 0.0487763
0.4032 1.3047 0.5881 -1.47579 0.0473334
0.4256 1.31773 0.575369 -1.50627 0.0459749
0.448 1.33049 0.563206 -1.53578 0.0446939
0.4704 1.34297 0.551573 -1.56437 0.043484
0.4928 1.3552 0.540433 -1.59208 0.0423398
0.5152 1.36718 0.529753 -1.61898 0.0412561
0.5376 1.37894 0.519505 -1.6451 0.0402283
0.56 1.39046 0.50966 -1.67048 0.0392524
0.5824 1.40177 0.500193 -1.69516 0.0383247
0.6048 1.41287 0.491082 -1.71917 0.0374416
0.6272 1.42377 0.482305 -1.74256 0.0366002
0.6496 1.43448 0.473844 -1.76534 0.0357977
0.672 1.445 0.46568 -1.78755 0.0350313
0.6944 1.45535 0.457796 -1.80921 0.0342989
0.7168 1.46552 0.450178 -1.83034 0.0335983
0.7392 1.47552 0.442812 -1.85097 0.0329274
0.7616 1.48536 0.435683 -1.87113 0.0322845
0.784 1.49504 0.42878 -1.89082 0.0316679
0.8064 1.50457 0.422092 -1.91007 0.031076
0.8288 1.51395 0.415607 -1.9289 0.0305074
0.8512 1.52319 0.409316 -1.94732 0.0299608
0.8736 1.53229 0.40321 -1.96535 0.0294349
0.896 1.54125 0.39728 -1.983 0.0289287
0.9184 1.55009 0.391518 -2.00029 0.028441
0.9408 1.55879 0.385916 -2.01723 0.0279709
0.9632 1.56738 0.380468 -2.03383 0.0275175
0.9856 1.57584 0.375165 -2.0501 0.0270799
1.008 1.58419 0.370003 -2.06606 0.0266573
1.0304 1.59242 0.364975 -2.08172 0.026249
1.0528 1.60054 0.360075 -2.09708 0.0258542
1.0752 1.60855 0.355299 -2.11216 0.0254724
1.0976 1.61646 0.350641 -2.12696 0.0251029
1.12 1.62426 0.346097 -2.1415 0.0247451
1.1424 1.63196 0.341661 -2.15578 0.0243985
1.1648 1.63957 0.337331 -2.1698 0.0240626
1.1872 1.64707 0.333101 -2.18359 0.0237369
1.2096 1.65449 0.328968 -2.19714 0.0234209
1.232 1.66181 0.324929 -2.21046 0.0231144
1.2544 1.66905 0.32098 -2.22355 0.0228167
1.2768 1.67619 0.317118 -2.23643 0.0225276
1.2992 1.68325 0.313339 -2.24911 0.0222467
1.3216 1.69023 0.309641 -2.26157 0.0219737
1.344 1.69713 0.306021 -2.27384 0.0217083
1.3664 1.70394 0.302477 -2.28592 0.0214501
1.3888 1.71068 0.299005 -2.29781 0.0211988
1.4112 1.71734 0.295603 -2.30951 0.0209543
1.4336 1.72392 0.292269 -2.32104 0.0207162
1.456 1.73043 0.289001 -2.33239 0.0204842
1.4784 1.73687 0.285797 -2.34358 0.0202582
1.5008 1.74324 0.282655 -2.3546 0.020038
1.5232 1.74953 0.279572 -2.36545 0.0198233
1.5456 1.75576 0.276547 -2.37615 0.0196139
1.568 1.76192 0.273578 -2.3867 0.0194096
1.5904 1.76802 0.270663 -2.3971 0.0192103
1.6128 1.77405 0.267801 -2.40735 0.0190158
1.6352 1.78002 0.264991 -2.41745 0.0188259
1.6576 1.78592 0.26223 -2.42742 0.0186405
1.68 1.79176 0.259517 -2.43725 0.0184593
1.7024 1.79755 0.256851 -2.44695 0.0182823
1.7248 1.80327 0.25423 -2.45652 0.0181094
1.7472 1.80894 0.251654 -2.46596 0.0179403
1.7696 1.81455 0.249121 -2.47527 0.017775
1.792 1.8201 0.246629 -2.48446 0.0176133
1.8144 1.8256 0.244178 -2.49353 0.0174552
1.8368 1.83104 0.241767 -2.50249 0.0173005
1.8592 1.83643 0.239395 -2.51133 0.0171491
1.8816 1.84176 0.237059 -2.52006 0.0170009
1.904 1.84705 0.234761 -2.52867 0.0168558
1.9264 1.85228 0.232497 -2.53718 0.0167137
1.9488 1.85746 0.230269 -2.54559 0.0165746
1.9712 1.8626 0.228074 -2.55389 0.0164383
1.9936 1.86768 0.225912 -2.56208 0.0163048
2.016 1.87272 0.223783 -2.57018 0.0161739
2.0384 1.87771 0.221684 -2.57818 0.0160457
2.0608 1.88265 0.219616 -2.58608 0.01592
2.0832 1.88755 0.217578 -2.59389 0.0157967
2.1056 1.8924 0.215569 -2.60161 0.0156758
2.128 1.8972 0.213588 -2.60924 0.0155573
2.1504 1.90197 0.211635 -2.61677 0.015441
2.1728 1.90669 0.209709 -2.62422 0.0153269
2.1952 1.91136 0.20781 -2.63159 0.015215
2.2176 1.916 0.205936 -2.63887 0.0151051
2.24 1.92059 0.204087 -2.64606 0.0149972
2.2624 1.92514 0.202263 -2.65318 0.0148914
2.2848 1.92965 0.200464 -2.66021 0.0147874
2.3072 1.93412 0.198687 -2.66716 0.0146853
2.3296 1.93855 0.196934 -2.67404 0.0145851
2.352 1.94294 0.195203 -2.68084 0.0144866
2.3744 1.9473 0.193494 -2.68757 0.0143899
2.3968 1.95161 0.191807 -2.69422 0.0142948
2.4192 1.95589 0.190141 -2.7008 0.0142014
2.4416 1.96013 0.188496 -2.70731 0.0141097
2.464 1.96433 0.18687 -2.71375 0.0140194
2.4864 1.9685 0.185265 -2.72012 0.0139307
2.5088 1.97263 0.183678 -2.72642 0.0138436
2.5312 1.97673 0.182111 -2.73265 0.0137578
2.5536 1.98079 0.180562 -2.73882 0.0136735
2.576 1.98482 0.179032 -2.74492 0.0135906
2.5984 1.98881 0.177519 -2.75096 0.0135091
2.6208 1.99277 0.176024 -2.75694 0.0134288
2.6432 1.9967 0.174546 -2.76285 0.0133499
2.6656 2.00059 0.173084 -2.7687 0.0132723
2.688 2.00445 0.17164 -2.77449 0.0131959
2.7104 2.00828 0.170211 -2.78023 0.0131207
2.7328 2.01208 0.168798 -2.7859 0.0130467
2.7552 2.01584 0.1674 -2.79152 0.0129738
2.7776 2.01958 0.166018 -2.79708 0.0129021
2.8 2.02328 0.16465 -2.80258 0.0128315
2.8224 2.02696 0.163297 -2.80803 0.012762
2.8448 2.0306 0.161959 -2.81342 0.0126935
2.8672 2.03421 0.160634 -2.81876 0.0126261
2.8896 2.03779 0.159324 -2.82405 0.0125597
2.912 2.04135 0.158027 -2.82928 0.0124943
2.9344 2.04487 0.156743 -2.83447 0.0124299
2.9568 2.04837 0.155472 -2.8396 0.0123665
2.9792 2.05184 0.154215 -2.84468 0.012304
3.0016 2.05528 0.152969 -2.84971 0.0122424
3.024 2.05869 0.151736 -2.85469 0.0121817
3.0464 2.06208 0.150516 -2.85963 0.0121219
3.0688 2.06544 0.149307 -2.86451 0.0120629
3.0912 2.06877 0.14811 -2.86935 0.0120049
3.1136 2.07207 0.146924 -2.87415 0.0119476
3.136 2.07535 0.14575 -2.87889 0.0118912
3.1584 2.0786 0.144587 -2.8836 0.0118355
3.1808 2.08183 0.143435 -2.88825 0.0117807
3.2032 2.08503 0.142293 -2.89287 0.0117266
3.2256 2.0882 0.141162 -2.89744 0.0116732
3.248 2.09135 0.140042 -2.90196 0.0116207
3.2704 2.09448 0.138932 -2.90644 0.0115688
3.2928 2.09758 0.137831 -2.91089 0.0115177
3.3152 2.10065 0.136741 -2.91528 0.0114672
3.3376 2.1037 0.13566 -2.91964 0.0114175
3.36 2.10673 0.134589 -2.92396 0.0113684
3.3824 2.10973 0.133527 -2.92824 0.01132
3.4048 2.11271 0.132475 -2.93247 0.0112722
3.4272 2.11567 0.131431 -2.93667 0.0112251
3.4496 2.1186 0.130397 -2.94083 0.0111786
3.472 2.12151 0.129371 -2.94495 0.0111327
3.4944 2.12439 0.128354 -2.94904 0.0110875
3.5168 2.12726 0.127345 -2.95308 0.0110428
3.5392 2.1301 0.126345 -2.95709 0.0109987
3.5616 2.13292 0.125353 -2.96106 0.0109552
3.584 2.13572 0.124369 -2.96499 0.0109123
3.6064 2.13849 0.123393 -2.96889 0.0108699
3.6288 2.14124 0.122425 -2.97276 0.0108281
3.6512 2.14397 0.121465 -2.97658 0.0107868
3.6736 2.14669 0.120512 -2.98038 0.0107461
3.696 2.14937 0.119567 -2.98413 0.0107058
3.7184 2.15204 0.118629 -2.98786 0.0106661
3.7408 2.15469 0.117698 -2.99155 0.0106269
3.7632 2.15731 0.116775 -2.99521 0.0105882
3.7856 2.15992 0.115859 -2.99883 0.01055
3.808 2.16251 0.114949 -3.00242 0.0105122
3.8304 2.16507 0.114047 -3.00598 0.0104749
3.8528 2.16761 0.113151 -3.00951 0.0104381
3.8752 2.17014 0.112262 -3.013 0.0104018
3.8976 2.17264 0.111379 -3.01646 0.0103659
3.92 2.17513 0.110503 -3.0199 0.0103304
3.9424 2.17759 0.109633 -3.0233 0.0102954
3.9648 2.18004 0.108769 -3.02667 0.0102609
3.9872 2.18247 0.107912 -3.03001 0.0102267
4.0096 2.18487 0.10706 -3.03332 0.010193
4.032 2.18726 0.106215 -3.0366 0.0101596
4.0544 2.18963 0.105375 -3.03985 0.0101267
4.0768 2.19198 0.104542 -3.04307 0.0100942
4.0992 2.19432 0.103714 -3.04626 0.0100621
4.1216 2.19663 0.102891 -3.04943 0.0100303
4.144 2.19893 0.102074 -3.05256 0.009999
4.1664 2.2012 0.101263 -3.05567 0.00996803
4.1888 2.20346 0.100457 -3.05875 0.00993743
4.2112 2.2057 0.0996565 -3.0618 0.0099072
4.2336 2.20793 0.0988612 -3.06483 0.00987733
4.256 2.21013 0.098071 -3.06782 0.00984781
4.2784 2.21232 0.097286 -3.07079 0.00981865
4.3008 2.21449 0.0965059 -3.07374 0.00978984
4.3232 2.21664 0.0957309 -3.07665 0.00976137
4.3456 2.21878 0.0949607 -3.07954 0.00973323
4.368 2.2209 0.0941954 -3.08241 0.00970543
4.3904 2.223 0.0934348 -3.08525 0.00967796
4.4128 2.22509 0.0926789 -3.08806 0.00965081
4.4352 2.22715 0.0919276 -3.09085 0.00962398
4.4576 2.2292 0.0911809 -3.09361 0.00959747
4.48 2.23124 0.0904387 -3.09635 0.00957127
4.5024 2.23326 0.0897009 -3.09906 0.00954538
4.5248 2.23526 0.0889676 -3.10175 0.00951979
4.5472 2.23724 0.0882385 -3.10442 0.0094945
4.5696 2.23921 0.0875137 -3.10706 0.0094695
4.592 2.24116 0.0867931 -3.10967 0.0094448
4.6144 2.2431 0.0860766 -3.11226 0.00942039
4.6368 2.24502 0.0853642 -3.11483 0.00939626
4.6592 2.24692 0.0846559 -3.11738 0.00937241
4.6816 2.24881 0.0839515 -3.1199 0.00934884
4.704 2.25068 0.0832511 -3.1224 0.00932554
4.7264 2.25254 0.0825545 -3.12487 0.00930252
4.7488 2.25438 0.0818618 -3.12733 0.00927976
4.7712 2.25621 0.0811728 -3.12976 0.00925727
4.7936 2.25802 0.0804875 -3.13216 0.00923504
4.816 2.25981 0.0798059 -3.13455 0.00921306
4.8384 2.26159 0.0791279 -3.13691 0.00919135
4.8608 2.26336 0.0784535 -3.13925 0.00916988
4.8832 2.26511 0.0777826 -3.14157 0.00914866
4.9056 2.26684 0.0771152 -3.14387 0.00912769
4.928 2.26856 0.0764513 -3.14615 0.00910696
4.9504 2.27027 0.0757907 -3.1484 0.00908648
4.9728 2.27196 0.0751334 -3.15064 0.00906623
4.9952 2.27363 0.0744794 -3.15285 0.00904621
5.0176 2.2753 0.0738287 -3.15504 0.00902643
5.04 2.27694 0.0731812 -3.15721 0.00900688
5.0624 2.27857 0.0725369 -3.15936 0.00898756
5.0848 2.28019 0.0718957 -3.16149 0.00896846
5.1072 2.28179 0.0712576 -3.1636 0.00894958
5.1296 2.28338 0.0706225 -3.16569 0.00893092
5.152 2.28496 0.0699904 -3.16776 0.00891248
5.1744 2.28652 0.0693612 -3.16981 0.00889426
5.1968 2.28807 0.068735 -3.17184 0.00887625
5.2192 2.2896 0.0681117 -3.17385 0.00885845
5.2416 2.29112 0.0674913 -3.17584 0.00884086
5.264 2.29262 0.0668736 -3.17781 0.00882348
5.2864 2.29411 0.0662587 -3.17976 0.0088063
5.3088 2.29559 0.0656465 -3.1817 0.00878932
5.3312 2.29705 0.0650371 -3.18361 0.00877254
5.3536 2.2985 0.0644303 -3.1855 0.00875596
5.376 2.29994 0.0638261 -3.18738 0.00873958
5.3984 2.30136 0.0632245 -3.18923 0.00872339
5.4208 2.30277 0.0626255 -3.19107 0.00870739
5.4432 2.30417 0.062029 -3.19289 0.00869159
5.4656 2.30555 0.061435 -3.19469 0.00867597
5.488 2.30692 0.0608434 -3.19647 0.00866054
5.5104 2.30828 0.0602543 -3.19824 0.00864529
5.5328 2.30962 0.0596676 -3.19998 0.00863023
5.5552 2.31095 0.0590832 -3.20171 0.00861535
5.5776 2.31227 0.0585011 -3.20342 0.00860065
5.6 2.31357 0.0579214 -3.20511 0.00858613
5.6224 2.31486 0.0573439 -3.20679 0.00857178
5.6448 2.31614 0.0567687 -3.20844 0.00855761
5.6672 2.31741 0.0561956 -3.21008 0.00854361
5.6896 2.31866 0.0556247 -3.2117 0.00852978
5.712 2.3199 0.055056 -3.21331 0.00851613
5.7344 2.32113 0.0544894 -3.2149 0.00850264
5.7568 2.32234 0.0539249 -3.21647 0.00848932
5.7792 2.32354 0.0533624 -3.21802 0.00847616
5.8016 2.32473 0.052802 -3.21955 0.00846317
5.824 2.32591 0.0522436 -3.22107 0.00845035
5.8464 2.32707 0.0516872 -3.22257 0.00843768
5.8688 2.32822 0.0511327 -3.22406 0.00842518
5.8912 2.32936 0.0505801 -3.22553 0.00841283
5.9136 2.33049 0.0500294 -3.22698 0.00840064
5.936 2.3316 0.0494806 -3.22841 0.00838861
5.9584 2.3327 0.0489336 -3.22983 0.00837673
5.9808 2.33379 0.0483885 -3.23123 0.00836501
6.0032 2.33487 0.0478451 -3.23262 0.00835344
6.0256 2.33594 0.0473035 -3.23399 0.00834202
6.048 2.33699 0.0467637 -3.23534 0.00833075
6.0704 2.33803 0.0462256 -3.23668 0.00831963
6.0928 2.33906 0.0456891 -3.238 0.00830866
6.1152 2.34008 0.0451544 -3.2393 0.00829783
6.1376 2.34109 0.0446212 -3.24059 0.00828715
6.16 2.34208 0.0440897 -3.24187 0.00827662
6.1824 2.34306 0.0435598 -3.24313 0.00826623
6.2048 2.34403 0.0430315 -3.24437 0.00825598
6.2272 2.34499 0.0425047 -3.24559 0.00824587
6.2496 2.34594 0.0419794 -3.2468 0.0082359
6.272 2.34687 0.0414557 -3.248 0.00822608
6.2944 2.34779 0.0409334 -3.24918 0.00821639
6.3168 2.3487 0.0404126 -3.25034 0.00820684
6.3392 2.3496 0.0398932 -3.25149 0.00819742
6.3616 2.35049 0.0393752 -3.25263 0.00818814
6.384 2.35137 0.0388586 -3.25374 0.008179
6.4064 2.35223 0.0383434 -3.25485 0.00816999
6.4288 2.35308 0.0378296 -3.25594 0.00816111
6.4512 2.35393 0.0373171 -3.25701 0.00815237
6.4736 2.35476 0.0368059 -3.25807 0.00814375
6.496 2.35558 0.0362959 -3.25911 0.00813527
6.5184 2.35638 0.0357873 -3.26014 0.00812692
6.5408 2.35718 0.0352799 -3.26115 0.00811869
6.5632 2.35796 0.0347737 -3.26215 0.0081106
6.5856 2.35874 0.0342687 -3.26314 0.00810263
6.608 2.3595 0.0337649 -3.2641 0.00809478
6.6304 2.36025 0.0332623 -3.26506 0.00808707
6.6528 2.36099 0.0327608 -3.266 0.00807948
6.6752 2.36172 0.0322604 -3.26693 0.00807201
6.6976 2.36243 0.0317612 -3.26784 0.00806467
6.72 2.36314 0.031263 -3.26873 0.00805745
6.7424 2.36383 0.0307659 -3.26961 0.00805035
6.7648 2.36452 0.0302699 -3.27048 0.00804337
6.7872 2.36519 0.0297749 -3.27134 0.00803652
6.8096 2.36585 0.0292809 -3.27218 0.00802979
6.832 2.3665 0.0287879 -3.273 0.00802317
6.8544 2.36714 0.0282958 -3.27381 0.00801668
6.8768 2.36777 0.0278048 -3.27461 0.0080103
6.8992 2.36839 0.0273146 -3.27539 0.00800404
6.9216 2.36899 0.0268254 -3.27616 0.0079979
6.944 2.36959 0.0263371 -3.27691 0.00799188
6.9664 2.37017 0.0258497 -3.27765 0.00798597
6.9888 2.37075 0.0253631 -3.27838 0.00798018
7.0112 2.37131 0.0248774 -3.27909 0.0079745
7.0336 2.37186 0.0243925 -3.27979 0.00796894
7.056 2.3724 0.0239085 -3.28047 0.0079635
7.0784 2.37293 0.0234252 -3.28114 0.00795816
7.1008 2.37345 0.0229427 -3.2818 0.00795294
7.1232 2.37396 0.022461 -3.28244 0.00794784
7.1456 2.37446 0.02198 -3.28307 0.00794284
7.168 2.37495 0.0214998 -3.28369 0.00793796
7.1904 2.37542 0.0210202 -3.28429 0.00793319
7.2128 2.37589 0.0205414 -3.28488 0.00792853
7.2352 2.37634 0.0200632 -3.28545 0.00792398
7.2576 2.37679 0.0195857 -3.28601 0.00791955
7.28 2.37722 0.0191089 -3.28656 0.00791522
7.3024 2.37764 0.0186327 -3.28709 0.007911
7.3248 2.37805 0.0181571 -3.28761 0.00790689
7.3472 2.37846 0.017682 -3.28812 0.00790289
7.3696 2.37885 0.0172076 -3.28861 0.007899
7.392 2.37923 0.0167337 -3.28909 0.00789522
7.4144 2.3796 0.0162604 -3.28956 0.00789154
7.4368 2.37995 0.0157876 -3.29001 0.00788797
7.4592 2.3803 0.0153153 -3.29045 0.00788451
7.4816 2.38064 0.0148436 -3.29088 0.00788116
7.504 2.38097 0.0143723 -3.29129 0.00787791
7.5264 2.38128 0.0139014 -3.29169 0.00787477
7.5488 2.38159 0.0134311 -3.29207 0.00787174
7.5712 2.38189 0.0129611 -3.29245 0.00786881
7.5936 2.38217 0.0124916 -3.2928 0.00786599
7.616 2.38245 0.0120225 -3.29315 0.00786327
7.6384 2.38271 0.0115538 -3.29348 0.00786066
7.6608 2.38296 0.0110855 -3.2938 0.00785815
7.6832 2.38321 0.0106175 -3.29411 0.00785575
7.7056 2.38344 0.0101498 -3.2944 0.00785345
7.728 2.38366 0.00968252 -3.29468 0.00785126
7.7504 2.38387 0.00921552 -3.29495 0.00784917
7.7728 2.38407 0.00874882 -3.2952 0.00784718
7.7952 2.38427 0.0082824 -3.29544 0.0078453
7.8176 2.38445 0.00781625 -3.29567 0.00784352
7.84 2.38462 0.00735036 -3.29588 0.00784184
7.8624 2.38477 0.00688469 -3.29608 0.00784027
7.8848 2.38492 0.00641926 -3.29627 0.0078388
7.9072 2.38506 0.00595402 -3.29644 0.00783744
7.9296 2.38519 0.00548898 -3.29661 0.00783618
7.952 2.38531 0.00502412 -3.29675 0.00783502
7.9744 2.38542 0.00455942 -3.29689 0.00783396
7.9968 2.38551 0.00409487 -3.29701 0.00783301
8.0192 2.3856 0.00363044 -3.29712 0.00783215
8.0416 2.38568 0.00316614 -3.29721 0.0078314
8.064 2.38574 0.00270193 -3.2973 0.00783076
8.0864 2.3858 0.00223782 -3.29737 0.00783021
8.1088 2.38584 0.00177377 -3.29742 0.00782977
8.1312 2.38588 0.00130978 -3.29747 0.00782943
8.1536 2.3859 0.000845837 -3.2975 0.00782919
8.176 2.38591 0.000381919 -3.29751 0.00782906
8.1984 2.38592 -8.19878e-05 -3.29752 0.00782903
8.2208 2.38591 -0.000545897 -3.29751 0.00782909
8.2432 2.38589 -0.00100982 -3.29749 0.00782927
8.2656 2.38586 -0.00147378 -3.29745 0.00782954
8.288 2.38583 -0.00193779 -3.29741 0.00782992
8.3104 2.38578 -0.00240186 -3.29734 0.00783039
8.3328 2.38572 -0.002866 -3.29727 0.00783097
8.3552 2.38565 -0.00333024 -3.29718 0.00783166
8.3776 2.38557 -0.00379459 -3.29708 0.00783244
8.4 2.38548 -0.00425906 -3.29697 0.00783333
8.4224 2.38538 -0.00472366 -3.29684 0.00783432
8.4448 2.38527 -0.00518842 -3.2967 0.00783541
8.4672 2.38515 -0.00565334 -3.29655 0.00783661
8.4896 2.38501 -0.00611845 -3.29638 0.00783791
8.512 2.38487 -0.00658375 -3.2962 0.00783931
8.5344 2.38472 -0.00704926 -3.29601 0.00784082
8.5568 2.38456 -0.00751501 -3.29581 0.00784242
8.5792 2.38438 -0.00798099 -3.29559 0.00784414
8.6016 2.3842 -0.00844724 -3.29536 0.00784595
8.624 2.384 -0.00891375 -3.29511 0.00784787
8.6464 2.3838 -0.00938056 -3.29485 0.00784989
8.6688 2.38358 -0.00984766 -3.29458 0.00785202
8.6912 2.38336 -0.0103151 -3.2943 0.00785425
8.7136 2.38312 -0.0107828 -3.294 0.00785658
8.736 2.38288 -0.011251 -3.29369 0.00785902
8.7584 2.38262 -0.0117194 -3.29337 0.00786157
8.7808 2.38235 -0.0121883 -3.29303 0.00786422
8.8032 2.38207 -0.0126575 -3.29268 0.00786697
8.8256 2.38178 -0.0131272 -3.29232 0.00786983
8.848 2.38148 -0.0135973 -3.29194 0.0078728
8.8704 2.38117 -0.0140678 -3.29155 0.00787587
8.8928 2.38085 -0.0145388 -3.29114 0.00787905
8.9152 2.38052 -0.0150103 -3.29073 0.00788233
8.9376 2.38018 -0.0154822 -3.2903 0.00788572
8.96 2.37983 -0.0159547 -3.28985 0.00788922
8.9824 2.37947 -0.0164276 -3.28939 0.00789283
9.0048 2.37909 -0.0169012 -3.28892 0.00789654
9.0272 2.37871 -0.0173752 -3.28844 0.00790036
9.0496 2.37831 -0.0178499 -3.28794 0.00790429
9.072 2.37791 -0.0183251 -3.28743 0.00790833
9.0944 2.37749 -0.0188009 -3.28691 0.00791248
9.1168 2.37707 -0.0192774 -3.28637 0.00791674
9.1392 2.37663 -0.0197544 -3.28582 0.0079211
9.1616 2.37618 -0.0202322 -3.28525 0.00792558
9.184 2.37572 -0.0207106 -3.28467 0.00793017
9.2064 2.37525 -0.0211897 -3.28408 0.00793487
9.2288 2.37477 -0.0216694 -3.28347 0.00793967
9.2512 2.37428 -0.02215 -3.28285 0.0079446
9.2736 2.37378 -0.0226312 -3.28222 0.00794963
9.296 2.37327 -0.0231132 -3.28157 0.00795478
9.3184 2.37275 -0.0235959 -3.28091 0.00796004
9.3408 2.37221 -0.0240795 -3.28023 0.00796541
9.3632 2.37167 -0.0245638 -3.27954 0.0079709
9.3856 2.37111 -0.025049 -3.27884 0.0079765
9.408 2.37055 -0.025535 -3.27812 0.00798221
9.4304 2.36997 -0.0260219 -3.27739 0.00798805
9.4528 2.36938 -0.0265096 -3.27665 0.00799399
9.4752 2.36878 -0.0269982 -3.27589 0.00800006
9.4976 2.36817 -0.0274878 -3.27511 0.00800624
9.52 2.36755 -0.0279782 -3.27433 0.00801254
9.5424 2.36692 -0.0284696 -3.27353 0.00801896
9.5648 2.36627 -0.028962 -3.27271 0.0080255
9.5872 2.36562 -0.0294554 -3.27188 0.00803215
9.6096 2.36495 -0.0299497 -3.27104 0.00803893
9.632 2.36428 -0.0304451 -3.27018 0.00804583
9.6544 2.36359 -0.0309415 -3.2693 0.00805285
9.6768 2.36289 -0.031439 -3.26842 0.00805999
9.6992 2.36218 -0.0319375 -3.26752 0.00806725
9.7216 2.36146 -0.0324372 -3.2666 0.00807464
9.744 2.36073 -0.0329379 -3.26567 0.00808215
9.7664 2.35998 -0.0334398 -3.26472 0.00808978
9.7888 2.35923 -0.0339428 -3.26376 0.00809754
9.8112 2.35846 -0.034447 -3.26279 0.00810543
9.8336 2.35769 -0.0349524 -3.2618 0.00811344
9.856 2.3569 -0.0354591 -3.2608 0.00812158
9.8784 2.3561 -0.0359669 -3.25978 0.00812985
9.9008 2.35529 -0.036476 -3.25874 0.00813825
9.9232 2.35446 -0.0369864 -3.2577 0.00814678
9.9456 2.35363 -0.0374981 -3.25663 0.00815544
9.968 2.35278 -0.0380111 -3.25555 0.00816423
9.9904 2.35193 -0.0385254 -3.25446 0.00817316
10.0128 2.35106 -0.0390411 -3.25335 0.00818222
10.0352 2.35018 -0.0395581 -3.25223 0.00819141
10.0576 2.34929 -0.0400766 -3.25109 0.00820073
10.08 2.34838 -0.0405965 -3.24993 0.0082102
10.1024 2.34747 -0.0411178 -3.24876 0.0082198
10.1248 2.34654 -0.0416406 -3.24758 0.00822953
10.1472 2.3456 -0.0421649 -3.24638 0.00823941
10.1696 2.34465 -0.0426907 -3.24516 0.00824943
10.192 2.34369 -0.043218 -3.24393 0.00825958
10.2144 2.34272 -0.0437469 -3.24268 0.00826988
10.2368 2.34173 -0.0442774 -3.24142 0.00828033
10.2592 2.34073 -0.0448095 -3.24014 0.00829091
10.2816 2.33972 -0.0453432 -3.23885 0.00830164
10.304 2.3387 -0.0458785 -3.23753 0.00831252
10.3264 2.33767 -0.0464156 -3.23621 0.00832354
10.3488 2.33662 -0.0469543 -3.23486 0.00833472
10.3712 2.33556 -0.0474948 -3.23351 0.00834604
10.3936 2.33449 -0.048037 -3.23213 0.00835751
10.416 2.33341 -0.048581 -3.23074 0.00836914
10.4384 2.33232 -0.0491268 -3.22933 0.00838091
10.4608 2.33121 -0.0496744 -3.22791 0.00839285
10.4832 2.33009 -0.0502238 -3.22647 0.00840493
10.5056 2.32896 -0.0507752 -3.22501 0.00841718
10.528 2.32782 -0.0513284 -3.22354 0.00842958
10.5504 2.32666 -0.0518836 -3.22204 0.00844214
10.5728 2.32549 -0.0524408 -3.22054 0.00845486
10.5952 2.32431 -0.0529999 -3.21901 0.00846775
10.6176 2.32312 -0.053561 -3.21747 0.0084808
10.64 2.32191 -0.0541242 -3.21591 0.00849401
10.6624 2.32069 -0.0546894 -3.21434 0.00850739
10.6848 2.31946 -0.0552568 -3.21274 0.00852093
10.7072 2.31822 -0.0558263 -3.21113 0.00853465
10.7296 2.31696 -0.0563979 -3.20951 0.00854854
10.752 2.31569 -0.0569717 -3.20786 0.0085626
10.7744 2.31441 -0.0575478 -3.2062 0.00857683
10.7968 2.31311 -0.058126 -3.20452 0.00859124
10.8192 2.3118 -0.0587066 -3.20282 0.00860582
10.8416 2.31048 -0.0592895 -3.2011 0.00862059
10.864 2.30915 -0.0598747 -3.19937 0.00863553
10.8864 2.3078 -0.0604623 -3.19762 0.00865066
10.9088 2.30644 -0.0610522 -3.19585 0.00866597
10.9312 2.30507 -0.0616447 -3.19406 0.00868147
10.9536 2.30368 -0.0622395 -3.19225 0.00869715
10.976 2.30228 -0.0628369 -3.19042 0.00871303
10.9984 2.30086 -0.0634369 -3.18858 0.00872909
11.0208 2.29943 -0.0640394 -3.18672 0.00874535
11.0432 2.29799 -0.0646445 -3.18484 0.0087618
11.0656 2.29654 -0.0652522 -3.18294 0.00877845
11.088 2.29507 -0.0658626 -3.18102 0.0087953
11.1104 2.29359 -0.0664757 -3.17908 0.00881235
11.1328 2.29209 -0.0670916 -3.17712 0.0088296
11.1552 2.29058 -0.0677102 -3.17514 0.00884705
11.1776 2.28906 -0.0683317 -3.17314 0.00886472
11.2 2.28752 -0.0689561 -3.17113 0.00888259
11.2224 2.28597 -0.0695833 -3.16909 0.00890068
11.2448 2.2844 -0.0702135 -3.16703 0.00891898
11.2672 2.28282 -0.0708466 -3.16496 0.00893749
11.2896 2.28123 -0.0714828 -3.16286 0.00895623
11.312 2.27962 -0.072122 -3.16074 0.00897518
11.3344 2.278 -0.0727643 -3.15861 0.00899436
11.3568 2.27636 -0.0734097 -3.15645 0.00901376
11.3792 2.27471 -0.0740584 -3.15427 0.0090334
11.4016 2.27304 -0.0747102 -3.15207 0.00905326
11.424 2.27136 -0.0753653 -3.14985 0.00907336
11.4464 2.26967 -0.0760238 -3.14761 0.00909369
11.4688 2.26796 -0.0766856 -3.14535 0.00911426
11.4912 2.26623 -0.0773507 -3.14306 0.00913507
11.5136 2.26449 -0.0780194 -3.14076 0.00915613
11.536 2.26274 -0.0786915 -3.13843 0.00917744
11.5584 2.26097 -0.0793672 -3.13608 0.00919899
11.5808 2.25918 -0.0800464 -3.13371 0.0092208
11.6032 2.25738 -0.0807293 -3.13132 0.00924287
11.6256 2.25556 -0.0814159 -3.1289 0.00926519
11.648 2.25373 -0.0821062 -3.12646 0.00928778
11.6704 2.25189 -0.0828003 -3.124 0.00931063
11.6928 2.25002 -0.0834982 -3.12152 0.00933375
11.7152 2.24814 -0.0842 -3.11901 0.00935714
11.7376 2.24625 -0.0849058 -3.11648 0.00938081
11.76 2.24434 -0.0856156 -3.11393 0.00940476
11.7824 2.24242 -0.0863294 -3.11135 0.00942898
11.8048 2.24047 -0.0870473 -3.10875 0.0094535
11.8272 2.23852 -0.0877694 -3.10613 0.0094783
11.8496 2.23654 -0.0884957 -3.10348 0.0095034
11.872 2.23455 -0.0892263 -3.1008 0.0095288
11.8944 2.23254 -0.0899612 -3.09811 0.0095545
11.9168 2.23052 -0.0907005 -3.09539 0.0095805
11.9392 2.22848 -0.0914443 -3.09264 0.00960681
11.9616 2.22642 -0.0921926 -3.08987 0.00963343
11.984 2.22435 -0.0929455 -3.08707 0.00966037
12.0064 2.22226 -0.0937031 -3.08425 0.00968763
12.0288 2.22015 -0.0944653 -3.0814 0.00971522
12.0512 2.21803 -0.0952324 -3.07853 0.00974314
12.0736 2.21589 -0.0960043 -3.07563 0.00977139
12.096 2.21373 -0.0967811 -3.0727 0.00979998
12.1184 2.21155 -0.0975629 -3.06975 0.00982892
12.1408 2.20936 -0.0983497 -3.06677 0.00985821
12.1632 2.20714 -0.0991417 -3.06376 0.00988784
12.1856 2.20491 -0.0999389 -3.06073 0.00991784
12.208 2.20267 -0.100741 -3.05766 0.0099482
12.2304 2.2004 -0.101549 -3.05457 0.00997893
12.2528 2.19812 -0.102362 -3.05146 0.01001
12.2752 2.19582 -0.103181 -3.04831 0.0100415
12.2976 2.19349 -0.104006 -3.04514 0.0100734
12.32 2.19116 -0.104836 -3.04193 0.0101057
12.3424 2.1888 -0.105671 -3.0387 0.0101383
12.3648 2.18642 -0.106513 -3.03544 0.0101714
12.3872 2.18403 -0.10736 -3.03215 0.0102048
12.4096 2.18161 -0.108214 -3.02883 0.0102387
12.432 2.17918 -0.109074 -3.02548 0.010273
12.4544 2.17673 -0.109939 -3.0221 0.0103078
12.4768 2.17425 -0.110812 -3.01869 0.0103429
12.4992 2.17176 -0.11169 -3.01524 0.0103785
12.5216 2.16925 -0.112575 -3.01177 0.0104146
12.544 2.16672 -0.113467 -3.00826 0.0104511
12.5664 2.16417 -0.114365 -3.00473 0.0104881
12.5888 2.16159 -0.11527 -3.00116 0.0105255
12.6112 2.159 -0.116182 -2.99755 0.0105634
12.6336 2.15639 -0.1171 -2.99392 0.0106018
12.656 2.15376 -0.118026 -2.99025 0.0106407
12.6784 2.1511 -0.11896 -2.98655 0.0106801
12.7008 2.14843 -0.1199 -2.98281 0.01072
12.7232 2.14573 -0.120848 -2.97904 0.0107604
12.7456 2.14301 -0.121803 -2.97523 0.0108014
12.768 2.14027 -0.122766 -2.97139 0.0108428
12.7904 2.13751 -0.123737 -2.96752 0.0108849
12.8128 2.13473 -0.124716 -2.96361 0.0109274
12.8352 2.13192 -0.125703 -2.95966 0.0109706
12.8576 2.1291 -0.126697 -2.95568 0.0110143
12.88 2.12625 -0.127701 -2.95165 0.0110585
12.9024 2.12338 -0.128712 -2.9476 0.0111034
12.9248 2.12048 -0.129732 -2.9435 0.0111489
12.9472 2.11756 -0.130761 -2.93937 0.011195
12.9696 2.11462 -0.131799 -2.93519 0.0112417
12.992 2.11166 -0.132846 -2.93098 0.011289
13.0144 2.10867 -0.133901 -2.92673 0.011337
13.0368 2.10566 -0.134967 -2.92244 0.0113857
13.0592 2.10263 -0.136041 -2.91811 0.011435
13.0816 2.09957 -0.137125 -2.91373 0.011485
13.104 2.09648 -0.138219 -2.90932 0.0115357
13.1264 2.09337 -0.139323 -2.90486 0.0115871
13.1488 2.09024 -0.140437 -2.90037 0.0116392
13.1712 2.08708 -0.141561 -2.89583 0.011692
13.1936 2.0839 -0.142696 -2.89124 0.0117456
13.216 2.08069 -0.143841 -2.88661 0.0118
13.2384 2.07745 -0.144997 -2.88194 0.0118551
13.2608 2.07419 -0.146164 -2.87722 0.011911
13.2832 2.07091 -0.147342 -2.87246 0.0119677
13.3056 2.06759 -0.148532 -2.86765 0.0120253
13.328 2.06425 -0.149733 -2.86279 0.0120837
13.3504 2.06088 -0.150946 -2.85789 0.0121429
13.3728 2.05749 -0.152171 -2.85294 0.012203
13.3952 2.05407 -0.153408 -2.84794 0.0122641
13.4176 2.05062 -0.154658 -2.84289 0.012326
13.44 2.04714 -0.15592 -2.83779 0.0123888
13.4624 2.04363 -0.157195 -2.83264 0.0124526
13.4848 2.0401 -0.158484 -2.82744 0.0125173
13.5072 2.03653 -0.159786 -2.82219 0.0125831
13.5296 2.03294 -0.161101 -2.81688 0.0126498
13.552 2.02931 -0.16243 -2.81152 0.0127176
13.5744 2.02566 -0.163774 -2.80611 0.0127864
13.5968 2.02198 -0.165132 -2.80064 0.0128563
13.6192 2.01826 -0.166505 -2.79512 0.0129273
13.6416 2.01452 -0.167892 -2.78954 0.0129994
13.664 2.01074 -0.169295 -2.7839 0.0130727
13.6864 2.00693 -0.170714 -2.77821 0.0131471
13.7088 2.00309 -0.172148 -2.77245 0.0132227
13.7312 1.99922 -0.173599 -2.76664 0.0132996
13.7536 1.99532 -0.175066 -2.76077 0.0133777
13.776 1.99138 -0.176551 -2.75483 0.013457
13.7984 1.98741 -0.178052 -2.74883 0.0135377
13.8208 1.9834 -0.179571 -2.74277 0.0136198
13.8432 1.97936 -0.181108 -2.73665 0.0137032
13.8656 1.97529 -0.182663 -2.73045 0.013788
13.888 1.97118 -0.184237 -2.7242 0.0138742
13.9104 1.96703 -0.18583 -2.71787 0.0139619
13.9328 1.96285 -0.187442 -2.71148 0.0140511
13.9552 1.95864 -0.189075 -2.70502 0.0141419
13.9776 1.95438 -0.190728 -2.69848 0.0142343
14 1.95009 -0.192401 -2.69188 0.0143282
14.0224 1.94576 -0.194096 -2.6852 0.0144239
14.0448 1.94139 -0.195812 -2.67845 0.0145212
14.0672 1.93699 -0.197551 -2.67162 0.0146203
14.0896 1.93254 -0.199313 -2.66471 0.0147212
14.112 1.92806 -0.201097 -2.65773 0.0148239
14.1344 1.92353 -0.202905 -2.65067 0.0149286
14.1568 1.91897 -0.204738 -2.64353 0.0150351
14.1792 1.91436 -0.206595 -2.6363 0.0151437
14.2016 1.90971 -0.208478 -2.62899 0.0152543
14.224 1.90502 -0.210387 -2.6216 0.015367
14.2464 1.90029 -0.212323 -2.61412 0.0154819
14.2688 1.89551 -0.214285 -2.60655 0.0155989
14.2912 1.89069 -0.216276 -2.59889 0.0157183
14.3136 1.88582 -0.218295 -2.59114 0.01584
14.336 1.88091 -0.220344 -2.5833 0.0159641
14.3584 1.87595 -0.222422 -2.57536 0.0160907
14.3808 1.87094 -0.224532 -2.56733 0.0162199
14.4032 1.86589 -0.226673 -2.5592 0.0163517
14.4256 1.86079 -0.228846 -2.55096 0.0164862
14.448 1.85564 -0.231053 -2.54263 0.0166235
14.4704 1.85044 -0.233293 -2.53419 0.0167636
14.4928 1.84519 -0.235569 -2.52564 0.0169067
14.5152 1.83988 -0.237881 -2.51698 0.0170529
14.5376 1.83453 -0.240229 -2.50822 0.0172022
14.56 1.82912 -0.242615 -2.49934 0.0173548
14.5824 1.82366 -0.24504 -2.49034 0.0175107
14.6048 1.81814 -0.247505 -2.48123 0.01767
14.6272 1.81257 -0.250011 -2.47199 0.017833
14.6496 1.80694 -0.25256 -2.46263 0.0179996
14.672 1.80126 -0.255151 -2.45315 0.01817
14.6944 1.79551 -0.257788 -2.44354 0.0183444
14.7168 1.78971 -0.26047 -2.43379 0.0185229
14.7392 1.78384 -0.2632 -2.42391 0.0187055
14.7616 1.77791 -0.265978 -2.4139 0.0188925
14.784 1.77192 -0.268807 -2.40374 0.019084
14.8064 1.76587 -0.271687 -2.39344 0.0192802
14.8288 1.75975 -0.274621 -2.38299 0.0194813
14.8512 1.75357 -0.27761 -2.37239 0.0196873
14.8736 1.74732 -0.280655 -2.36163 0.0198986
14.896 1.74099 -0.283759 -2.35072 0.0201152
14.9184 1.7346 -0.286923 -2.33964 0.0203375
14.9408 1.72814 -0.290149 -2.3284 0.0205655
14.9632 1.7216 -0.29344 -2.31699 0.0207996
14.9856 1.71499 -0.296797 -2.3054 0.02104
15.008 1.70831 -0.300224 -2.29363 0.0212869
15.0304 1.70154 -0.303721 -2.28167 0.0215405
15.0528 1.6947 -0.307292 -2.26953 0.0218013
15.0752 1.68778 -0.310939 -2.25719 0.0220694
15.0976 1.68077 -0.314665 -2.24465 0.0223451
15.12 1.67368 -0.318473 -2.23191 0.0226289
15.1424 1.6665 -0.322366 -2.21895 0.0229209
15.1648 1.65923 -0.326346 -2.20577 0.0232217
15.1872 1.65188 -0.330418 -2.19237 0.0235315
15.2096 1.64443 -0.334585 -2.17874 0.0238509
15.232 1.63689 -0.33885 -2.16487 0.0241801
15.2544 1.62925 -0.343217 -2.15076 0.0245197
15.2768 1.62151 -0.34769 -2.13639 0.0248702
15.2992 1.61367 -0.352274 -2.12176 0.0252321
15.3216 1.60573 -0.356974 -2.10686 0.0256059
15.344 1.59768 -0.361793 -2.09169 0.0259922
15.3664 1.58952 -0.366737 -2.07622 0.0263917
15.3888 1.58125 -0.371812 -2.06046 0.026805
15.4112 1.57286 -0.377023 -2.04439 0.0272328
15.4336 1.56436 -0.382377 -2.028 0.0276759
15.456 1.55573 -0.387879 -2.01128 0.0281352
15.4784 1.54698 -0.393536 -1.99422 0.0286113
15.5008 1.5381 -0.399357 -1.97681 0.0291055
15.5232 1.52909 -0.405348 -1.95902 0.0296185
15.5456 1.51994 -0.411518 -1.94086 0.0301516
15.568 1.51065 -0.417877 -1.92229 0.0307058
15.5904 1.50122 -0.424432 -1.90332 0.0312825
15.6128 1.49163 -0.431195 -1.88391 0.0318829
15.6352 1.4819 -0.438176 -1.86406 0.0325087
15.6576 1.472 -0.445388 -1.84374 0.0331613
15.68 1.46194 -0.452842 -1.82293 0.0338425
15.7024 1.45171 -0.460552 -1.80161 0.0345541
15.7248 1.44131 -0.468533 -1.77976 0.0352982
15.7472 1.43072 -0.4768 -1.75735 0.0360771
15.7696 1.41994 -0.48537 -1.73436 0.0368931
15.792 1.40897 -0.494263 -1.71076 0.0377488
15.8144 1.3978 -0.503497 -1.68651 0.0386473
15.8368 1.38641 -0.513095 -1.66159 0.0395917
15.8592 1.37481 -0.52308 -1.63595 0.0405855
15.8816 1.36298 -0.533478 -1.60956 0.0416325
15.904 1.35091 -0.544316 -1.58238 0.0427371
15.9264 1.33859 -0.555627 -1.55437 0.0439039
15.9488 1.32601 -0.567443 -1.52546 0.0451382
15.9712 1.31316 -0.579802 -1.49561 0.0464459
15.9936 1.30003 -0.592745 -1.46476 0.0478334
16.016 1.2866 -0.606316 -1.43285 0.049308
16.0384 1.27286 -0.620566 -1.39979 0.0508778
16.0608 1.25879 -0.635551 -1.36552 0.052552
16.0832 1.24438 -0.651331 -1.32994 0.0543409
16.1056 1.22961 -0.667975 -1.29296 0.0562561
16.128 1.21445 -0.685561 -1.25447 0.0583107
16.1504 1.19889 -0.704173 -1.21435 0.0605198
16.1728 1.1829 -0.723908 -1.17245 0.0629003
16.1952 1.16645 -0.744872 -1.12862 0.0654715
16.2176 1.14952 -0.767188 -1.0827 0.0682557
16.24 1.13207 -0.79099 -1.03446 0.0712782
16.2624 1.11407 -0.816431 -0.983696 0.0745678
16.2848 1.09548 -0.843682 -0.930122 0.0781578
16.3072 1.07625 -0.872931 -0.873434 0.0820856
16.3296 1.05635 -0.904387 -0.813267 0.086394
16.352 1.03572 -0.938276 -0.749196 0.0911303
16.3744 1.0143 -0.974834 -0.680718 0.0963466
16.3968 0.992026 -1.01429 -0.607236 0.102097
16.4192 0.968835 -1.05686 -0.528045 0.108435
16.4416 0.944655 -1.10266 -0.442311 0.115402
16.464 0.919412 -1.15165 -0.349064 0.123016
16.4864 0.893039 -1.20348 -0.247205 0.13124
16.5088 0.865482 -1.25725 -0.135565 0.139936
16.5312 0.836713 -1.3112 -0.0130513 0.148795
16.5536 0.80676 -1.36236 0.121066 0.157255
16.576 0.775732 -1.40644 0.266722 0.164449
16.5984 0.743842 -1.43847 0.422659 0.169278
16.6208 0.711411 -1.45417 0.586419 0.17068
16.6432 0.678832 -1.45158 0.75494 0.168017
16.6656 0.64651 -1.43167 0.925449 0.161332
16.688 0.6148 -1.39749 1.09603 0.151301
16.7104 0.58398 -1.35288 1.26566 0.138967
16.7328 0.554242 -1.30145 1.43396 0.125426
16.7552 0.525704 -1.24615 1.6009 0.111619
16.7776 0.498427 -1.18915 1.76664 0.0982409
16.8 0.472431 -1.13199 1.93136 0.085739
16.8224 0.447707 -1.07571 2.09524 0.0743539
16.8448 0.424228 -1.02097 2.25845 0.0641771
16.8672 0.401953 -0.968189 2.42112 0.0552016
16.8896 0.380837 -0.917595 2.58335 0.0473618
16.912 0.360828 -0.869299 2.74521 0.0405614
16.9344 0.341875 -0.823332 2.90678 0.0346921
16.9568 0.323925 -0.779671 3.06809 0.0296446
16.9792 0.306929 -0.738261 3.22919 0.0253148
17.0016 0.290835 -0.699025 3.3901 0.0216076
17.024 0.275597 -0.661873 3.55084 0.0184375
17.0464 0.261168 -0.626711 3.71144 0.0157291
17.0688 0.247506 -0.593442 3.8719 0.0134168
17.0912 0.234569 -0.561969 4.03224 0.0114434
17.1136 0.222317 -0.532196 4.19247 0.00975979
17.136 0.210714 -0.504034 4.35259 0.0083237
17.1584 0.199725 -0.477394 4.51262 0.00709889
17.1808 0.189316 -0.452193 4.67255 0.00605435
17.2032 0.179456 -0.42835 4.83241 0.0051636
17.2256 0.170116 -0.405792 4.99218 0.00440399
17.248 0.161268 -0.384446 5.15188 0.00375622
17.2704 0.152885 -0.364246 5.31151 0.00320382
17.2928 0.144942 -0.345127 5.47107 0.00273273
17.3152 0.137415 -0.327031 5.63058 0.00233098
17.3376 0.130283 -0.309901 5.79002 0.00198834
17.36 0.123525 -0.293683 5.94941 0.00169612
17.3824 0.11712 -0.278328 6.10875 0.00144688
17.4048 0.11105 -0.263788 6.26803 0.0012343
17.4272 0.105297 -0.250019 6.42727 0.00105298
17.4496 0.0998435 -0.236978 6.58647 0.00089831
17.472 0.0946748 -0.224627 6.74563 0.00076638
17.4944 0.0897754 -0.212928 6.90474 0.000653839
17.5168 0.085131 -0.201845 7.06382 0.000557835
17.5392 0.0807283 -0.191346 7.22286 0.000475937
17.5616 0.0765546 -0.181399 7.38187 0.00040607
17.584 0.0725978 -0.171974 7.54085 0.000346465
17.6064 0.0688464 -0.163044 7.69979 0.000295613
17.6288 0.0652899 -0.154581 7.85871 0.000252229
17.6512 0.0619179 -0.146562 8.01761 0.000215215
17.6736 0.0587208 -0.138962 8.17647 0.000183635
17.696 0.0556894 -0.131759 8.33532 0.000156691
17.7184 0.0528152 -0.124932 8.49414 0.000133701
17.7408 0.0500898 -0.118462 8.65294 0.000114086
17.7632 0.0475056 -0.112328 8.81172 9.73494e-05
17.7856 0.0450551 -0.106515 8.97048 8.30686e-05
17.808 0.0427315 -0.101003 9.12922 7.08833e-05
17.8304 0.040528 -0.0957788 9.28794 6.04858e-05
17.8528 0.0384385 -0.090826 9.44665 5.16137e-05
17.8752 0.0364571 -0.0861305 9.60535 4.40431e-05
17.8976 0.0345781 -0.0816788 9.76403 3.75831e-05
17.92 0.0327962 -0.0774581 9.9227 3.20706e-05
17.9424 0.0311063 -0.0734564 10.0814 2.73667e-05
17.9648 0.0295038 -0.0696622 10.24 2.33527e-05
17.9872 0.027984 -0.0660646 10.3986 1.99275e-05
18.0096 0.0265427 -0.0626534 10.5573 1.70045e-05
18.032 0.0251758 -0.0594188 10.7159 1.45102e-05
18.0544 0.0238795 -0.0563517 10.8745 1.23818e-05
18.0768 0.0226501 -0.0534432 11.0331 1.05654e-05
18.0992 0.0214841 -0.0506851 11.1917 9.01542e-06
18.1216 0.0203783 -0.0480697 11.3503 7.69273e-06
18.144 0.0193296 -0.0455894 11.5089 6.564e-06
18.1664 0.0183349 -0.0432372 11.6675 5.6008e-06
18.1888 0.0173916 -0.0410065 11.8261 4.77884e-06
18.2112 0.016497 -0.038891 11.9846 4.07742e-06
18.2336 0.0156485 -0.0368846 12.1432 3.47887e-06
18.256 0.0148438 -0.0349818 12.3018 2.96809e-06
18.2784 0.0140806 -0.0331771 12.4604 2.53223e-06
18.3008 0.0133568 -0.0314654 12.619 2.16029e-06
18.3232 0.0126703 -0.029842 12.7776 1.84291e-06
18.3456 0.0120192 -0.0283022 12.9362 1.57208e-06
18.368 0.0114017 -0.0268417 13.0948 1.34098e-06
18.3904 0.0108161 -0.0254564 13.2534 1.14379e-06
18.4128 0.0102608 -0.0241424 13.412 9.7553e-07
18.4352 0.00973405 -0.022896 13.5707 8.31961e-07
18.4576 0.00923454 -0.0217137 13.7293 7.09463e-07
18.48 0.00876083 -0.0205922 13.888 6.04947e-07
18.5024 0.00831158 -0.0195283 14.0467 5.15775e-07
18.5248 0.00788555 -0.018519 14.2054 4.39697e-07
18.5472 0.00748154 -0.0175616 14.3642 3.74793e-07
18.5696 0.00709843 -0.0166532 14.5229 3.19424e-07
18.592 0.00673513 -0.0157914 14.6818 2.72193e-07
18.6144 0.00639064 -0.0149738 14.8406 2.31904e-07
18.6368 0.00606399 -0.014198 14.9995 1.9754e-07
18.6592 0.00575427 -0.013462 15.1584 1.68232e-07
18.6816 0.00546062 -0.0127635 15.3174 1.43237e-07
18.704 0.0051822 -0.0121007 15.4765 1.21923e-07
18.7264 0.00491825 -0.0114717 15.6356 1.03749e-07
18.7488 0.00466803 -0.0108748 15.7948 8.82553e-08
18.7712 0.00443083 -0.0103082 15.9541 7.50472e-08
18.7936 0.00420601 -0.00977047 16.1135 6.37894e-08
18.816 0.00399291 -0.00926 16.2729 5.41954e-08
18.8384 0.00379096 -0.00877539 16.4325 4.60207e-08
18.8608 0.00359959 -0.00831527 16.5923 3.90568e-08
18.8832 0.00341827 -0.00787838 16.7522 3.31256e-08
18.9056 0.00324648 -0.00746348 16.9122 2.80753e-08
18.928 0.00308375 -0.00706941 17.0725 2.37762e-08
18.9504 0.00292962 -0.00669507 17.2329 2.01177e-08
18.9728 0.00278367 -0.00633942 17.3936 1.70055e-08
18.9952 0.00264548 -0.00600146 17.5545 1.43591e-08
19.0176 0.00251468 -0.00568024 17.7158 1.21098e-08
19.04 0.00239089 -0.00537486 17.8774 1.0199e-08
19.0624 0.00227377 -0.00508447 18.0393 8.57677e-09
19.0848 0.002163 -0.00480827 18.2017 7.20037e-09
19.1072 0.00205826 -0.00454546 18.3646 6.03347e-09
19.1296 0.00195927 -0.00429532 18.528 5.04503e-09
19.152 0.00186574 -0.00405715 18.692 4.2086e-09
19.1744 0.00177742 -0.00383028 18.8567 3.5016e-09
19.1968 0.00169407 -0.00361406 19.0221 2.90477e-09
19.2192 0.00161544 -0.0034079 19.1885 2.40171e-09
19.2416 0.00154132 -0.0032112 19.3559 1.97841e-09
19.264 0.00147151 -0.00302342 19.5245 1.62292e-09
19.2864 0.00140581 -0.00284403 19.6944 1.32507e-09
19.3088 0.00134404 -0.0026725 19.8658 1.07617e-09
19.3312 0.00128603 -0.00250836 20.039 8.68818e-10
19.3536 0.00123161 -0.00235113 20.2142 6.96685e-10
19.376 0.00118065 -0.00220037 20.3919 5.54383e-10
19.3984 0.00113299 -0.00205562 20.5723 4.37311e-10
19.4208 0.00108851 -0.00191648 20.7559 3.41538e-10
19.4432 0.00104709 -0.00178253 20.9434 2.63708e-10
19.4656 0.00100862 -0.00165337 21.1355 2.0095e-10
19.488 0.000972991 -0.00152862 21.333 1.50811e-10
19.5104 0.000940109 -0.00140788 21.5369 1.11188e-10
19.5328 0.00090989 -0.00129078 21.7488 8.02815e-11
19.5552 0.000882258 -0.00117696 21.9702 5.65487e-11
19.5776 0.000857141 -0.00106604 22.2036 3.86667e-11
19.6 0.00083448 -0.00095766 22.4519 2.55019e-11
19.6224 0.000814222 -0.000851452 22.7192 1.60847e-11
19.6448 0.000796321 -0.000747052 23.0113 9.58808e-12
19.6672 0.000780743 -0.000644092 23.3363 5.31095e-12
19.6896 0.000767458 -0.000542211 23.7069 2.66446e-12
19.712 0.000756447 -0.000441047 24.1437 1.16148e-12
19.7344 0.000747696 -0.000340253 24.6837 4.08463e-13
19.7568 0.000741203 -0.000239507 25.4037 9.93415e-14
19.7792 0.000736968 -0.000138536 26.5123 1.10066e-14
19.8016 0.000734999 -3.71842e-05 29.151 5.66495e-17
19.824 -nan -nan -nan -nan
19.8464 -nan -nan -nan -nan
19.8688 -nan -nan -nan -nan
19.8912 -nan -nan -nan -nan
19.9136 -nan -nan -nan -nan
19.936 -nan -nan -nan -nan
19.9584 -nan -nan -nan -nan
19.9808 -nan -nan -nan -nan
20.0032 -nan -nan -nan -nan
20.0256 -nan -nan -nan -nan
20.048 -nan -nan -nan -nan
20.0704 -nan -nan -nan -nan
20.0928 -nan -nan -nan -nan
20.1152 -nan -nan -nan -nan
20.1376 -nan -nan -nan -nan
20.16 -nan -nan -nan -nan
20.1824 -nan -nan -nan -nan
20.2048 -nan -nan -nan -nan
20.2272 -nan -nan -nan -nan
20.2496 -nan -nan -nan -nan
20.272 -nan -nan -nan -nan
20.2944 -nan -nan -nan -nan
20.3168 -nan -nan -nan -nan
20.3392 -nan -nan -nan -nan
20.3616 -nan -nan -nan -nan
20.384 -nan -nan -nan -nan
20.4064 -nan -nan -nan -nan
20.4288 -nan -nan -nan -nan
20.4512 -nan -nan -nan -nan
20.4736 -nan -nan -nan -nan
20.496 -nan -nan -nan -nan
20.5184 -nan -nan -nan -nan
20.5408 -nan -nan -nan -nan
20.5632 -nan -nan -nan -nan
20.5856 -nan -nan -nan -nan
20.608 -nan -nan -nan -nan
20.6304 -nan -nan -nan -nan
20.6528 -nan -nan -nan -nan
20.6752 -nan -nan -nan -nan
20.6976 -nan -nan -nan -nan
20.72 -nan -nan -nan -nan
20.7424 -nan -nan -nan -nan
20.7648 -nan -nan -nan -nan
20.7872 -nan -nan -nan -nan
20.8096 -nan -nan -nan -nan
20.832 -nan -nan -nan -nan
20.8544 -nan -nan -nan -nan
20.8768 -nan -nan -nan -nan
20.8992 -nan -nan -nan -nan
20.9216 -nan -nan -nan -nan
20.944 -nan -nan -nan -nan
20.9664 -nan -nan -nan -nan
20.9888 -nan -nan -nan -nan
21.0112 -nan -nan -nan -nan
21.0336 -nan -nan -nan -nan
21.056 -nan -nan -nan -nan
21.0784 -nan -nan -nan -nan
21.1008 -nan -nan -nan -nan
21.1232 -nan -nan -nan -nan
21.1456 -nan -nan -nan -nan
21.168 -nan -nan -nan -nan
21.1904 -nan -nan -nan -nan
21.2128 -nan -nan -nan -nan
21.2352 -nan -nan -nan -nan
21.2576 -nan -nan -nan -nan
21.28 -nan -nan -nan -nan
21.3024 -nan -nan -nan -nan
21.3248 -nan -nan -nan -nan
21.3472 -nan -nan -nan -nan
21.3696 -nan -nan -nan -nan
21.392 -nan -nan -nan -nan
21.4144 -nan -nan -nan -nan
21.4368 -nan -nan -nan -nan
21.4592 -nan -nan -nan -nan
21.4816 -nan -nan -nan -nan
21.504 -nan -nan -nan -nan
21.5264 -nan -nan -nan -nan
21.5488 -nan -nan -nan -nan
21.5712 -nan -nan -nan -nan
21.5936 -nan -nan -nan -nan
21.616 -nan -nan -nan -nan
21.6384 -nan -nan -nan -nan
21.6608 -nan -nan -nan -nan
21.6832 -nan -nan -nan -nan
21.7056 -nan -nan -nan -nan
21.728 -nan -nan -nan -nan
21.7504 -nan -nan -nan -nan
21.7728 -nan -nan -nan -nan
21.7952 -nan -nan -nan -nan
21.8176 -nan -nan -nan -nan
21.84 -nan -nan -nan -nan
21.8624 -nan -nan -nan -nan
21.8848 -nan -nan -nan -nan
21.9072 -nan -nan -nan -nan
21.9296 -nan -nan -nan -nan
21.952 -nan -nan -nan -nan
21.9744 -nan -nan -nan -nan
21.9968 -nan -nan -nan -nan
22.0192 -nan -nan -nan -nan
22.0416 -nan -nan -nan -nan
22.064 -nan -nan -nan -nan
22.0864 -nan -nan -nan -nan
22.1088 -nan -nan -nan -nan
22.1312 -nan -nan -nan -nan
22.1536 -nan -nan -nan -nan
22.176 -nan -nan -nan -nan
22.1984 -nan -nan -nan -nan
22.2208 -nan -nan -nan -nan
22.2432 -nan -nan -nan -nan
22.2656 -nan -nan -nan -nan
22.288 -nan -nan -nan -nan
22.3104 -nan -nan -nan -nan
22.3328 -nan -nan -nan -nan
22.3552 -nan -nan -nan -nan
22.3776 -nan -nan -nan -nan
22.4 -nan -nan -nan -nan
