-3.28 1.75345e-05 0.00182626 25.1046
-3.27672 2.35253e-05 0.00182668 24.8102
-3.27344 2.95176e-05 0.00182721 24.5827
-3.27016 3.55119e-05 0.00182787 24.3971
-3.26688 4.15086e-05 0.00182865 24.2402
-3.2636 4.7508e-05 0.00182955 24.1042
-3.26032 5.35106e-05 0.00183058 23.9841
-3.25704 5.95167e-05 0.00183172 23.8765
-3.25376 6.55268e-05 0.00183299 23.7789
-3.25048 7.15413e-05 0.00183437 23.6896
-3.2472 7.75604e-05 0.00183588 23.6072
-3.24392 8.35848e-05 0.00183751 23.5306
-3.24064 8.96147e-05 0.00183927 23.459
-3.23736 9.56505e-05 0.00184114 23.3918
-3.23408 0.000101693 0.00184314 23.3284
-3.2308 0.000107742 0.00184526 23.2683
-3.22752 0.000113798 0.0018475 23.2112
-3.22424 0.000119861 0.00184987 23.1567
-3.22096 0.000125933 0.00185236 23.1046
-3.21768 0.000132013 0.00185497 23.0547
-3.2144 0.000138102 0.0018577 23.0066
-3.21112 0.0001442 0.00186056 22.9603
-3.20784 0.000150307 0.00186354 22.9157
-3.20456 0.000156425 0.00186665 22.8724
-3.20128 0.000162553 0.00186988 22.8305
-3.198 0.000168691 0.00187323 22.7899
-3.19472 0.000174841 0.00187671 22.7504
-3.19144 0.000181003 0.00188031 22.7119
-3.18816 0.000187176 0.00188404 22.6744
-3.18488 0.000193362 0.00188789 22.6378
-3.1816 0.000199561 0.00189187 22.602
-3.17832 0.000205773 0.00189597 22.5671
-3.17504 0.000211998 0.0019002 22.5328
-3.17176 0.000218238 0.00190456 22.4992
-3.16848 0.000224492 0.00190904 22.4662
-3.1652 0.000230762 0.00191365 22.4339
-3.16192 0.000237046 0.00191838 22.4021
-3.15864 0.000243346 0.00192325 22.3708
-3.15536 0.000249663 0.00192824 22.34
-3.15208 0.000255996 0.00193336 22.3096
-3.1488 0.000262346 0.0019386 22.2797
-3.14552 0.000268713 0.00194398 22.2502
-3.14224 0.000275098 0.00194948 22.221
-3.13896 0.000281502 0.00195512 22.1922
-3.13568 0.000287924 0.00196088 22.1638
-3.1324 0.000294365 0.00196678 22.1357
-3.12912 0.000300826 0.0019728 22.1078
-3.12584 0.000307307 0.00197896 22.0803
-3.12256 0.000313808 0.00198525 22.053
-3.11928 0.00032033 0.00199167 22.026
-3.116 0.000326874 0.00199822 21.9992
-3.11272 0.000333439 0.0020049 21.9726
-3.10944 0.000340026 0.00201172 21.9463
-3.10616 0.000346636 0.00201867 21.9201
-3.10288 0.000353269 0.00202576 21.8942
-3.0996 0.000359925 0.00203298 21.8684
-3.09632 0.000366605 0.00204033 21.8428
-3.09304 0.00037331 0.00204782 21.8173
-3.08976 0.000380039 0.00205545 21.792
-3.08648 0.000386794 0.00206321 21.7669
-3.0832 0.000393574 0.00207111 21.7418
-3.07992 0.00040038 0.00207915 21.717
-3.07664 0.000407213 0.00208733 21.6922
-3.07336 0.000414073 0.00209564 21.6675
-3.07008 0.000420961 0.00210409 21.643
-3.0668 0.000427876 0.00211269 21.6185
-3.06352 0.00043482 0.00212142 21.5942
-3.06024 0.000441793 0.00213029 21.5699
-3.05696 0.000448795 0.00213931 21.5458
-3.05368 0.000455827 0.00214847 21.5217
-3.0504 0.000462889 0.00215777 21.4977
-3.04712 0.000469982 0.00216721 21.4737
-3.04384 0.000477106 0.0021768 21.4498
-3.04056 0.000484262 0.00218653 21.426
-3.03728 0.00049145 0.00219641 21.4023
-3.034 0.000498671 0.00220643 21.3786
-3.03072 0.000505925 0.0022166 21.355
-3.02744 0.000513212 0.00222692 21.3314
-3.02416 0.000520533 0.00223739 21.3078
-3.02088 0.000527889 0.002248 21.2843
-3.0176 0.00053528 0.00225876 21.2609
-3.01432 0.000542707 0.00226968 21.2374
-3.01104 0.00055017 0.00228074 21.2141
-3.00776 0.000557669 0.00229195 21.1907
-3.00448 0.000565205 0.00230332 21.1674
-3.0012 0.000572779 0.00231484 21.1441
-2.99792 0.000580391 0.00232652 21.1208
-2.99464 0.000588041 0.00233834 21.0976
-2.99136 0.00059573 0.00235033 21.0744
-2.98808 0.000603459 0.00236247 21.0512
-2.9848 0.000611228 0.00237476 21.028
-2.98152 0.000619038 0.00238722 21.0049
-2.97824 0.000626889 0.00239983 20.9817
-2.97496 0.000634781 0.0024126 20.9586
-2.97168 0.000642715 0.00242554 20.9355
-2.9684 0.000650693 0.00243863 20.9124
-2.96512 0.000658713 0.00245189 20.8893
-2.96184 0.000666777 0.0024653 20.8662
-2.95856 0.000674886 0.00247889 20.8431
-2.95528 0.000683039 0.00249263 20.8201
-2.952 0.000691237 0.00250655 20.797
-2.94872 0.000699482 0.00252062 20.7739
-2.94544 0.000707773 0.00253487 20.7509
-2.94216 0.000716111 0.00254929 20.7278
-2.93888 0.000724496 0.00256387 20.7048
-2.9356 0.00073293 0.00257862 20.6817
-2.93232 0.000741412 0.00259355 20.6587
-2.92904 0.000749944 0.00260865 20.6356
-2.92576 0.000758525 0.00262392 20.6126
-2.92248 0.000767157 0.00263936 20.5895
-2.9192 0.00077584 0.00265498 20.5665
-2.91592 0.000784574 0.00267078 20.5434
-2.91264 0.00079336 0.00268675 20.5203
-2.90936 0.000802199 0.00270291 20.4973
-2.90608 0.000811091 0.00271924 20.4742
-2.9028 0.000820038 0.00273575 20.4511
-2.89952 0.000829038 0.00275244 20.428
-2.89624 0.000838094 0.00276932 20.405
-2.89296 0.000847205 0.00278638 20.3819
-2.88968 0.000856373 0.00280363 20.3588
-2.8864 0.000865597 0.00282106 20.3356
-2.88312 0.000874879 0.00283868 20.3125
-2.87984 0.000884219 0.00285649 20.2894
-2.87656 0.000893618 0.00287449 20.2663
-2.87328 0.000903076 0.00289267 20.2431
-2.87 0.000912594 0.00291106 20.22
-2.86672 0.000922173 0.00292963 20.1968
-2.86344 0.000931813 0.0029484 20.1736
-2.86016 0.000941514 0.00296736 20.1505
-2.85688 0.000951279 0.00298652 20.1273
-2.8536 0.000961106 0.00300588 20.1041
-2.85032 0.000970997 0.00302544 20.0809
-2.84704 0.000980953 0.0030452 20.0576
-2.84376 0.000990974 0.00306517 20.0344
-2.84048 0.00100106 0.00308533 20.0112
-2.8372 0.00101121 0.0031057 19.9879
-2.83392 0.00102143 0.00312628 19.9646
-2.83064 0.00103172 0.00314707 19.9414
-2.82736 0.00104208 0.00316806 19.9181
-2.82408 0.00105251 0.00318926 19.8948
-2.8208 0.001063 0.00321068 19.8715
-2.81752 0.00107357 0.00323231 19.8482
-2.81424 0.00108421 0.00325415 19.8248
-2.81096 0.00109492 0.00327621 19.8015
-2.80768 0.0011057 0.00329849 19.7781
-2.8044 0.00111655 0.00332099 19.7548
-2.80112 0.00112748 0.00334371 19.7314
-2.79784 0.00113849 0.00336665 19.708
-2.79456 0.00114957 0.00338981 19.6846
-2.79128 0.00116073 0.0034132 19.6612
-2.788 0.00117196 0.00343681 19.6378
-2.78472 0.00118327 0.00346065 19.6143
-2.78144 0.00119466 0.00348473 19.5909
-2.77816 0.00120613 0.00350903 19.5674
-2.77488 0.00121768 0.00353357 19.544
-2.7716 0.00122931 0.00355834 19.5205
-2.76832 0.00124102 0.00358335 19.497
-2.76504 0.00125282 0.00360859 19.4735
-2.76176 0.0012647 0.00363408 19.45
-2.75848 0.00127666 0.00365981 19.4265
-2.7552 0.00128871 0.00368578 19.4029
-2.75192 0.00130084 0.00371199 19.3794
-2.74864 0.00131306 0.00373845 19.3558
-2.74536 0.00132536 0.00376516 19.3323
-2.74208 0.00133776 0.00379212 19.3087
-2.7388 0.00135024 0.00381934 19.2851
-2.73552 0.00136281 0.0038468 19.2615
-2.73224 0.00137547 0.00387452 19.2379
-2.72896 0.00138823 0.0039025 19.2143
-2.72568 0.00140108 0.00393074 19.1906
-2.7224 0.00141401 0.00395923 19.167
-2.71912 0.00142705 0.003988 19.1433
-2.71584 0.00144018 0.00401702 19.1197
-2.71256 0.0014534 0.00404631 19.096
-2.70928 0.00146672 0.00407588 19.0723
-2.706 0.00148014 0.00410571 19.0486
-2.70272 0.00149365 0.00413581 19.0249
-2.69944 0.00150727 0.00416619 19.0012
-2.69616 0.00152098 0.00419685 18.9775
-2.69288 0.0015348 0.00422778 18.9538
-2.6896 0.00154872 0.004259 18.93
-2.68632 0.00156274 0.0042905 18.9063
-2.68304 0.00157687 0.00432228 18.8825
-2.67976 0.00159109 0.00435435 18.8588
-2.67648 0.00160543 0.00438671 18.835
-2.6732 0.00161987 0.00441936 18.8112
-2.66992 0.00163442 0.00445231 18.7874
-2.66664 0.00164908 0.00448555 18.7636
-2.66336 0.00166385 0.00451909 18.7398
-2.66008 0.00167872 0.00455292 18.716
-2.6568 0.00169371 0.00458706 18.6921
-2.65352 0.00170882 0.00462151 18.6683
-2.65024 0.00172403 0.00465626 18.6444
-2.64696 0.00173936 0.00469132 18.6206
-2.64368 0.00175481 0.0047267 18.5967
-2.6404 0.00177037 0.00476238 18.5729
-2.63712 0.00178605 0.00479839 18.549
-2.63384 0.00180185 0.00483471 18.5251
-2.63056 0.00181776 0.00487135 18.5012
-2.62728 0.0018338 0.00490832 18.4773
-2.624 0.00184996 0.00494561 18.4534
-2.62072 0.00186625 0.00498323 18.4294
-2.61744 0.00188265 0.00502118 18.4055
-2.61416 0.00189919 0.00505947 18.3816
-2.61088 0.00191584 0.00509809 18.3576
-2.6076 0.00193263 0.00513705 18.3337
-2.60432 0.00194954 0.00517635 18.3097
-2.60104 0.00196659 0.00521599 18.2858
-2.59776 0.00198376 0.00525598 18.2618
-2.59448 0.00200107 0.00529632 18.2378
-2.5912 0.00201851 0.00533702 18.2138
-2.58792 0.00203608 0.00537806 18.1899
-2.58464 0.00205379 0.00541946 18.1659
-2.58136 0.00207163 0.00546123 18.1419
-2.57808 0.00208961 0.00550335 18.1178
-2.5748 0.00210773 0.00554585 18.0938
-2.57152 0.00212599 0.00558871 18.0698
-2.56824 0.0021444 0.00563194 18.0458
-2.56496 0.00216294 0.00567554 18.0217
-2.56168 0.00218163 0.00571952 17.9977
-2.5584 0.00220046 0.00576388 17.9736
-2.55512 0.00221944 0.00580863 17.9496
-2.55184 0.00223856 0.00585376 17.9255
-2.54856 0.00225784 0.00589928 17.9015
-2.54528 0.00227726 0.00594519 17.8774
-2.542 0.00229684 0.00599149 17.8533
-2.53872 0.00231657 0.0060382 17.8292
-2.53544 0.00233645 0.0060853 17.8051
-2.53216 0.00235649 0.00613281 17.7811
-2.52888 0.00237668 0.00618073 17.757
-2.5256 0.00239704 0.00622905 17.7329
-2.52232 0.00241755 0.00627779 17.7087
-2.51904 0.00243822 0.00632695 17.6846
-2.51576 0.00245905 0.00637653 17.6605
-2.51248 0.00248005 0.00642653 17.6364
-2.5092 0.00250121 0.00647695 17.6123
-2.50592 0.00252254 0.00652781 17.5881
-2.50264 0.00254403 0.0065791 17.564
-2.49936 0.0025657 0.00663083 17.5398
-2.49608 0.00258753 0.006683 17.5157
-2.4928 0.00260954 0.00673561 17.4915
-2.48952 0.00263172 0.00678867 17.4674
-2.48624 0.00265407 0.00684218 17.4432
-2.48296 0.0026766 0.00689614 17.4191
-2.47968 0.00269931 0.00695057 17.3949
-2.4764 0.0027222 0.00700545 17.3707
-2.47312 0.00274527 0.0070608 17.3465
-2.46984 0.00276852 0.00711662 17.3224
-2.46656 0.00279195 0.00717291 17.2982
-2.46328 0.00281557 0.00722968 17.274
-2.46 0.00283938 0.00728692 17.2498
-2.45672 0.00286338 0.00734466 17.2256
-2.45344 0.00288756 0.00740287 17.2014
-2.45016 0.00291194 0.00746159 17.1772
-2.44688 0.00293651 0.00752079 17.153
-2.4436 0.00296128 0.0075805 17.1288
-2.44032 0.00298624 0.00764071 17.1045
-2.43704 0.0030114 0.00770142 17.0803
-2.43376 0.00303676 0.00776265 17.0561
-2.43048 0.00306232 0.00782439 17.0319
-2.4272 0.00308809 0.00788666 17.0076
-2.42392 0.00311406 0.00794944 16.9834
-2.42064 0.00314024 0.00801276 16.9592
-2.41736 0.00316662 0.00807661 16.9349
-2.41408 0.00319322 0.00814099 16.9107
-2.4108 0.00322003 0.00820591 16.8864
-2.40752 0.00324705 0.00827138 16.8622
-2.40424 0.00327429 0.0083374 16.8379
-2.40096 0.00330175 0.00840397 16.8137
-2.39768 0.00332942 0.0084711 16.7894
-2.3944 0.00335732 0.00853879 16.7652
-2.39112 0.00338544 0.00860705 16.7409
-2.38784 0.00341378 0.00867589 16.7166
-2.38456 0.00344235 0.00874529 16.6923
-2.38128 0.00347115 0.00881528 16.6681
-2.378 0.00350018 0.00888585 16.6438
-2.37472 0.00352944 0.00895702 16.6195
-2.37144 0.00355894 0.00902878 16.5952
-2.36816 0.00358867 0.00910113 16.571
-2.36488 0.00361864 0.0091741 16.5467
-2.3616 0.00364885 0.00924767 16.5224
-2.35832 0.00367931 0.00932185 16.4981
-2.35504 0.00371001 0.00939666 16.4738
-2.35176 0.00374095 0.00947209 16.4495
-2.34848 0.00377214 0.00954815 16.4252
-2.3452 0.00380359 0.00962484 16.4009
-2.34192 0.00383528 0.00970217 16.3766
-2.33864 0.00386723 0.00978015 16.3523
-2.33536 0.00389944 0.00985877 16.328
-2.33208 0.00393191 0.00993805 16.3037
-2.3288 0.00396464 0.010018 16.2794
-2.32552 0.00399763 0.0100986 16.255
-2.32224 0.00403088 0.0101799 16.2307
-2.31896 0.00406441 0.0102618 16.2064
-2.31568 0.0040982 0.0103445 16.1821
-2.3124 0.00413227 0.0104278 16.1578
-2.30912 0.00416661 0.0105118 16.1334
-2.30584 0.00420123 0.0105965 16.1091
-2.30256 0.00423612 0.0106819 16.0848
-2.29928 0.0042713 0.010768 16.0605
-2.296 0.00430676 0.0108549 16.0361
-2.29272 0.00434251 0.0109424 16.0118
-2.28944 0.00437855 0.0110307 15.9874
-2.28616 0.00441487 0.0111197 15.9631
-2.28288 0.00445149 0.0112095 15.9388
-2.2796 0.00448841 0.0113 15.9144
-2.27632 0.00452562 0.0113913 15.8901
-2.27304 0.00456313 0.0114833 15.8657
-2.26976 0.00460095 0.011576 15.8414
-2.26648 0.00463907 0.0116696 15.817
-2.2632 0.00467751 0.0117639 15.7927
-2.25992 0.00471625 0.011859 15.7683
-2.25664 0.0047553 0.0119549 15.744
-2.25336 0.00479467 0.0120516 15.7196
-2.25008 0.00483436 0.012149 15.6953
-2.2468 0.00487437 0.0122473 15.6709
-2.24352 0.0049147 0.0123464 15.6466
-2.24024 0.00495536 0.0124463 15.6222
-2.23696 0.00499635 0.0125471 15.5979
-2.23368 0.00503767 0.0126487 15.5735
-2.2304 0.00507933 0.0127511 15.5491
-2.22712 0.00512132 0.0128543 15.5248
-2.22384 0.00516365 0.0129585 15.5004
-2.22056 0.00520633 0.0130634 15.476
-2.21728 0.00524935 0.0131693 15.4517
-2.214 0.00529272 0.013276 15.4273
-2.21072 0.00533644 0.0133836 15.4029
-2.20744 0.00538052 0.0134921 15.3785
-2.20416 0.00542495 0.0136015 15.3542
-2.20088 0.00546975 0.0137118 15.3298
-2.1976 0.0055149 0.013823 15.3054
-2.19432 0.00556042 0.0139351 15.281
-2.19104 0.00560632 0.0140482 15.2567
-2.18776 0.00565258 0.0141621 15.2323
-2.18448 0.00569922 0.014277 15.2079
-2.1812 0.00574624 0.0143929 15.1835
-2.17792 0.00579364 0.0145097 15.1591
-2.17464 0.00584143 0.0146275 15.1348
-2.17136 0.0058896 0.0147463 15.1104
-2.16808 0.00593816 0.014866 15.086
-2.1648 0.00598712 0.0149867 15.0616
-2.16152 0.00603648 0.0151085 15.0372
-2.15824 0.00608623 0.0152312 15.0128
-2.15496 0.00613639 0.0153549 14.9884
-2.15168 0.00618696 0.0154797 14.964
-2.1484 0.00623794 0.0156055 14.9396
-2.14512 0.00628934 0.0157323 14.9153
-2.14184 0.00634115 0.0158601 14.8909
-2.13856 0.00639338 0.0159891 14.8665
-2.13528 0.00644604 0.016119 14.8421
-2.132 0.00649912 0.0162501 14.8177
-2.12872 0.00655264 0.0163822 14.7933
-2.12544 0.00660659 0.0165154 14.7689
-2.12216 0.00666098 0.0166497 14.7445
-2.11888 0.00671581 0.0167852 14.7201
-2.1156 0.00677109 0.0169217 14.6957
-2.11232 0.00682682 0.0170594 14.6713
-2.10904 0.006883 0.0171981 14.6469
-2.10576 0.00693964 0.0173381 14.6225
-2.10248 0.00699674 0.0174792 14.5981
-2.0992 0.00705431 0.0176214 14.5737
-2.09592 0.00711234 0.0177648 14.5493
-2.09264 0.00717084 0.0179094 14.5249
-2.08936 0.00722983 0.0180552 14.5005
-2.08608 0.00728929 0.0182022 14.476
-2.0828 0.00734923 0.0183504 14.4516
-2.07952 0.00740967 0.0184998 14.4272
-2.07624 0.00747059 0.0186504 14.4028
-2.07296 0.00753202 0.0188023 14.3784
-2.06968 0.00759394 0.0189554 14.354
-2.0664 0.00765636 0.0191098 14.3296
-2.06312 0.0077193 0.0192655 14.3052
-2.05984 0.00778275 0.0194224 14.2808
-2.05656 0.00784671 0.0195806 14.2564
-2.05328 0.0079112 0.0197401 14.2319
-2.05 0.00797621 0.019901 14.2075
-2.04672 0.00804175 0.0200631 14.1831
-2.04344 0.00810782 0.0202266 14.1587
-2.04016 0.00817444 0.0203915 14.1343
-2.03688 0.00824159 0.0205576 14.1099
-2.0336 0.0083093 0.0207252 14.0855
-2.03032 0.00837755 0.0208941 14.061
-2.02704 0.00844636 0.0210644 14.0366
-2.02376 0.00851574 0.0212361 14.0122
-2.02048 0.00858567 0.0214093 13.9878
-2.0172 0.00865618 0.0215838 13.9634
-2.01392 0.00872727 0.0217598 13.939
-2.01064 0.00879893 0.0219372 13.9145
-2.00736 0.00887118 0.0221161 13.8901
-2.00408 0.00894401 0.0222965 13.8657
-2.0008 0.00901744 0.0224783 13.8413
-1.99752 0.00909147 0.0226616 13.8169
-1.99424 0.0091661 0.0228464 13.7924
-1.99096 0.00924135 0.0230328 13.768
-1.98768 0.0093172 0.0232207 13.7436
-1.9844 0.00939367 0.0234101 13.7192
-1.98112 0.00947077 0.023601 13.6947
-1.97784 0.0095485 0.0237936 13.6703
-1.97456 0.00962686 0.0239877 13.6459
-1.97128 0.00970586 0.0241834 13.6215
-1.968 0.00978551 0.0243807 13.597
-1.96472 0.0098658 0.0245797 13.5726
-1.96144 0.00994675 0.0247802 13.5482
-1.95816 0.0100284 0.0249825 13.5238
-1.95488 0.0101106 0.0251863 13.4993
-1.9516 0.0101936 0.0253919 13.4749
-1.94832 0.0102772 0.0255991 13.4505
-1.94504 0.0103615 0.0258081 13.4261
-1.94176 0.0104465 0.0260187 13.4016
-1.93848 0.0105322 0.0262311 13.3772
-1.9352 0.0106186 0.0264452 13.3528
-1.93192 0.0107057 0.0266611 13.3284
-1.92864 0.0107935 0.0268787 13.3039
-1.92536 0.010882 0.0270981 13.2795
-1.92208 0.0109713 0.0273194 13.2551
-1.9188 0.0110612 0.0275424 13.2306
-1.91552 0.0111519 0.0277673 13.2062
-1.91224 0.0112434 0.027994 13.1818
-1.90896 0.0113356 0.0282226 13.1573
-1.90568 0.0114285 0.028453 13.1329
-1.9024 0.0115222 0.0286854 13.1085
-1.89912 0.0116167 0.0289196 13.0841
-1.89584 0.0117119 0.0291558 13.0596
-1.89256 0.011808 0.0293939 13.0352
-1.88928 0.0119048 0.0296339 13.0108
-1.886 0.0120024 0.029876 12.9863
-1.88272 0.0121008 0.03012 12.9619
-1.87944 0.0122 0.030366 12.9375
-1.87616 0.0123 0.030614 12.913
-1.87288 0.0124008 0.0308641 12.8886
-1.8696 0.0125024 0.0311162 12.8642
-1.86632 0.0126049 0.0313703 12.8397
-1.86304 0.0127082 0.0316266 12.8153
-1.85976 0.0128124 0.0318849 12.7909
-1.85648 0.0129174 0.0321454 12.7664
-1.8532 0.0130233 0.032408 12.742
-1.84992 0.01313 0.0326728 12.7176
-1.84664 0.0132376 0.0329397 12.6931
-1.84336 0.0133461 0.0332088 12.6687
-1.84008 0.0134554 0.0334801 12.6442
-1.8368 0.0135657 0.0337537 12.6198
-1.83352 0.0136769 0.0340295 12.5954
-1.83024 0.0137889 0.0343075 12.5709
-1.82696 0.0139019 0.0345879 12.5465
-1.82368 0.0140158 0.0348705 12.5221
-1.8204 0.0141307 0.0351554 12.4976
-1.81712 0.0142465 0.0354427 12.4732
-1.81384 0.0143632 0.0357323 12.4488
-1.81056 0.0144809 0.0360243 12.4243
-1.80728 0.0145995 0.0363187 12.3999
-1.804 0.0147191 0.0366155 12.3754
-1.80072 0.0148397 0.0369147 12.351
-1.79744 0.0149613 0.0372164 12.3266
-1.79416 0.0150839 0.0375206 12.3021
-1.79088 0.0152074 0.0378272 12.2777
-1.7876 0.015332 0.0381364 12.2533
-1.78432 0.0154576 0.0384481 12.2288
-1.78104 0.0155842 0.0387624 12.2044
-1.77776 0.0157119 0.0390792 12.1799
-1.77448 0.0158406 0.0393986 12.1555
-1.7712 0.0159703 0.0397206 12.1311
-1.76792 0.0161012 0.0400453 12.1066
-1.76464 0.016233 0.0403726 12.0822
-1.76136 0.016366 0.0407026 12.0577
-1.75808 0.0165001 0.0410354 12.0333
-1.7548 0.0166352 0.0413708 12.0089
-1.75152 0.0167715 0.041709 11.9844
-1.74824 0.0169088 0.04205 11.96
-1.74496 0.0170473 0.0423937 11.9355
-1.74168 0.0171869 0.0427403 11.9111
-1.7384 0.0173277 0.0430897 11.8867
-1.73512 0.0174696 0.0434419 11.8622
-1.73184 0.0176127 0.0437971 11.8378
-1.72856 0.0177569 0.0441552 11.8133
-1.72528 0.0179023 0.0445162 11.7889
-1.722 0.0180489 0.0448801 11.7645
-1.71872 0.0181967 0.045247 11.74
-1.71544 0.0183458 0.045617 11.7156
-1.71216 0.018496 0.0459899 11.6911
-1.70888 0.0186475 0.0463659 11.6667
-1.7056 0.0188002 0.046745 11.6423
-1.70232 0.0189541 0.0471272 11.6178
-1.69904 0.0191093 0.0475126 11.5934
-1.69576 0.0192658 0.0479011 11.5689
-1.69248 0.0194236 0.0482927 11.5445
-1.6892 0.0195826 0.0486876 11.52
-1.68592 0.0197429 0.0490857 11.4956
-1.68264 0.0199046 0.0494871 11.4712
-1.67936 0.0200676 0.0498917 11.4467
-1.67608 0.0202319 0.0502997 11.4223
-1.6728 0.0203976 0.050711 11.3978
-1.66952 0.0205646 0.0511257 11.3734
-1.66624 0.0207329 0.0515438 11.3489
-1.66296 0.0209027 0.0519653 11.3245
-1.65968 0.0210738 0.0523902 11.3001
-1.6564 0.0212464 0.0528186 11.2756
-1.65312 0.0214203 0.0532506 11.2512
-1.64984 0.0215957 0.053686 11.2267
-1.64656 0.0217725 0.0541251 11.2023
-1.64328 0.0219508 0.0545677 11.1778
-1.64 0.0221305 0.0550139 11.1534
-1.63672 0.0223117 0.0554638 11.129
-1.63344 0.0224943 0.0559174 11.1045
-1.63016 0.0226785 0.0563747 11.0801
-1.62688 0.0228642 0.0568358 11.0556
-1.6236 0.0230513 0.0573006 11.0312
-1.62032 0.0232401 0.0577692 11.0067
-1.61704 0.0234303 0.0582417 10.9823
-1.61376 0.0236221 0.058718 10.9579
-1.61048 0.0238155 0.0591983 10.9334
-1.6072 0.0240105 0.0596824 10.909
-1.60392 0.024207 0.0601705 10.8845
-1.60064 0.0244052 0.0606627 10.8601
-1.59736 0.024605 0.0611588 10.8356
-1.59408 0.0248064 0.061659 10.8112
-1.5908 0.0250095 0.0621633 10.7868
-1.58752 0.0252142 0.0626718 10.7623
-1.58424 0.0254206 0.0631844 10.7379
-1.58096 0.0256287 0.0637012 10.7134
-1.57768 0.0258385 0.0642222 10.689
-1.5744 0.02605 0.0647475 10.6645
-1.57112 0.0262632 0.065277 10.6401
-1.56784 0.0264782 0.065811 10.6156
-1.56456 0.026695 0.0663493 10.5912
-1.56128 0.0269135 0.066892 10.5668
-1.558 0.0271338 0.0674391 10.5423
-1.55472 0.0273559 0.0679907 10.5179
-1.55144 0.0275798 0.0685469 10.4934
-1.54816 0.0278055 0.0691075 10.469
-1.54488 0.0280331 0.0696728 10.4445
-1.5416 0.0282626 0.0702427 10.4201
-1.53832 0.0284939 0.0708173 10.3956
-1.53504 0.0287272 0.0713966 10.3712
-1.53176 0.0289623 0.0719806 10.3467
-1.52848 0.0291994 0.0725694 10.3223
-1.5252 0.0294384 0.073163 10.2979
-1.52192 0.0296793 0.0737615 10.2734
-1.51864 0.0299222 0.0743648 10.249
-1.51536 0.0301672 0.0749731 10.2245
-1.51208 0.0304141 0.0755864 10.2001
-1.5088 0.030663 0.0762047 10.1756
-1.50552 0.030914 0.0768281 10.1512
-1.50224 0.031167 0.0774566 10.1267
-1.49896 0.0314221 0.0780902 10.1023
-1.49568 0.0316793 0.078729 10.0778
-1.4924 0.0319386 0.079373 10.0534
-1.48912 0.0322 0.0800223 10.029
-1.48584 0.0324635 0.0806769 10.0045
-1.48256 0.0327292 0.0813369 9.98007
-1.47928 0.0329971 0.0820023 9.95562
-1.476 0.0332672 0.0826731 9.93118
-1.47272 0.0335394 0.0833494 9.90673
-1.46944 0.0338139 0.0840313 9.88228
-1.46616 0.0340907 0.0847187 9.85784
-1.46288 0.0343697 0.0854117 9.83339
-1.4596 0.034651 0.0861105 9.80895
-1.45632 0.0349346 0.0868149 9.7845
-1.45304 0.0352205 0.0875251 9.76005
-1.44976 0.0355088 0.0882411 9.73561
-1.44648 0.0357994 0.088963 9.71116
-1.4432 0.0360924 0.0896908 9.68672
-1.43992 0.0363878 0.0904246 9.66227
-1.43664 0.0366856 0.0911643 9.63782
-1.43336 0.0369858 0.0919101 9.61338
-1.43008 0.0372885 0.092662 9.58893
-1.4268 0.0375937 0.0934201 9.56449
-1.42352 0.0379013 0.0941843 9.54004
-1.42024 0.0382115 0.0949549 9.51559
-1.41696 0.0385243 0.0957317 9.49115
-1.41368 0.0388395 0.0965149 9.4667
-1.4104 0.0391574 0.0973045 9.44226
-1.40712 0.0394779 0.0981005 9.41781
-1.40384 0.0398009 0.0989031 9.39336
-1.40056 0.0401267 0.0997122 9.36892
-1.39728 0.0404551 0.100528 9.34447
-1.394 0.0407861 0.10135 9.32002
-1.39072 0.0411199 0.10218 9.29558
-1.38744 0.0414565 0.103016 9.27113
-1.38416 0.0417957 0.103858 9.24669
-1.38088 0.0421378 0.104708 9.22224
-1.3776 0.0424826 0.105565 9.19779
-1.37432 0.0428303 0.106428 9.17335
-1.37104 0.0431808 0.107299 9.1489
-1.36776 0.0435342 0.108177 9.12445
-1.36448 0.0438904 0.109062 9.10001
-1.3612 0.0442496 0.109954 9.07556
-1.35792 0.0446117 0.110854 9.05111
-1.35464 0.0449768 0.111761 9.02667
-1.35136 0.0453449 0.112675 9.00222
-1.34808 0.045716 0.113597 8.97777
-1.3448 0.0460901 0.114526 8.95333
-1.34152 0.0464673 0.115463 8.92888
-1.33824 0.0468476 0.116408 8.90443
-1.33496 0.0472309 0.11736 8.87999
-1.33168 0.0476175 0.118321 8.85554
-1.3284 0.0480071 0.119289 8.83109
-1.32512 0.0484 0.120265 8.80665
-1.32184 0.0487961 0.121249 8.7822
-1.31856 0.0491954 0.122241 8.75775
-1.31528 0.049598 0.123241 8.73331
-1.312 0.0500039 0.124249 8.70886
-1.30872 0.0504131 0.125266 8.68441
-1.30544 0.0508256 0.12629 8.65997
-1.30216 0.0512415 0.127324 8.63552
-1.29888 0.0516609 0.128365 8.61107
-1.2956 0.0520836 0.129416 8.58663
-1.29232 0.0525098 0.130475 8.56218
-1.28904 0.0529395 0.131542 8.53773
-1.28576 0.0533728 0.132618 8.51328
-1.28248 0.0538095 0.133703 8.48884
-1.2792 0.0542499 0.134797 8.46439
-1.27592 0.0546938 0.1359 8.43994
-1.27264 0.0551414 0.137012 8.4155
-1.26936 0.0555926 0.138133 8.39105
-1.26608 0.0560475 0.139263 8.3666
-1.2628 0.0565062 0.140403 8.34216
-1.25952 0.0569686 0.141551 8.31771
-1.25624 0.0574348 0.14271 8.29326
-1.25296 0.0579048 0.143877 8.26881
-1.24968 0.0583786 0.145054 8.24437
-1.2464 0.0588564 0.146241 8.21992
-1.24312 0.059338 0.147438 8.19547
-1.23984 0.0598236 0.148644 8.17103
-1.23656 0.0603131 0.14986 8.14658
-1.23328 0.0608066 0.151086 8.12213
-1.23 0.0613042 0.152323 8.09769
-1.22672 0.0618059 0.153569 8.07324
-1.22344 0.0623117 0.154825 8.04879
-1.22016 0.0628216 0.156092 8.02434
-1.21688 0.0633356 0.157369 7.9999
-1.2136 0.0638539 0.158657 7.97545
-1.21032 0.0643764 0.159955 7.951
-1.20704 0.0649032 0.161264 7.92656
-1.20376 0.0654343 0.162583 7.90211
-1.20048 0.0659698 0.163913 7.87766
-1.1972 0.0665096 0.165255 7.85321
-1.19392 0.0670539 0.166607 7.82877
-1.19064 0.0676026 0.16797 7.80432
-1.18736 0.0681558 0.169344 7.77987
-1.18408 0.0687135 0.17073 7.75543
-1.1808 0.0692758 0.172127 7.73098
-1.17752 0.0698426 0.173535 7.70653
-1.17424 0.0704142 0.174955 7.68208
-1.17096 0.0709904 0.176386 7.65764
-1.16768 0.0715713 0.17783 7.63319
-1.1644 0.0721569 0.179285 7.60874
-1.16112 0.0727474 0.180752 7.58429
-1.15784 0.0733427 0.18223 7.55985
-1.15456 0.0739428 0.183721 7.5354
-1.15128 0.0745479 0.185225 7.51095
-1.148 0.0751579 0.18674 7.48651
-1.14472 0.0757729 0.188268 7.46206
-1.14144 0.076393 0.189809 7.43761
-1.13816 0.0770181 0.191362 7.41316
-1.13488 0.0776483 0.192927 7.38872
-1.1316 0.0782837 0.194506 7.36427
-1.12832 0.0789243 0.196097 7.33982
-1.12504 0.0795701 0.197702 7.31537
-1.12176 0.0802212 0.19932 7.29093
-1.11848 0.0808777 0.20095 7.26648
-1.1152 0.0815395 0.202595 7.24203
-1.11192 0.0822067 0.204252 7.21758
-1.10864 0.0828794 0.205924 7.19314
-1.10536 0.0835576 0.207608 7.16869
-1.10208 0.0842413 0.209307 7.14424
-1.0988 0.0849307 0.21102 7.1198
-1.09552 0.0856256 0.212746 7.09535
-1.09224 0.0863263 0.214487 7.0709
-1.08896 0.0870327 0.216242 7.04645
-1.08568 0.0877448 0.218011 7.02201
-1.0824 0.0884628 0.219795 6.99756
-1.07912 0.0891867 0.221594 6.97311
-1.07584 0.0899165 0.223407 6.94866
-1.07256 0.0906523 0.225235 6.92422
-1.06928 0.0913941 0.227078 6.89977
-1.066 0.0921419 0.228936 6.87532
-1.06272 0.0928959 0.230809 6.85087
-1.05944 0.0936561 0.232697 6.82643
-1.05616 0.0944224 0.234601 6.80198
-1.05288 0.0951951 0.236521 6.77753
-1.0496 0.095974 0.238456 6.75308
-1.04632 0.0967593 0.240407 6.72864
-1.04304 0.0975511 0.242374 6.70419
-1.03976 0.0983493 0.244357 6.67974
-1.03648 0.0991541 0.246357 6.65529
-1.0332 0.0999655 0.248373 6.63085
-1.02992 0.100783 0.250405 6.6064
-1.02664 0.101608 0.252454 6.58195
-1.02336 0.10244 0.254519 6.5575
-1.02008 0.103278 0.256602 6.53306
-1.0168 0.104123 0.258701 6.50861
-1.01352 0.104975 0.260818 6.48416
-1.01024 0.105834 0.262952 6.45971
-1.00696 0.1067 0.265104 6.43527
-1.00368 0.107573 0.267273 6.41082
-1.0004 0.108453 0.26946 6.38637
-0.99712 0.109341 0.271665 6.36192
-0.99384 0.110235 0.273887 6.33748
-0.99056 0.111137 0.276128 6.31303
-0.98728 0.112047 0.278388 6.28858
-0.984 0.112964 0.280666 6.26413
-0.98072 0.113888 0.282962 6.23969
-0.97744 0.11482 0.285277 6.21524
-0.97416 0.115759 0.287611 6.19079
-0.97088 0.116707 0.289965 6.16634
-0.9676 0.117662 0.292337 6.1419
-0.96432 0.118624 0.294729 6.11745
-0.96104 0.119595 0.297141 6.093
-0.95776 0.120574 0.299572 6.06855
-0.95448 0.12156 0.302023 6.04411
-0.9512 0.122555 0.304494 6.01966
-0.94792 0.123558 0.306986 5.99521
-0.94464 0.124569 0.309498 5.97076
-0.94136 0.125588 0.31203 5.94631
-0.93808 0.126616 0.314583 5.92187
-0.9348 0.127652 0.317157 5.89742
-0.93152 0.128696 0.319752 5.87297
-0.92824 0.129749 0.322368 5.84852
-0.92496 0.130811 0.325006 5.82408
-0.92168 0.131881 0.327665 5.79963
-0.9184 0.132961 0.330346 5.77518
-0.91512 0.134049 0.333049 5.75073
-0.91184 0.135145 0.335774 5.72629
-0.90856 0.136251 0.338521 5.70184
-0.90528 0.137366 0.341291 5.67739
-0.902 0.13849 0.344083 5.65294
-0.89872 0.139623 0.346898 5.62849
-0.89544 0.140766 0.349737 5.60405
-0.89216 0.141918 0.352598 5.5796
-0.88888 0.143079 0.355483 5.55515
-0.8856 0.14425 0.358392 5.5307
-0.88232 0.14543 0.361324 5.50626
-0.87904 0.14662 0.36428 5.48181
-0.87576 0.14782 0.36726 5.45736
-0.87248 0.149029 0.370265 5.43291
-0.8692 0.150249 0.373295 5.40846
-0.86592 0.151478 0.376349 5.38402
-0.86264 0.152717 0.379428 5.35957
-0.85936 0.153967 0.382532 5.33512
-0.85608 0.155227 0.385662 5.31067
-0.8528 0.156497 0.388817 5.28622
-0.84952 0.157778 0.391998 5.26178
-0.84624 0.159069 0.395205 5.23733
-0.84296 0.16037 0.398438 5.21288
-0.83968 0.161682 0.401698 5.18843
-0.8364 0.163005 0.404984 5.16398
-0.83312 0.164339 0.408298 5.13954
-0.82984 0.165684 0.411638 5.11509
-0.82656 0.167039 0.415005 5.09064
-0.82328 0.168406 0.4184 5.06619
-0.82 0.169784 0.421823 5.04174
-0.81672 0.171173 0.425274 5.01729
-0.81344 0.172574 0.428753 4.99285
-0.81016 0.173986 0.43226 4.9684
-0.80688 0.17541 0.435796 4.94395
-0.8036 0.176845 0.439361 4.9195
-0.80032 0.178292 0.442955 4.89505
-0.79704 0.179751 0.446579 4.8706
-0.79376 0.181222 0.450232 4.84615
-0.79048 0.182704 0.453914 4.8217
-0.7872 0.184199 0.457627 4.79726
-0.78392 0.185706 0.461371 4.77281
-0.78064 0.187226 0.465144 4.74836
-0.77736 0.188758 0.468949 4.72391
-0.77408 0.190302 0.472784 4.69946
-0.7708 0.191859 0.476651 4.67501
-0.76752 0.193429 0.480549 4.65056
-0.76424 0.195012 0.48448 4.62611
-0.76096 0.196607 0.488442 4.60166
-0.75768 0.198216 0.492436 4.57721
-0.7544 0.199838 0.496463 4.55276
-0.75112 0.201473 0.500523 4.52831
-0.74784 0.203121 0.504616 4.50386
-0.74456 0.204783 0.508743 4.47941
-0.74128 0.206459 0.512903 4.45496
-0.738 0.208148 0.517096 4.43051
-0.73472 0.209851 0.521324 4.40606
-0.73144 0.211568 0.525587 4.38161
-0.72816 0.213299 0.529884 4.35716
-0.72488 0.215044 0.534216 4.33271
-0.7216 0.216803 0.538583 4.30826
-0.71832 0.218577 0.542986 4.28381
-0.71504 0.220365 0.547424 4.25936
-0.71176 0.222168 0.551899 4.23491
-0.70848 0.223986 0.55641 4.21046
-0.7052 0.225818 0.560957 4.18601
-0.70192 0.227666 0.565541 4.16155
-0.69864 0.229528 0.570163 4.1371
-0.69536 0.231406 0.574822 4.11265
-0.69208 0.233299 0.579519 4.0882
-0.6888 0.235208 0.584254 4.06374
-0.68552 0.237132 0.589027 4.03929
-0.68224 0.239072 0.593839 4.01484
-0.67896 0.241027 0.598689 3.99038
-0.67568 0.242999 0.603579 3.96593
-0.6724 0.244987 0.608508 3.94148
-0.66912 0.246991 0.613478 3.91702
-0.66584 0.249011 0.618487 3.89257
-0.66256 0.251048 0.623536 3.86811
-0.65928 0.253102 0.628627 3.84365
-0.656 0.255172 0.633758 3.8192
-0.65272 0.257259 0.63893 3.79474
-0.64944 0.259364 0.644144 3.77029
-0.64616 0.261485 0.6494 3.74583
-0.64288 0.263624 0.654698 3.72137
-0.6396 0.26578 0.660039 3.69691
-0.63632 0.267954 0.665422 3.67245
-0.63304 0.270145 0.670848 3.64799
-0.62976 0.272354 0.676317 3.62353
-0.62648 0.274582 0.68183 3.59907
-0.6232 0.276827 0.687387 3.57461
-0.61992 0.279091 0.692988 3.55015
-0.61664 0.281373 0.698634 3.52569
-0.61336 0.283674 0.704324 3.50122
-0.61008 0.285994 0.71006 3.47676
-0.6068 0.288332 0.71584 3.45229
-0.60352 0.29069 0.721667 3.42783
-0.60024 0.293066 0.727539 3.40336
-0.59696 0.295462 0.733457 3.37889
-0.59368 0.297878 0.739421 3.35442
-0.5904 0.300313 0.745432 3.32995
-0.58712 0.302768 0.75149 3.30548
-0.58384 0.305243 0.757596 3.28101
-0.58056 0.307738 0.763748 3.25654
-0.57728 0.310253 0.769948 3.23206
-0.574 0.312789 0.776197 3.20758
-0.57072 0.315345 0.782493 3.18311
-0.56744 0.317922 0.788837 3.15863
-0.56416 0.32052 0.79523 3.13415
-0.56088 0.323139 0.801672 3.10966
-0.5576 0.325779 0.808162 3.08518
-0.55432 0.32844 0.814702 3.06069
-0.55104 0.331123 0.82129 3.03621
-0.54776 0.333828 0.827929 3.01172
-0.54448 0.336555 0.834616 2.98723
-0.5412 0.339303 0.841353 2.96273
-0.53792 0.342074 0.84814 2.93824
-0.53464 0.344867 0.854977 2.91374
-0.53136 0.347683 0.861864 2.88924
-0.52808 0.350521 0.868801 2.86473
-0.5248 0.353382 0.875787 2.84022
-0.52152 0.356266 0.882824 2.81572
-0.51824 0.359173 0.889911 2.7912
-0.51496 0.362104 0.897048 2.76669
-0.51168 0.365058 0.904234 2.74217
-0.5084 0.368036 0.911471 2.71764
-0.50512 0.371037 0.918757 2.69312
-0.50184 0.374063 0.926093 2.66859
-0.49856 0.377113 0.933478 2.64405
-0.49528 0.380187 0.940912 2.61951
-0.492 0.383285 0.948395 2.59497
-0.48872 0.386408 0.955927 2.57042
-0.48544 0.389556 0.963507 2.54587
-0.48216 0.392729 0.971135 2.52131
-0.47888 0.395927 0.97881 2.49675
-0.4756 0.39915 0.986533 2.47218
-0.47232 0.402398 0.994302 2.44761
-0.46904 0.405672 1.00212 2.42303
-0.46576 0.408972 1.00998 2.39844
-0.46248 0.412298 1.01788 2.37385
-0.4592 0.41565 1.02583 2.34924
-0.45592 0.419027 1.03382 2.32464
-0.45264 0.422432 1.04185 2.30002
-0.44936 0.425862 1.04993 2.2754
-0.44608 0.429319 1.05804 2.25076
-0.4428 0.432803 1.06619 2.22612
-0.43952 0.436313 1.07438 2.20147
-0.43624 0.439851 1.08261 2.17681
-0.43296 0.443415 1.09087 2.15214
-0.42968 0.447007 1.09916 2.12746
-0.4264 0.450626 1.10749 2.10277
-0.42312 0.454272 1.11584 2.07806
-0.41984 0.457946 1.12422 2.05335
-0.41656 0.461647 1.13263 2.02862
-0.41328 0.465376 1.14106 2.00388
-0.41 0.469132 1.14951 1.97913
-0.40672 0.472917 1.15798 1.95436
-0.40344 0.476729 1.16646 1.92957
-0.40016 0.480569 1.17495 1.90478
-0.39688 0.484436 1.18346 1.87996
-0.3936 0.488332 1.19197 1.85513
-0.39032 0.492256 1.20048 1.83029
-0.38704 0.496207 1.209 1.80542
-0.38376 0.500187 1.2175 1.78054
-0.38048 0.504194 1.226 1.75564
-0.3772 0.508229 1.23448 1.73071
-0.37392 0.512292 1.24295 1.70577
-0.37064 0.516383 1.25139 1.68081
-0.36736 0.520501 1.2598 1.65582
-0.36408 0.524647 1.26818 1.63082
-0.3608 0.528821 1.27651 1.60579
-0.35752 0.533021 1.28481 1.58073
-0.35424 0.537249 1.29304 1.55566
-0.35096 0.541503 1.30122 1.53055
-0.34768 0.545785 1.30933 1.50543
-0.3444 0.550093 1.31737 1.48027
-0.34112 0.554427 1.32532 1.45509
-0.33784 0.558787 1.33319 1.42989
-0.33456 0.563172 1.34095 1.40466
-0.33128 0.567583 1.34861 1.3794
-0.328 0.572019 1.35615 1.35411
-0.32472 0.576479 1.36356 1.32879
-0.32144 0.580964 1.37083 1.30345
-0.31816 0.585472 1.37796 1.27808
-0.31488 0.590003 1.38493 1.25269
-0.3116 0.594557 1.39172 1.22726
-0.30832 0.599133 1.39834 1.20182
-0.30504 0.60373 1.40476 1.17634
-0.30176 0.608348 1.41097 1.15085
-0.29848 0.612985 1.41697 1.12533
-0.2952 0.617643 1.42274 1.09979
-0.29192 0.622318 1.42826 1.07424
-0.28864 0.627012 1.43352 1.04866
-0.28536 0.631722 1.43852 1.02308
-0.28208 0.636448 1.44323 0.997481
-0.2788 0.641189 1.44764 0.971879
-0.27552 0.645944 1.45175 0.946273
-0.27224 0.650712 1.45553 0.920669
-0.26896 0.655492 1.45898 0.895072
-0.26568 0.660283 1.46209 0.869486
-0.2624 0.665083 1.46483 0.843918
-0.25912 0.669892 1.46721 0.818373
-0.25584 0.674708 1.46922 0.792859
-0.25256 0.679529 1.47083 0.767384
-0.24928 0.684356 1.47205 0.741954
-0.246 0.689186 1.47287 0.716578
-0.24272 0.694017 1.47328 0.691266
-0.23944 0.69885 1.47327 0.666025
-0.23616 0.703682 1.47286 0.640867
-0.23288 0.708511 1.47202 0.615801
-0.2296 0.713338 1.47077 0.590837
-0.22632 0.718159 1.4691 0.565985
-0.22304 0.722975 1.46703 0.541257
-0.21976 0.727782 1.46454 0.516663
-0.21648 0.732581 1.46165 0.492215
-0.2132 0.73737 1.45837 0.467922
-0.20992 0.742148 1.45471 0.443795
-0.20664 0.746913 1.45067 0.419844
-0.20336 0.751664 1.44628 0.396081
-0.20008 0.7564 1.44153 0.372514
-0.1968 0.76112 1.43646 0.349152
-0.19352 0.765823 1.43106 0.326004
-0.19024 0.770507 1.42537 0.303079
-0.18696 0.775173 1.41939 0.280383
-0.18368 0.779818 1.41314 0.257924
-0.1804 0.784443 1.40664 0.235708
-0.17712 0.789046 1.39991 0.21374
-0.17384 0.793626 1.39297 0.192025
-0.17056 0.798183 1.38583 0.170568
-0.16728 0.802717 1.37852 0.14937
-0.164 0.807226 1.37104 0.128436
-0.16072 0.811711 1.36341 0.107767
-0.15744 0.81617 1.35566 0.0873641
-0.15416 0.820604 1.3478 0.0672287
-0.15088 0.825012 1.33983 0.0473606
-0.1476 0.829393 1.33179 0.0277595
-0.14432 0.833748 1.32367 0.0084246
-0.14104 0.838076 1.3155 -0.0106454
-0.13776 0.842378 1.30728 -0.0294523
-0.13448 0.846652 1.29904 -0.0479981
-0.1312 0.850899 1.29076 -0.0662854
-0.12792 0.855119 1.28248 -0.0843168
-0.12464 0.859312 1.27419 -0.102095
-0.12136 0.863478 1.26591 -0.119624
-0.11808 0.867617 1.25765 -0.136907
-0.1148 0.871728 1.2494 -0.153948
-0.11152 0.875813 1.24119 -0.170749
-0.10824 0.879871 1.233 -0.187316
-0.10496 0.883901 1.22486 -0.203651
-0.10168 0.887906 1.21677 -0.21976
-0.0984 0.891884 1.20872 -0.235646
-0.09512 0.895835 1.20072 -0.251313
-0.09184 0.89976 1.19279 -0.266765
-0.08856 0.90366 1.18491 -0.282007
-0.08528 0.907533 1.1771 -0.297043
-0.082 0.911382 1.16935 -0.311876
-0.07872 0.915204 1.16167 -0.326511
-0.07544 0.919002 1.15406 -0.340952
-0.07216 0.922775 1.14653 -0.355203
-0.06888 0.926523 1.13906 -0.369268
-0.0656 0.930247 1.13168 -0.38315
-0.06232 0.933947 1.12436 -0.396853
-0.05904 0.937623 1.11713 -0.410382
-0.05576 0.941276 1.10997 -0.42374
-0.05248 0.944905 1.10289 -0.43693
-0.0492 0.948511 1.09588 -0.449956
-0.04592 0.952094 1.08896 -0.462821
-0.04264 0.955654 1.08211 -0.475529
-0.03936 0.959193 1.07534 -0.488084
-0.03608 0.962709 1.06864 -0.500488
-0.0328 0.966203 1.06203 -0.512744
-0.02952 0.969676 1.05549 -0.524856
-0.02624 0.973127 1.04902 -0.536827
-0.02296 0.976557 1.04264 -0.548659
-0.01968 0.979967 1.03632 -0.560356
-0.0164 0.983356 1.03009 -0.57192
-0.01312 0.986724 1.02392 -0.583354
-0.00984 0.990073 1.01783 -0.594661
-0.00656 0.993401 1.01182 -0.605843
-0.00328 0.99671 1.00587 -0.616903
0 1 1 -0.627843
0.0224 1.02197 0.961726 -0.699536
0.0448 1.04311 0.926459 -0.766437
0.0672 1.06349 0.893923 -0.829127
0.0896 1.08317 0.863851 -0.888092
0.112 1.10221 0.835997 -0.943744
0.1344 1.12064 0.810139 -0.996432
0.1568 1.13852 0.786078 -1.04645
0.1792 1.15587 0.763638 -1.09406
0.2016 1.17274 0.742661 -1.13948
0.224 1.18915 0.72301 -1.18291
0.2464 1.20514 0.704562 -1.22451
0.2688 1.22072 0.687209 -1.26443
0.2912 1.23593 0.670854 -1.30279
0.3136 1.25078 0.655412 -1.33973
0.336 1.2653 0.640806 -1.37534
0.3584 1.2795 0.626968 -1.40971
0.3808 1.29339 0.613838 -1.44293
0.4032 1.307 0.601361 -1.47507
0.4256 1.32034 0.589487 -1.5062
0.448 1.33342 0.578172 -1.53638
0.4704 1.34625 0.567376 -1.56568
0.4928 1.35884 0.557062 -1.59413
0.5152 1.37121 0.547198 -1.62179
0.5376 1.38336 0.537753 -1.6487
0.56 1.3953 0.5287 -1.6749
0.5824 1.40704 0.520015 -1.70043
0.6048 1.4186 0.511673 -1.72531
0.6272 1.42997 0.503654 -1.74959
0.6496 1.44116 0.495939 -1.7733
0.672 1.45219 0.48851 -1.79644
0.6944 1.46305 0.48135 -1.81907
0.7168 1.47376 0.474445 -1.84119
0.7392 1.48431 0.46778 -1.86283
0.7616 1.49471 0.461342 -1.884
0.784 1.50498 0.45512 -1.90474
0.8064 1.51511 0.449101 -1.92505
0.8288 1.5251 0.443277 -1.94496
0.8512 1.53497 0.437636 -1.96448
0.8736 1.54471 0.43217 -1.98362
0.896 1.55433 0.426871 -2.0024
0.9184 1.56383 0.42173 -2.02084
0.9408 1.57322 0.41674 -2.03894
0.9632 1.5825 0.411894 -2.05671
0.9856 1.59168 0.407186 -2.07418
1.008 1.60075 0.40261 -2.09134
1.0304 1.60971 0.39816 -2.10822
1.0528 1.61858 0.393829 -2.12481
1.0752 1.62736 0.389614 -2.14113
1.0976 1.63604 0.38551 -2.15719
1.12 1.64463 0.381512 -2.17299
1.1424 1.65313 0.377615 -2.18855
1.1648 1.66155 0.373815 -2.20387
1.1872 1.66988 0.37011 -2.21895
1.2096 1.67813 0.366495 -2.23382
1.232 1.6863 0.362966 -2.24846
1.2544 1.69439 0.359521 -2.26289
1.2768 1.70241 0.356156 -2.27712
1.2992 1.71035 0.352868 -2.29114
1.3216 1.71822 0.349655 -2.30498
1.344 1.72601 0.346514 -2.31862
1.3664 1.73374 0.343442 -2.33208
1.3888 1.7414 0.340437 -2.34536
1.4112 1.74899 0.337497 -2.35846
1.4336 1.75652 0.33462 -2.3714
1.456 1.76398 0.331803 -2.38417
1.4784 1.77139 0.329044 -2.39678
1.5008 1.77873 0.326341 -2.40923
1.5232 1.78601 0.323694 -2.42153
1.5456 1.79323 0.321099 -2.43367
1.568 1.80039 0.318556 -2.44568
1.5904 1.8075 0.316062 -2.45754
1.6128 1.81455 0.313616 -2.46926
1.6352 1.82155 0.311217 -2.48084
1.6576 1.82849 0.308863 -2.49229
1.68 1.83539 0.306553 -2.50361
1.7024 1.84223 0.304286 -2.51481
1.7248 1.84902 0.30206 -2.52588
1.7472 1.85576 0.299874 -2.53683
1.7696 1.86245 0.297728 -2.54766
1.792 1.8691 0.295619 -2.55837
1.8144 1.8757 0.293547 -2.56897
1.8368 1.88225 0.291511 -2.57946
1.8592 1.88876 0.28951 -2.58984
1.8816 1.89522 0.287543 -2.60012
1.904 1.90164 0.285609 -2.61029
1.9264 1.90802 0.283707 -2.62035
1.9488 1.91435 0.281836 -2.63032
1.9712 1.92064 0.279996 -2.64019
1.9936 1.92689 0.278185 -2.64996
2.016 1.93311 0.276404 -2.65963
2.0384 1.93928 0.27465 -2.66922
2.0608 1.94541 0.272924 -2.67871
2.0832 1.9515 0.271225 -2.68811
2.1056 1.95756 0.269552 -2.69743
2.128 1.96358 0.267905 -2.70666
2.1504 1.96956 0.266282 -2.7158
2.1728 1.97551 0.264684 -2.72487
2.1952 1.98142 0.26311 -2.73385
2.2176 1.9873 0.261559 -2.74275
2.24 1.99314 0.26003 -2.75157
2.2624 1.99895 0.258524 -2.76031
2.2848 2.00472 0.257039 -2.76898
2.3072 2.01046 0.255575 -2.77758
2.3296 2.01617 0.254132 -2.7861
2.352 2.02185 0.252709 -2.79455
2.3744 2.02749 0.251305 -2.80293
2.3968 2.03311 0.249922 -2.81123
2.4192 2.03869 0.248557 -2.81947
2.4416 2.04424 0.24721 -2.82765
2.464 2.04976 0.245881 -2.83575
2.4864 2.05526 0.244571 -2.84379
2.5088 2.06072 0.243277 -2.85177
2.5312 2.06616 0.242001 -2.85968
2.5536 2.07156 0.240741 -2.86754
2.576 2.07694 0.239497 -2.87533
2.5984 2.08229 0.238269 -2.88306
2.6208 2.08762 0.237057 -2.89073
2.6432 2.09291 0.23586 -2.89834
2.6656 2.09818 0.234678 -2.90589
2.688 2.10343 0.233511 -2.91339
2.7104 2.10864 0.232358 -2.92084
2.7328 2.11384 0.231219 -2.92822
2.7552 2.119 0.230094 -2.93556
2.7776 2.12415 0.228983 -2.94284
2.8 2.12926 0.227885 -2.95006
2.8224 2.13435 0.2268 -2.95724
2.8448 2.13942 0.225728 -2.96436
2.8672 2.14447 0.224669 -2.97144
2.8896 2.14949 0.223621 -2.97846
2.912 2.15449 0.222586 -2.98543
2.9344 2.15946 0.221563 -2.99236
2.9568 2.16441 0.220551 -2.99924
2.9792 2.16934 0.219551 -3.00607
3.0016 2.17425 0.218563 -3.01286
3.024 2.17913 0.217585 -3.0196
3.0464 2.184 0.216618 -3.02629
3.0688 2.18884 0.215662 -3.03294
3.0912 2.19366 0.214716 -3.03955
3.1136 2.19846 0.21378 -3.04611
3.136 2.20323 0.212855 -3.05263
3.1584 2.20799 0.21194 -3.05911
3.1808 2.21273 0.211034 -3.06554
3.2032 2.21745 0.210138 -3.07194
3.2256 2.22214 0.209251 -3.07829
3.248 2.22682 0.208374 -3.08461
3.2704 2.23148 0.207506 -3.09088
3.2928 2.23612 0.206647 -3.09712
3.3152 2.24074 0.205796 -3.10331
3.3376 2.24534 0.204955 -3.10947
3.36 2.24992 0.204122 -3.11559
3.3824 2.25448 0.203297 -3.12168
3.4048 2.25903 0.20248 -3.12772
3.4272 2.26355 0.201672 -3.13373
3.4496 2.26806 0.200872 -3.13971
3.472 2.27255 0.200079 -3.14565
3.4944 2.27703 0.199295 -3.15155
3.5168 2.28148 0.198518 -3.15742
3.5392 2.28592 0.197748 -3.16326
3.5616 2.29034 0.196986 -3.16906
3.584 2.29474 0.196232 -3.17482
3.6064 2.29913 0.195484 -3.18056
3.6288 2.3035 0.194744 -3.18626
3.6512 2.30786 0.19401 -3.19193
3.6736 2.31219 0.193284 -3.19757
3.696 2.31651 0.192564 -3.20317
3.7184 2.32082 0.19185 -3.20875
3.7408 2.32511 0.191144 -3.21429
3.7632 2.32938 0.190444 -3.21981
3.7856 2.33364 0.18975 -3.22529
3.808 2.33788 0.189062 -3.23074
3.8304 2.34211 0.188381 -3.23616
3.8528 2.34632 0.187706 -3.24156
3.8752 2.35052 0.187037 -3.24692
3.8976 2.3547 0.186373 -3.25226
3.92 2.35887 0.185716 -3.25757
3.9424 2.36302 0.185064 -3.26285
3.9648 2.36716 0.184418 -3.2681
3.9872 2.37129 0.183778 -3.27333
4.0096 2.37539 0.183143 -3.27852
4.032 2.37949 0.182514 -3.2837
4.0544 2.38357 0.18189 -3.28884
4.0768 2.38764 0.181271 -3.29396
4.0992 2.39169 0.180657 -3.29905
4.1216 2.39573 0.180049 -3.30412
4.144 2.39976 0.179446 -3.30916
4.1664 2.40377 0.178848 -3.31417
4.1888 2.40777 0.178255 -3.31916
4.2112 2.41176 0.177666 -3.32413
4.2336 2.41573 0.177083 -3.32907
4.256 2.41969 0.176504 -3.33399
4.2784 2.42364 0.17593 -3.33888
4.3008 2.42757 0.175361 -3.34375
4.3232 2.43149 0.174796 -3.34859
4.3456 2.4354 0.174236 -3.35342
4.368 2.4393 0.17368 -3.35821
4.3904 2.44318 0.173128 -3.36299
4.4128 2.44706 0.172581 -3.36774
4.4352 2.45092 0.172039 -3.37247
4.4576 2.45476 0.1715 -3.37718
4.48 2.4586 0.170966 -3.38187
4.5024 2.46242 0.170436 -3.38653
4.5248 2.46623 0.16991 -3.39118
4.5472 2.47003 0.169388 -3.3958
4.5696 2.47382 0.168869 -3.4004
4.592 2.4776 0.168355 -3.40498
4.6144 2.48137 0.167845 -3.40954
4.6368 2.48512 0.167339 -3.41407
4.6592 2.48886 0.166836 -3.41859
4.6816 2.49259 0.166338 -3.42309
4.704 2.49631 0.165842 -3.42756
4.7264 2.50002 0.165351 -3.43202
4.7488 2.50372 0.164863 -3.43646
4.7712 2.50741 0.164379 -3.44087
4.7936 2.51109 0.163898 -3.44527
4.816 2.51475 0.163421 -3.44965
4.8384 2.51841 0.162947 -3.45401
4.8608 2.52205 0.162477 -3.45835
4.8832 2.52569 0.16201 -3.46267
4.9056 2.52931 0.161547 -3.46697
4.928 2.53292 0.161086 -3.47126
4.9504 2.53653 0.160629 -3.47553
4.9728 2.54012 0.160176 -3.47977
4.9952 2.5437 0.159725 -3.484
5.0176 2.54728 0.159278 -3.48822
5.04 2.55084 0.158833 -3.49241
5.0624 2.55439 0.158392 -3.49659
5.0848 2.55793 0.157954 -3.50075
5.1072 2.56147 0.157519 -3.50489
5.1296 2.56499 0.157087 -3.50902
5.152 2.56851 0.156657 -3.51313
5.1744 2.57201 0.156231 -3.51722
5.1968 2.5755 0.155808 -3.52129
5.2192 2.57899 0.155387 -3.52535
5.2416 2.58247 0.154969 -3.52939
5.264 2.58593 0.154554 -3.53342
5.2864 2.58939 0.154142 -3.53743
5.3088 2.59284 0.153733 -3.54142
5.3312 2.59628 0.153326 -3.5454
5.3536 2.59971 0.152922 -3.54936
5.376 2.60313 0.152521 -3.55331
5.3984 2.60654 0.152122 -3.55724
5.4208 2.60994 0.151726 -3.56116
5.4432 2.61334 0.151332 -3.56506
5.4656 2.61672 0.150941 -3.56894
5.488 2.6201 0.150553 -3.57281
5.5104 2.62347 0.150167 -3.57667
5.5328 2.62683 0.149783 -3.58051
5.5552 2.63018 0.149402 -3.58434
5.5776 2.63352 0.149023 -3.58815
5.6 2.63685 0.148647 -3.59194
5.6224 2.64018 0.148273 -3.59573
5.6448 2.6435 0.147901 -3.59949
5.6672 2.64681 0.147532 -3.60325
5.6896 2.65011 0.147165 -3.60699
5.712 2.6534 0.1468 -3.61071
5.7344 2.65668 0.146438 -3.61443
5.7568 2.65996 0.146078 -3.61812
5.7792 2.66323 0.14572 -3.62181
5.8016 2.66649 0.145364 -3.62548
5.824 2.66974 0.14501 -3.62914
5.8464 2.67298 0.144658 -3.63278
5.8688 2.67622 0.144309 -3.63641
5.8912 2.67945 0.143962 -3.64003
5.9136 2.68267 0.143616 -3.64364
5.936 2.68588 0.143273 -3.64723
5.9584 2.68909 0.142932 -3.65081
5.9808 2.69229 0.142593 -3.65438
6.0032 2.69548 0.142256 -3.65793
6.0256 2.69866 0.141921 -3.66147
6.048 2.70183 0.141588 -3.665
6.0704 2.705 0.141257 -3.66852
6.0928 2.70816 0.140927 -3.67202
6.1152 2.71132 0.1406 -3.67551
6.1376 2.71446 0.140274 -3.67899
6.16 2.7176 0.139951 -3.68246
6.1824 2.72073 0.139629 -3.68592
6.2048 2.72386 0.139309 -3.68936
6.2272 2.72697 0.138991 -3.69279
6.2496 2.73008 0.138675 -3.69621
6.272 2.73319 0.138361 -3.69962
6.2944 2.73628 0.138048 -3.70302
6.3168 2.73937 0.137737 -3.7064
6.3392 2.74245 0.137428 -3.70978
6.3616 2.74553 0.13712 -3.71314
6.384 2.7486 0.136815 -3.71649
6.4064 2.75166 0.136511 -3.71983
6.4288 2.75471 0.136208 -3.72316
6.4512 2.75776 0.135908 -3.72648
6.4736 2.7608 0.135609 -3.72979
6.496 2.76383 0.135311 -3.73308
6.5184 2.76686 0.135015 -3.73637
6.5408 2.76988 0.134721 -3.73964
6.5632 2.7729 0.134429 -3.74291
6.5856 2.7759 0.134138 -3.74616
6.608 2.77891 0.133848 -3.7494
6.6304 2.7819 0.133561 -3.75263
6.6528 2.78489 0.133274 -3.75586
6.6752 2.78787 0.13299 -3.75907
6.6976 2.79085 0.132706 -3.76227
6.72 2.79382 0.132425 -3.76546
6.7424 2.79678 0.132144 -3.76864
6.7648 2.79974 0.131866 -3.77181
6.7872 2.80269 0.131588 -3.77497
6.8096 2.80563 0.131312 -3.77812
6.832 2.80857 0.131038 -3.78126
6.8544 2.8115 0.130765 -3.7844
6.8768 2.81443 0.130493 -3.78752
6.8992 2.81735 0.130223 -3.79063
6.9216 2.82026 0.129955 -3.79373
6.944 2.82317 0.129687 -3.79682
6.9664 2.82607 0.129421 -3.79991
6.9888 2.82897 0.129157 -3.80298
7.0112 2.83186 0.128893 -3.80604
7.0336 2.83474 0.128631 -3.8091
7.056 2.83762 0.128371 -3.81214
7.0784 2.84049 0.128111 -3.81518
7.1008 2.84336 0.127853 -3.81821
7.1232 2.84622 0.127597 -3.82122
7.1456 2.84908 0.127341 -3.82423
7.168 2.85193 0.127087 -3.82723
7.1904 2.85477 0.126834 -3.83022
7.2128 2.85761 0.126583 -3.83321
7.2352 2.86044 0.126332 -3.83618
7.2576 2.86327 0.126083 -3.83914
7.28 2.86609 0.125835 -3.8421
7.3024 2.86891 0.125588 -3.84504
7.3248 2.87172 0.125343 -3.84798
7.3472 2.87452 0.125099 -3.85091
7.3696 2.87732 0.124855 -3.85383
7.392 2.88012 0.124614 -3.85675
7.4144 2.8829 0.124373 -3.85965
7.4368 2.88569 0.124133 -3.86254
7.4592 2.88847 0.123895 -3.86543
7.4816 2.89124 0.123657 -3.86831
7.504 2.89401 0.123421 -3.87118
7.5264 2.89677 0.123186 -3.87404
7.5488 2.89952 0.122952 -3.8769
7.5712 2.90228 0.122719 -3.87974
7.5936 2.90502 0.122488 -3.88258
7.616 2.90776 0.122257 -3.88541
7.6384 2.9105 0.122027 -3.88823
7.6608 2.91323 0.121799 -3.89105
7.6832 2.91596 0.121572 -3.89385
7.7056 2.91868 0.121345 -3.89665
7.728 2.92139 0.12112 -3.89944
7.7504 2.9241 0.120896 -3.90223
7.7728 2.92681 0.120672 -3.905
7.7952 2.92951 0.12045 -3.90777
7.8176 2.9322 0.120229 -3.91053
7.84 2.93489 0.120009 -3.91328
7.8624 2.93758 0.11979 -3.91602
7.8848 2.94026 0.119572 -3.91876
7.9072 2.94294 0.119354 -3.92149
7.9296 2.94561 0.119138 -3.92421
7.952 2.94827 0.118923 -3.92693
7.9744 2.95094 0.118709 -3.92963
7.9968 2.95359 0.118495 -3.93234
8.0192 2.95624 0.118283 -3.93503
8.0416 2.95889 0.118072 -3.93771
8.064 2.96153 0.117861 -3.94039
8.0864 2.96417 0.117652 -3.94306
8.1088 2.96681 0.117443 -3.94573
8.1312 2.96943 0.117236 -3.94838
8.1536 2.97206 0.117029 -3.95103
8.176 2.97468 0.116823 -3.95368
8.1984 2.97729 0.116618 -3.95631
8.2208 2.9799 0.116414 -3.95894
8.2432 2.98251 0.116211 -3.96156
8.2656 2.98511 0.116009 -3.96418
8.288 2.9877 0.115807 -3.96679
8.3104 2.9903 0.115607 -3.96939
8.3328 2.99288 0.115407 -3.97199
8.3552 2.99547 0.115209 -3.97457
8.3776 2.99804 0.115011 -3.97716
8.4 3.00062 0.114814 -3.97973
8.4224 3.00319 0.114617 -3.9823
8.4448 3.00575 0.114422 -3.98486
8.4672 3.00831 0.114227 -3.98742
8.4896 3.01087 0.114034 -3.98997
8.512 3.01342 0.113841 -3.99251
8.5344 3.01597 0.113649 -3.99504
8.5568 3.01851 0.113457 -3.99757
8.5792 3.02105 0.113267 -4.0001
8.6016 3.02359 0.113077 -4.00261
8.624 3.02612 0.112888 -4.00512
8.6464 3.02865 0.1127 -4.00763
8.6688 3.03117 0.112513 -4.01012
8.6912 3.03369 0.112326 -4.01262
8.7136 3.0362 0.112141 -4.0151
8.736 3.03871 0.111956 -4.01758
8.7584 3.04122 0.111771 -4.02005
8.7808 3.04372 0.111588 -4.02252
8.8032 3.04622 0.111405 -4.02498
8.8256 3.04871 0.111223 -4.02744
8.848 3.0512 0.111042 -4.02989
8.8704 3.05368 0.110861 -4.03233
8.8928 3.05616 0.110682 -4.03477
8.9152 3.05864 0.110503 -4.0372
8.9376 3.06112 0.110324 -4.03962
8.96 3.06358 0.110147 -4.04204
8.9824 3.06605 0.10997 -4.04446
9.0048 3.06851 0.109794 -4.04686
9.0272 3.07097 0.109618 -4.04927
9.0496 3.07342 0.109443 -4.05166
9.072 3.07587 0.109269 -4.05405
9.0944 3.07832 0.109096 -4.05644
9.1168 3.08076 0.108923 -4.05882
9.1392 3.0832 0.108751 -4.06119
9.1616 3.08563 0.10858 -4.06356
9.184 3.08806 0.108409 -4.06592
9.2064 3.09049 0.108239 -4.06828
9.2288 3.09291 0.10807 -4.07063
9.2512 3.09533 0.107901 -4.07297
9.2736 3.09774 0.107733 -4.07531
9.296 3.10016 0.107566 -4.07765
9.3184 3.10256 0.107399 -4.07998
9.3408 3.10497 0.107233 -4.0823
9.3632 3.10737 0.107067 -4.08462
9.3856 3.10976 0.106903 -4.08693
9.408 3.11216 0.106738 -4.08924
9.4304 3.11455 0.106575 -4.09154
9.4528 3.11693 0.106412 -4.09384
9.4752 3.11931 0.10625 -4.09613
9.4976 3.12169 0.106088 -4.09842
9.52 3.12407 0.105927 -4.1007
9.5424 3.12644 0.105767 -4.10297
9.5648 3.1288 0.105607 -4.10525
9.5872 3.13117 0.105448 -4.10751
9.6096 3.13353 0.105289 -4.10977
9.632 3.13588 0.105131 -4.11203
9.6544 3.13824 0.104973 -4.11428
9.6768 3.14059 0.104817 -4.11652
9.6992 3.14293 0.10466 -4.11877
9.7216 3.14528 0.104505 -4.121
9.744 3.14762 0.104349 -4.12323
9.7664 3.14995 0.104195 -4.12546
9.7888 3.15228 0.104041 -4.12768
9.8112 3.15461 0.103888 -4.12989
9.8336 3.15694 0.103735 -4.1321
9.856 3.15926 0.103582 -4.13431
9.8784 3.16158 0.103431 -4.13651
9.9008 3.16389 0.10328 -4.13871
9.9232 3.16621 0.103129 -4.1409
9.9456 3.16851 0.102979 -4.14309
9.968 3.17082 0.102829 -4.14527
9.9904 3.17312 0.10268 -4.14744
10.0128 3.17542 0.102532 -4.14962
10.0352 3.17771 0.102384 -4.15178
10.0576 3.18001 0.102237 -4.15395
10.08 3.18229 0.10209 -4.15611
10.1024 3.18458 0.101944 -4.15826
10.1248 3.18686 0.101798 -4.16041
10.1472 3.18914 0.101653 -4.16255
10.1696 3.19142 0.101508 -4.16469
10.192 3.19369 0.101364 -4.16683
10.2144 3.19596 0.10122 -4.16896
10.2368 3.19822 0.101077 -4.17109
10.2592 3.20048 0.100934 -4.17321
10.2816 3.20274 0.100792 -4.17533
10.304 3.205 0.10065 -4.17744
10.3264 3.20725 0.100509 -4.17955
10.3488 3.2095 0.100368 -4.18165
10.3712 3.21175 0.100228 -4.18375
10.3936 3.21399 0.100088 -4.18584
10.416 3.21623 0.0999489 -4.18794
10.4384 3.21847 0.0998102 -4.19002
10.4608 3.2207 0.0996719 -4.1921
10.4832 3.22294 0.0995341 -4.19418
10.5056 3.22516 0.0993968 -4.19625
10.528 3.22739 0.0992599 -4.19832
10.5504 3.22961 0.0991235 -4.20039
10.5728 3.23183 0.0989876 -4.20245
10.5952 3.23405 0.0988522 -4.20451
10.6176 3.23626 0.0987172 -4.20656
10.64 3.23847 0.0985827 -4.20861
10.6624 3.24067 0.0984486 -4.21065
10.6848 3.24288 0.098315 -4.21269
10.7072 3.24508 0.0981818 -4.21472
10.7296 3.24728 0.0980491 -4.21676
10.752 3.24947 0.0979169 -4.21878
10.7744 3.25166 0.097785 -4.22081
10.7968 3.25385 0.0976537 -4.22283
10.8192 3.25604 0.0975227 -4.22484
10.8416 3.25822 0.0973922 -4.22685
10.864 3.2604 0.0972622 -4.22886
10.8864 3.26258 0.0971326 -4.23086
10.9088 3.26475 0.0970034 -4.23286
10.9312 3.26692 0.0968746 -4.23485
10.9536 3.26909 0.0967463 -4.23685
10.976 3.27126 0.0966184 -4.23883
10.9984 3.27342 0.0964909 -4.24082
11.0208 3.27558 0.0963638 -4.24279
11.0432 3.27774 0.0962372 -4.24477
11.0656 3.27989 0.0961109 -4.24674
11.088 3.28204 0.0959851 -4.24871
11.1104 3.28419 0.0958597 -4.25067
11.1328 3.28634 0.0957347 -4.25263
11.1552 3.28848 0.0956101 -4.25459
11.1776 3.29062 0.0954859 -4.25654
11.2 3.29276 0.0953621 -4.25849
11.2224 3.29489 0.0952387 -4.26043
11.2448 3.29703 0.0951158 -4.26237
11.2672 3.29916 0.0949932 -4.26431
11.2896 3.30128 0.094871 -4.26624
11.312 3.30341 0.0947492 -4.26817
11.3344 3.30553 0.0946278 -4.2701
11.3568 3.30765 0.0945067 -4.27202
11.3792 3.30976 0.0943861 -4.27394
11.4016 3.31187 0.0942659 -4.27585
11.424 3.31398 0.094146 -4.27776
11.4464 3.31609 0.0940265 -4.27967
11.4688 3.3182 0.0939074 -4.28158
11.4912 3.3203 0.0937887 -4.28348
11.5136 3.3224 0.0936703 -4.28537
11.536 3.3245 0.0935523 -4.28727
11.5584 3.32659 0.0934347 -4.28916
11.5808 3.32868 0.0933175 -4.29104
11.6032 3.33077 0.0932006 -4.29292
11.6256 3.33286 0.0930841 -4.2948
11.648 3.33494 0.0929679 -4.29668
11.6704 3.33702 0.0928522 -4.29855
11.6928 3.3391 0.0927367 -4.30042
11.7152 3.34118 0.0926217 -4.30228
11.7376 3.34325 0.092507 -4.30414
11.76 3.34532 0.0923926 -4.306
11.7824 3.34739 0.0922786 -4.30786
11.8048 3.34945 0.092165 -4.30971
11.8272 3.35152 0.0920517 -4.31155
11.8496 3.35358 0.0919387 -4.3134
11.872 3.35564 0.0918261 -4.31524
11.8944 3.35769 0.0917138 -4.31708
11.9168 3.35975 0.0916019 -4.31891
11.9392 3.3618 0.0914903 -4.32074
11.9616 3.36384 0.0913791 -4.32257
11.984 3.36589 0.0912682 -4.32439
12.0064 3.36793 0.0911576 -4.32621
12.0288 3.36997 0.0910474 -4.32803
12.0512 3.37201 0.0909375 -4.32984
12.0736 3.37405 0.0908279 -4.33166
12.096 3.37608 0.0907187 -4.33346
12.1184 3.37811 0.0906098 -4.33527
12.1408 3.38014 0.0905012 -4.33707
12.1632 3.38217 0.090393 -4.33887
12.1856 3.38419 0.090285 -4.34066
12.208 3.38621 0.0901774 -4.34245
12.2304 3.38823 0.0900701 -4.34424
12.2528 3.39025 0.0899632 -4.34602
12.2752 3.39226 0.0898565 -4.34781
12.2976 3.39427 0.0897502 -4.34958
12.32 3.39628 0.0896442 -4.35136
12.3424 3.39829 0.0895385 -4.35313
12.3648 3.40029 0.0894331 -4.3549
12.3872 3.40229 0.089328 -4.35667
12.4096 3.40429 0.0892232 -4.35843
12.432 3.40629 0.0891187 -4.36019
12.4544 3.40829 0.0890146 -4.36195
12.4768 3.41028 0.0889107 -4.3637
12.4992 3.41227 0.0888071 -4.36545
12.5216 3.41426 0.0887039 -4.3672
12.544 3.41624 0.0886009 -4.36894
12.5664 3.41823 0.0884983 -4.37069
12.5888 3.42021 0.0883959 -4.37242
12.6112 3.42219 0.0882938 -4.37416
12.6336 3.42416 0.0881921 -4.37589
12.656 3.42614 0.0880906 -4.37762
12.6784 3.42811 0.0879894 -4.37935
12.7008 3.43008 0.0878885 -4.38107
12.7232 3.43205 0.0877879 -4.38279
12.7456 3.43401 0.0876876 -4.38451
12.768 3.43598 0.0875875 -4.38622
12.7904 3.43794 0.0874878 -4.38793
12.8128 3.4399 0.0873883 -4.38964
12.8352 3.44185 0.0872891 -4.39135
12.8576 3.44381 0.0871902 -4.39305
12.88 3.44576 0.0870916 -4.39475
12.9024 3.44771 0.0869933 -4.39645
12.9248 3.44966 0.0868952 -4.39814
12.9472 3.4516 0.0867974 -4.39984
12.9696 3.45354 0.0866999 -4.40152
12.992 3.45549 0.0866027 -4.40321
13.0144 3.45742 0.0865057 -4.40489
13.0368 3.45936 0.086409 -4.40657
13.0592 3.4613 0.0863126 -4.40825
13.0816 3.46323 0.0862164 -4.40992
13.104 3.46516 0.0861205 -4.4116
13.1264 3.46709 0.0860249 -4.41326
13.1488 3.46901 0.0859296 -4.41493
13.1712 3.47094 0.0858345 -4.41659
13.1936 3.47286 0.0857396 -4.41825
13.216 3.47478 0.0856451 -4.41991
13.2384 3.47669 0.0855508 -4.42157
13.2608 3.47861 0.0854567 -4.42322
13.2832 3.48052 0.0853629 -4.42487
13.3056 3.48243 0.0852694 -4.42652
13.328 3.48434 0.0851761 -4.42816
13.3504 3.48625 0.0850831 -4.4298
13.3728 3.48815 0.0849903 -4.43144
13.3952 3.49006 0.0848978 -4.43308
13.4176 3.49196 0.0848056 -4.43471
13.44 3.49386 0.0847136 -4.43634
13.4624 3.49575 0.0846218 -4.43797
13.4848 3.49765 0.0845303 -4.43959
13.5072 3.49954 0.084439 -4.44122
13.5296 3.50143 0.084348 -4.44284
13.552 3.50332 0.0842572 -4.44446
13.5744 3.5052 0.0841667 -4.44607
13.5968 3.50709 0.0840764 -4.44768
13.6192 3.50897 0.0839864 -4.44929
13.6416 3.51085 0.0838966 -4.4509
13.664 3.51273 0.083807 -4.4525
13.6864 3.51461 0.0837177 -4.45411
13.7088 3.51648 0.0836286 -4.45571
13.7312 3.51835 0.0835397 -4.4573
13.7536 3.52022 0.0834511 -4.4589
13.776 3.52209 0.0833627 -4.46049
13.7984 3.52396 0.0832746 -4.46208
13.8208 3.52582 0.0831867 -4.46367
13.8432 3.52768 0.083099 -4.46525
13.8656 3.52955 0.0830115 -4.46683
13.888 3.5314 0.0829243 -4.46841
13.9104 3.53326 0.0828373 -4.46999
13.9328 3.53511 0.0827506 -4.47156
13.9552 3.53697 0.082664 -4.47313
13.9776 3.53882 0.0825777 -4.4747
14 3.54067 0.0824916 -4.47627
14.0224 3.54251 0.0824058 -4.47784
14.0448 3.54436 0.0823201 -4.4794
14.0672 3.5462 0.0822347 -4.48096
14.0896 3.54804 0.0821495 -4.48251
14.112 3.54988 0.0820646 -4.48407
14.1344 3.55172 0.0819798 -4.48562
14.1568 3.55355 0.0818953 -4.48717
14.1792 3.55539 0.081811 -4.48872
14.2016 3.55722 0.0817269 -4.49026
14.224 3.55905 0.081643 -4.49181
14.2464 3.56088 0.0815593 -4.49335
14.2688 3.5627 0.0814759 -4.49489
14.2912 3.56453 0.0813926 -4.49642
14.3136 3.56635 0.0813096 -4.49795
14.336 3.56817 0.0812268 -4.49949
14.3584 3.56999 0.0811442 -4.50101
14.3808 3.57181 0.0810618 -4.50254
14.4032 3.57362 0.0809796 -4.50406
14.4256 3.57543 0.0808976 -4.50559
14.448 3.57724 0.0808159 -4.50711
14.4704 3.57905 0.0807343 -4.50862
14.4928 3.58086 0.0806529 -4.51014
14.5152 3.58267 0.0805718 -4.51165
14.5376 3.58447 0.0804908 -4.51316
14.56 3.58627 0.0804101 -4.51467
14.5824 3.58807 0.0803296 -4.51617
14.6048 3.58987 0.0802492 -4.51768
14.6272 3.59167 0.0801691 -4.51918
14.6496 3.59346 0.0800891 -4.52068
14.672 3.59526 0.0800094 -4.52217
14.6944 3.59705 0.0799299 -4.52367
14.7168 3.59884 0.0798505 -4.52516
14.7392 3.60063 0.0797714 -4.52665
14.7616 3.60241 0.0796924 -4.52814
14.784 3.6042 0.0796137 -4.52962
14.8064 3.60598 0.0795351 -4.53111
14.8288 3.60776 0.0794567 -4.53259
14.8512 3.60954 0.0793786 -4.53407
14.8736 3.61131 0.0793006 -4.53554
14.896 3.61309 0.0792228 -4.53702
14.9184 3.61486 0.0791452 -4.53849
14.9408 3.61664 0.0790678 -4.53996
14.9632 3.61841 0.0789906 -4.54143
14.9856 3.62017 0.0789135 -4.5429
15.008 3.62194 0.0788367 -4.54436
15.0304 3.62371 0.07876 -4.54582
15.0528 3.62547 0.0786836 -4.54728
15.0752 3.62723 0.0786073 -4.54874
15.0976 3.62899 0.0785312 -4.55019
15.12 3.63075 0.0784553 -4.55165
15.1424 3.63251 0.0783795 -4.5531
15.1648 3.63426 0.078304 -4.55455
15.1872 3.63601 0.0782286 -4.55599
15.2096 3.63777 0.0781534 -4.55744
15.232 3.63952 0.0780784 -4.55888
15.2544 3.64126 0.0780036 -4.56032
15.2768 3.64301 0.0779289 -4.56176
15.2992 3.64475 0.0778545 -4.5632
15.3216 3.6465 0.0777802 -4.56463
15.344 3.64824 0.0777061 -4.56606
15.3664 3.64998 0.0776321 -4.56749
15.3888 3.65172 0.0775584 -4.56892
15.4112 3.65345 0.0774848 -4.57035
15.4336 3.65519 0.0774114 -4.57177
15.456 3.65692 0.0773382 -4.5732
15.4784 3.65865 0.0772651 -4.57462
15.5008 3.66038 0.0771922 -4.57603
15.5232 3.66211 0.0771195 -4.57745
15.5456 3.66384 0.0770469 -4.57886
15.568 3.66556 0.0769746 -4.58028
15.5904 3.66729 0.0769024 -4.58169
15.6128 3.66901 0.0768303 -4.5831
15.6352 3.67073 0.0767585 -4.5845
15.6576 3.67245 0.0766868 -4.58591
15.68 3.67416 0.0766152 -4.58731
15.7024 3.67588 0.0765439 -4.58871
15.7248 3.67759 0.0764727 -4.59011
15.7472 3.67931 0.0764016 -4.5915
15.7696 3.68102 0.0763308 -4.5929
15.792 3.68273 0.0762601 -4.59429
15.8144 3.68443 0.0761895 -4.59568
15.8368 3.68614 0.0761191 -4.59707
15.8592 3.68784 0.0760489 -4.59846
15.8816 3.68955 0.0759789 -4.59984
15.904 3.69125 0.075909 -4.60122
15.9264 3.69295 0.0758392 -4.60261
15.9488 3.69464 0.0757697 -4.60399
15.9712 3.69634 0.0757003 -4.60536
15.9936 3.69804 0.075631 -4.60674
16.016 3.69973 0.0755619 -4.60811
16.0384 3.70142 0.075493 -4.60948
16.0608 3.70311 0.0754242 -4.61085
16.0832 3.7048 0.0753556 -4.61222
16.1056 3.70649 0.0752871 -4.61359
16.128 3.70817 0.0752188 -4.61495
16.1504 3.70986 0.0751507 -4.61631
16.1728 3.71154 0.0750827 -4.61767
16.1952 3.71322 0.0750148 -4.61903
16.2176 3.7149 0.0749471 -4.62039
16.24 3.71658 0.0748796 -4.62174
16.2624 3.71825 0.0748122 -4.6231
16.2848 3.71993 0.074745 -4.62445
16.3072 3.7216 0.0746779 -4.6258
16.3296 3.72328 0.0746109 -4.62714
16.352 3.72495 0.0745441 -4.62849
16.3744 3.72661 0.0744775 -4.62983
16.3968 3.72828 0.074411 -4.63118
16.4192 3.72995 0.0743447 -4.63252
16.4416 3.73161 0.0742785 -4.63386
16.464 3.73328 0.0742125 -4.63519
16.4864 3.73494 0.0741466 -4.63653
16.5088 3.7366 0.0740808 -4.63786
16.5312 3.73826 0.0740152 -4.63919
16.5536 3.73991 0.0739498 -4.64052
16.576 3.74157 0.0738844 -4.64185
16.5984 3.74322 0.0738193 -4.64318
16.6208 3.74488 0.0737542 -4.6445
16.6432 3.74653 0.0736894 -4.64582
16.6656 3.74818 0.0736246 -4.64714
16.688 3.74983 0.07356 -4.64846
16.7104 3.75147 0.0734956 -4.64978
16.7328 3.75312 0.0734313 -4.6511
16.7552 3.75476 0.0733671 -4.65241
16.7776 3.75641 0.0733031 -4.65372
16.8 3.75805 0.0732392 -4.65503
16.8224 3.75969 0.0731754 -4.65634
16.8448 3.76133 0.0731118 -4.65765
16.8672 3.76296 0.0730483 -4.65895
16.8896 3.7646 0.072985 -4.66026
16.912 3.76623 0.0729218 -4.66156
16.9344 3.76786 0.0728587 -4.66286
16.9568 3.7695 0.0727958 -4.66416
16.9792 3.77113 0.072733 -4.66546
17.0016 3.77275 0.0726703 -4.66675
17.024 3.77438 0.0726078 -4.66804
17.0464 3.77601 0.0725454 -4.66934
17.0688 3.77763 0.0724832 -4.67063
17.0912 3.77925 0.0724211 -4.67192
17.1136 3.78088 0.0723591 -4.6732
17.136 3.7825 0.0722972 -4.67449
17.1584 3.78412 0.0722355 -4.67577
17.1808 3.78573 0.0721739 -4.67705
17.2032 3.78735 0.0721124 -4.67833
17.2256 3.78896 0.0720511 -4.67961
17.248 3.79058 0.0719899 -4.68089
17.2704 3.79219 0.0719289 -4.68217
17.2928 3.7938 0.0718679 -4.68344
17.3152 3.79541 0.0718071 -4.68471
17.3376 3.79702 0.0717464 -4.68598
17.36 3.79862 0.0716859 -4.68725
17.3824 3.80023 0.0716255 -4.68852
17.4048 3.80183 0.0715652 -4.68978
17.4272 3.80343 0.071505 -4.69105
17.4496 3.80503 0.071445 -4.69231
17.472 3.80663 0.071385 -4.69357
17.4944 3.80823 0.0713252 -4.69483
17.5168 3.80983 0.0712656 -4.69609
17.5392 3.81143 0.071206 -4.69735
17.5616 3.81302 0.0711466 -4.6986
17.584 3.81461 0.0710873 -4.69985
17.6064 3.8162 0.0710282 -4.70111
17.6288 3.81779 0.0709691 -4.70236
17.6512 3.81938 0.0709102 -4.7036
17.6736 3.82097 0.0708514 -4.70485
17.696 3.82256 0.0707927 -4.7061
17.7184 3.82414 0.0707342 -4.70734
17.7408 3.82573 0.0706757 -4.70858
17.7632 3.82731 0.0706174 -4.70982
17.7856 3.82889 0.0705592 -4.71106
17.808 3.83047 0.0705011 -4.7123
17.8304 3.83205 0.0704432 -4.71354
17.8528 3.83363 0.0703854 -4.71477
17.8752 3.8352 0.0703276 -4.716
17.8976 3.83678 0.07027 -4.71723
17.92 3.83835 0.0702126 -4.71846
17.9424 3.83992 0.0701552 -4.71969
17.9648 3.84149 0.070098 -4.72092
17.9872 3.84306 0.0700408 -4.72215
18.0096 3.84463 0.0699838 -4.72337
18.032 3.8462 0.0699269 -4.72459
18.0544 3.84776 0.0698701 -4.72581
18.0768 3.84933 0.0698135 -4.72703
18.0992 3.85089 0.0697569 -4.72825
18.1216 3.85245 0.0697005 -4.72947
18.144 3.85401 0.0696442 -4.73068
18.1664 3.85557 0.069588 -4.7319
18.1888 3.85713 0.0695319 -4.73311
18.2112 3.85869 0.0694759 -4.73432
18.2336 3.86024 0.06942 -4.73553
18.256 3.8618 0.0693643 -4.73674
18.2784 3.86335 0.0693086 -4.73794
18.3008 3.8649 0.0692531 -4.73915
18.3232 3.86645 0.0691977 -4.74035
18.3456 3.868 0.0691424 -4.74155
18.368 3.86955 0.0690872 -4.74275
18.3904 3.8711 0.0690321 -4.74395
18.4128 3.87264 0.0689771 -4.74515
18.4352 3.87419 0.0689222 -4.74635
18.4576 3.87573 0.0688675 -4.74754
18.48 3.87727 0.0688128 -4.74873
18.5024 3.87881 0.0687583 -4.74993
18.5248 3.88035 0.0687039 -4.75112
18.5472 3.88189 0.0686495 -4.75231
18.5696 3.88343 0.0685953 -4.75349
18.592 3.88497 0.0685412 -4.75468
18.6144 3.8865 0.0684872 -4.75587
18.6368 3.88803 0.0684333 -4.75705
18.6592 3.88957 0.0683795 -4.75823
18.6816 3.8911 0.0683258 -4.75941
18.704 3.89263 0.0682722 -4.76059
18.7264 3.89416 0.0682188 -4.76177
18.7488 3.89568 0.0681654 -4.76295
18.7712 3.89721 0.0681121 -4.76412
18.7936 3.89874 0.068059 -4.76529
18.816 3.90026 0.0680059 -4.76647
18.8384 3.90178 0.067953 -4.76764
18.8608 3.9033 0.0679001 -4.76881
18.8832 3.90482 0.0678474 -4.76998
18.9056 3.90634 0.0677947 -4.77114
18.928 3.90786 0.0677422 -4.77231
18.9504 3.90938 0.0676897 -4.77347
18.9728 3.91089 0.0676374 -4.77464
18.9952 3.91241 0.0675851 -4.7758
19.0176 3.91392 0.067533 -4.77696
19.04 3.91543 0.067481 -4.77812
19.0624 3.91694 0.067429 -4.77927
19.0848 3.91845 0.0673772 -4.78043
19.1072 3.91996 0.0673255 -4.78159
19.1296 3.92147 0.0672738 -4.78274
19.152 3.92298 0.0672223 -4.78389
19.1744 3.92448 0.0671708 -4.78504
19.1968 3.92599 0.0671195 -4.78619
19.2192 3.92749 0.0670683 -4.78734
19.2416 3.92899 0.0670171 -4.78849
19.264 3.93049 0.0669661 -4.78963
19.2864 3.93199 0.0669151 -4.79078
19.3088 3.93349 0.0668643 -4.79192
19.3312 3.93499 0.0668135 -4.79306
19.3536 3.93648 0.0667628 -4.7942
19.376 3.93798 0.0667123 -4.79534
19.3984 3.93947 0.0666618 -4.79648
19.4208 3.94096 0.0666114 -4.79762
19.4432 3.94246 0.0665612 -4.79875
19.4656 3.94395 0.066511 -4.79988
19.488 3.94543 0.0664609 -4.80102
19.5104 3.94692 0.0664109 -4.80215
19.5328 3.94841 0.066361 -4.80328
19.5552 3.9499 0.0663112 -4.80441
19.5776 3.95138 0.0662615 -4.80553
19.6 3.95286 0.0662119 -4.80666
19.6224 3.95435 0.0661623 -4.80779
19.6448 3.95583 0.0661129 -4.80891
19.6672 3.95731 0.0660636 -4.81003
19.6896 3.95879 0.0660143 -4.81115
19.712 3.96027 0.0659652 -4.81227
19.7344 3.96174 0.0659161 -4.81339
19.7568 3.96322 0.0658671 -4.81451
19.7792 3.96469 0.0658182 -4.81563
19.8016 3.96617 0.0657694 -4.81674
19.824 3.96764 0.0657207 -4.81786
19.8464 3.96911 0.0656721 -4.81897
19.8688 3.97058 0.0656236 -4.82008
19.8912 3.97205 0.0655752 -4.82119
19.9136 3.97352 0.0655268 -4.8223
19.936 3.97499 0.0654786 -4.82341
19.9584 3.97645 0.0654304 -4.82451
19.9808 3.97792 0.0653824 -4.82562
20.0032 3.97938 0.0653344 -4.82672
20.0256 3.98085 0.0652865 -4.82782
20.048 3.98231 0.0652387 -4.82893
20.0704 3.98377 0.0651909 -4.83003
20.0928 3.98523 0.0651433 -4.83112
20.1152 3.98669 0.0650957 -4.83222
20.1376 3.98814 0.0650483 -4.83332
20.16 3.9896 0.0650009 -4.83441
20.1824 3.99106 0.0649536 -4.83551
20.2048 3.99251 0.0649064 -4.8366
20.2272 3.99396 0.0648593 -4.83769
20.2496 3.99542 0.0648123 -4.83878
20.272 3.99687 0.0647653 -4.83987
20.2944 3.99832 0.0647185 -4.84096
20.3168 3.99977 0.0646717 -4.84205
20.3392 4.00122 0.064625 -4.84314
20.3616 4.00266 0.0645784 -4.84422
20.384 4.00411 0.0645319 -4.8453
20.4064 4.00555 0.0644854 -4.84639
20.4288 4.007 0.0644391 -4.84747
20.4512 4.00844 0.0643928 -4.84855
20.4736 4.00988 0.0643466 -4.84963
20.496 4.01132 0.0643005 -4.8507
20.5184 4.01276 0.0642545 -4.85178
20.5408 4.0142 0.0642086 -4.85286
20.5632 4.01564 0.0641627 -4.85393
20.5856 4.01708 0.0641169 -4.855
20.608 4.01851 0.0640712 -4.85608
20.6304 4.01995 0.0640256 -4.85715
20.6528 4.02138 0.0639801 -4.85822
20.6752 4.02281 0.0639346 -4.85929
20.6976 4.02425 0.0638893 -4.86035
20.72 4.02568 0.063844 -4.86142
20.7424 4.02711 0.0637988 -4.86248
20.7648 4.02853 0.0637536 -4.86355
20.7872 4.02996 0.0637086 -4.86461
20.8096 4.03139 0.0636636 -4.86567
20.832 4.03281 0.0636187 -4.86673
20.8544 4.03424 0.0635739 -4.86779
20.8768 4.03566 0.0635292 -4.86885
20.8992 4.03708 0.0634845 -4.86991
20.9216 4.03851 0.06344 -4.87097
20.944 4.03993 0.0633955 -4.87202
20.9664 4.04135 0.0633511 -4.87307
20.9888 4.04276 0.0633067 -4.87413
21.0112 4.04418 0.0632625 -4.87518
21.0336 4.0456 0.0632183 -4.87623
21.056 4.04701 0.0631742 -4.87728
21.0784 4.04843 0.0631301 -4.87833
21.1008 4.04984 0.0630862 -4.87938
21.1232 4.05126 0.0630423 -4.88042
21.1456 4.05267 0.0629985 -4.88147
21.168 4.05408 0.0629548 -4.88251
21.1904 4.05549 0.0629111 -4.88355
21.2128 4.0569 0.0628676 -4.8846
21.2352 4.0583 0.0628241 -4.88564
21.2576 4.05971 0.0627806 -4.88668
21.28 4.06112 0.0627373 -4.88772
21.3024 4.06252 0.062694 -4.88875
21.3248 4.06392 0.0626508 -4.88979
21.3472 4.06533 0.0626077 -4.89083
21.3696 4.06673 0.0625647 -4.89186
21.392 4.06813 0.0625217 -4.89289
21.4144 4.06953 0.0624788 -4.89393
21.4368 4.07093 0.062436 -4.89496
21.4592 4.07233 0.0623932 -4.89599
21.4816 4.07372 0.0623505 -4.89702
21.504 4.07512 0.0623079 -4.89804
21.5264 4.07652 0.0622654 -4.89907
21.5488 4.07791 0.0622229 -4.9001
21.5712 4.0793 0.0621806 -4.90112
21.5936 4.0807 0.0621382 -4.90215
21.616 4.08209 0.062096 -4.90317
21.6384 4.08348 0.0620538 -4.90419
21.6608 4.08487 0.0620117 -4.90521
21.6832 4.08626 0.0619697 -4.90623
21.7056 4.08764 0.0619277 -4.90725
21.728 4.08903 0.0618859 -4.90827
21.7504 4.09042 0.061844 -4.90928
21.7728 4.0918 0.0618023 -4.9103
21.7952 4.09319 0.0617606 -4.91131
21.8176 4.09457 0.061719 -4.91233
21.84 4.09595 0.0616775 -4.91334
21.8624 4.09733 0.061636 -4.91435
21.8848 4.09871 0.0615946 -4.91536
21.9072 4.10009 0.0615533 -4.91637
21.9296 4.10147 0.0615121 -4.91738
21.952 4.10285 0.0614709 -4.91839
21.9744 4.10422 0.0614297 -4.91939
21.9968 4.1056 0.0613887 -4.9204
22.0192 4.10697 0.0613477 -4.9214
22.0416 4.10835 0.0613068 -4.92241
22.064 4.10972 0.061266 -4.92341
22.0864 4.11109 0.0612252 -4.92441
22.1088 4.11246 0.0611845 -4.92541
22.1312 4.11383 0.0611439 -4.92641
22.1536 4.1152 0.0611033 -4.92741
22.176 4.11657 0.0610628 -4.9284
22.1984 4.11794 0.0610223 -4.9294
22.2208 4.1193 0.060982 -4.9304
22.2432 4.12067 0.0609417 -4.93139
22.2656 4.12203 0.0609014 -4.93238
22.288 4.1234 0.0608613 -4.93338
22.3104 4.12476 0.0608212 -4.93437
22.3328 4.12612 0.0607811 -4.93536
22.3552 4.12748 0.0607412 -4.93635
22.3776 4.12884 0.0607013 -4.93734
22.4 4.1302 0.0606614 -4.93832
