-22.4 4.11044 -0.0603485 -5.41416 -0.0114848
-22.3776 4.10909 -0.0603882 -5.41318 -0.0114962
-22.3552 4.10773 -0.0604278 -5.41219 -0.0115075
-22.3328 4.10638 -0.0604676 -5.4112 -0.0115189
-22.3104 4.10503 -0.0605074 -5.41021 -0.0115303
-22.288 4.10367 -0.0605473 -5.40922 -0.0115418
-22.2656 4.10231 -0.0605872 -5.40823 -0.0115532
-22.2432 4.10096 -0.0606272 -5.40723 -0.0115647
-22.2208 4.0996 -0.0606673 -5.40624 -0.0115762
-22.1984 4.09824 -0.0607075 -5.40525 -0.0115877
-22.176 4.09688 -0.0607477 -5.40425 -0.0115993
-22.1536 4.09552 -0.0607879 -5.40325 -0.0116108
-22.1312 4.09415 -0.0608283 -5.40225 -0.0116224
-22.1088 4.09279 -0.0608687 -5.40126 -0.011634
-22.0864 4.09143 -0.0609092 -5.40026 -0.0116457
-22.064 4.09006 -0.0609497 -5.39925 -0.0116573
-22.0416 4.0887 -0.0609903 -5.39825 -0.011669
-22.0192 4.08733 -0.061031 -5.39725 -0.0116807
-21.9968 4.08596 -0.0610718 -5.39625 -0.0116925
-21.9744 4.08459 -0.0611126 -5.39524 -0.0117042
-21.952 4.08322 -0.0611535 -5.39423 -0.011716
-21.9296 4.08185 -0.0611944 -5.39323 -0.0117278
-21.9072 4.08048 -0.0612355 -5.39222 -0.0117396
-21.8848 4.07911 -0.0612766 -5.39121 -0.0117515
-21.8624 4.07774 -0.0613177 -5.3902 -0.0117634
-21.84 4.07636 -0.0613589 -5.38919 -0.0117753
-21.8176 4.07499 -0.0614003 -5.38818 -0.0117872
-21.7952 4.07361 -0.0614416 -5.38716 -0.0117991
-21.7728 4.07224 -0.0614831 -5.38615 -0.0118111
-21.7504 4.07086 -0.0615246 -5.38514 -0.0118231
-21.728 4.06948 -0.0615662 -5.38412 -0.0118351
-21.7056 4.0681 -0.0616078 -5.3831 -0.0118472
-21.6832 4.06672 -0.0616495 -5.38208 -0.0118592
-21.6608 4.06534 -0.0616913 -5.38106 -0.0118713
-21.6384 4.06396 -0.0617332 -5.38004 -0.0118834
-21.616 4.06257 -0.0617751 -5.37902 -0.0118956
-21.5936 4.06119 -0.0618171 -5.378 -0.0119077
-21.5712 4.0598 -0.0618592 -5.37698 -0.0119199
-21.5488 4.05842 -0.0619014 -5.37595 -0.0119322
-21.5264 4.05703 -0.0619436 -5.37493 -0.0119444
-21.504 4.05564 -0.0619859 -5.3739 -0.0119567
-21.4816 4.05425 -0.0620283 -5.37287 -0.011969
-21.4592 4.05286 -0.0620707 -5.37184 -0.0119813
-21.4368 4.05147 -0.0621132 -5.37081 -0.0119936
-21.4144 4.05008 -0.0621558 -5.36978 -0.012006
-21.392 4.04869 -0.0621985 -5.36875 -0.0120184
-21.3696 4.04729 -0.0622412 -5.36772 -0.0120308
-21.3472 4.0459 -0.062284 -5.36669 -0.0120432
-21.3248 4.0445 -0.0623269 -5.36565 -0.0120557
-21.3024 4.04311 -0.0623698 -5.36461 -0.0120682
-21.28 4.04171 -0.0624129 -5.36358 -0.0120807
-21.2576 4.04031 -0.062456 -5.36254 -0.0120933
-21.2352 4.03891 -0.0624991 -5.3615 -0.0121059
-21.2128 4.03751 -0.0625424 -5.36046 -0.0121185
-21.1904 4.03611 -0.0625857 -5.35942 -0.0121311
-21.168 4.03471 -0.0626291 -5.35837 -0.0121437
-21.1456 4.0333 -0.0626726 -5.35733 -0.0121564
-21.1232 4.0319 -0.0627162 -5.35629 -0.0121691
-21.1008 4.03049 -0.0627598 -5.35524 -0.0121819
-21.0784 4.02909 -0.0628035 -5.35419 -0.0121946
-21.056 4.02768 -0.0628473 -5.35315 -0.0122074
-21.0336 4.02627 -0.0628911 -5.3521 -0.0122202
-21.0112 4.02486 -0.0629351 -5.35105 -0.0122331
-20.9888 4.02345 -0.0629791 -5.34999 -0.0122459
-20.9664 4.02204 -0.0630232 -5.34894 -0.0122588
-20.944 4.02063 -0.0630674 -5.34789 -0.0122718
-20.9216 4.01922 -0.0631116 -5.34683 -0.0122847
-20.8992 4.0178 -0.0631559 -5.34578 -0.0122977
-20.8768 4.01639 -0.0632003 -5.34472 -0.0123107
-20.8544 4.01497 -0.0632448 -5.34366 -0.0123237
-20.832 4.01355 -0.0632894 -5.3426 -0.0123368
-20.8096 4.01214 -0.063334 -5.34154 -0.0123499
-20.7872 4.01072 -0.0633787 -5.34048 -0.012363
-20.7648 4.0093 -0.0634235 -5.33942 -0.0123761
-20.7424 4.00788 -0.0634684 -5.33836 -0.0123893
-20.72 4.00645 -0.0635133 -5.33729 -0.0124025
-20.6976 4.00503 -0.0635584 -5.33623 -0.0124157
-20.6752 4.00361 -0.0636035 -5.33516 -0.012429
-20.6528 4.00218 -0.0636487 -5.33409 -0.0124423
-20.6304 4.00075 -0.063694 -5.33302 -0.0124556
-20.608 3.99933 -0.0637393 -5.33195 -0.0124689
-20.5856 3.9979 -0.0637848 -5.33088 -0.0124823
-20.5632 3.99647 -0.0638303 -5.32981 -0.0124957
-20.5408 3.99504 -0.0638759 -5.32873 -0.0125091
-20.5184 3.99361 -0.0639216 -5.32766 -0.0125225
-20.496 3.99218 -0.0639673 -5.32658 -0.012536
-20.4736 3.99074 -0.0640132 -5.3255 -0.0125495
-20.4512 3.98931 -0.0640591 -5.32443 -0.0125631
-20.4288 3.98787 -0.0641051 -5.32335 -0.0125767
-20.4064 3.98644 -0.0641512 -5.32227 -0.0125903
-20.384 3.985 -0.0641974 -5.32118 -0.0126039
-20.3616 3.98356 -0.0642436 -5.3201 -0.0126175
-20.3392 3.98212 -0.06429 -5.31902 -0.0126312
-20.3168 3.98068 -0.0643364 -5.31793 -0.012645
-20.2944 3.97924 -0.0643829 -5.31684 -0.0126587
-20.272 3.97779 -0.0644295 -5.31576 -0.0126725
-20.2496 3.97635 -0.0644762 -5.31467 -0.0126863
-20.2272 3.97491 -0.064523 -5.31358 -0.0127001
-20.2048 3.97346 -0.0645698 -5.31249 -0.012714
-20.1824 3.97201 -0.0646168 -5.31139 -0.0127279
-20.16 3.97057 -0.0646638 -5.3103 -0.0127418
-20.1376 3.96912 -0.0647109 -5.3092 -0.0127558
-20.1152 3.96767 -0.0647581 -5.30811 -0.0127698
-20.0928 3.96622 -0.0648054 -5.30701 -0.0127838
-20.0704 3.96476 -0.0648527 -5.30591 -0.0127978
-20.048 3.96331 -0.0649002 -5.30481 -0.0128119
-20.0256 3.96186 -0.0649477 -5.30371 -0.012826
-20.0032 3.9604 -0.0649954 -5.30261 -0.0128402
-19.9808 3.95894 -0.0650431 -5.3015 -0.0128544
-19.9584 3.95749 -0.0650909 -5.3004 -0.0128686
-19.936 3.95603 -0.0651388 -5.29929 -0.0128828
-19.9136 3.95457 -0.0651868 -5.29819 -0.0128971
-19.8912 3.95311 -0.0652348 -5.29708 -0.0129114
-19.8688 3.95165 -0.065283 -5.29597 -0.0129257
-19.8464 3.95018 -0.0653312 -5.29486 -0.0129401
-19.824 3.94872 -0.0653796 -5.29375 -0.0129545
-19.8016 3.94725 -0.065428 -5.29263 -0.0129689
-19.7792 3.94579 -0.0654765 -5.29152 -0.0129834
-19.7568 3.94432 -0.0655251 -5.2904 -0.0129979
-19.7344 3.94285 -0.0655738 -5.28929 -0.0130124
-19.712 3.94138 -0.0656226 -5.28817 -0.013027
-19.6896 3.93991 -0.0656715 -5.28705 -0.0130415
-19.6672 3.93844 -0.0657205 -5.28593 -0.0130562
-19.6448 3.93697 -0.0657695 -5.28481 -0.0130708
-19.6224 3.93549 -0.0658187 -5.28368 -0.0130855
-19.6 3.93402 -0.0658679 -5.28256 -0.0131002
-19.5776 3.93254 -0.0659173 -5.28143 -0.013115
-19.5552 3.93107 -0.0659667 -5.2803 -0.0131298
-19.5328 3.92959 -0.0660162 -5.27918 -0.0131446
-19.5104 3.92811 -0.0660658 -5.27805 -0.0131595
-19.488 3.92663 -0.0661155 -5.27692 -0.0131743
-19.4656 3.92515 -0.0661654 -5.27578 -0.0131893
-19.4432 3.92366 -0.0662153 -5.27465 -0.0132042
-19.4208 3.92218 -0.0662652 -5.27352 -0.0132192
-19.3984 3.9207 -0.0663153 -5.27238 -0.0132342
-19.376 3.91921 -0.0663655 -5.27124 -0.0132493
-19.3536 3.91772 -0.0664158 -5.2701 -0.0132644
-19.3312 3.91623 -0.0664662 -5.26896 -0.0132795
-19.3088 3.91474 -0.0665166 -5.26782 -0.0132947
-19.2864 3.91325 -0.0665672 -5.26668 -0.0133099
-19.264 3.91176 -0.0666179 -5.26554 -0.0133251
-19.2416 3.91027 -0.0666686 -5.26439 -0.0133404
-19.2192 3.90878 -0.0667195 -5.26324 -0.0133557
-19.1968 3.90728 -0.0667704 -5.2621 -0.013371
-19.1744 3.90578 -0.0668215 -5.26095 -0.0133864
-19.152 3.90429 -0.0668726 -5.2598 -0.0134018
-19.1296 3.90279 -0.0669239 -5.25865 -0.0134172
-19.1072 3.90129 -0.0669752 -5.25749 -0.0134327
-19.0848 3.89979 -0.0670267 -5.25634 -0.0134482
-19.0624 3.89829 -0.0670782 -5.25518 -0.0134638
-19.04 3.89678 -0.0671299 -5.25403 -0.0134794
-19.0176 3.89528 -0.0671816 -5.25287 -0.013495
-18.9952 3.89377 -0.0672334 -5.25171 -0.0135107
-18.9728 3.89227 -0.0672854 -5.25055 -0.0135264
-18.9504 3.89076 -0.0673374 -5.24938 -0.0135421
-18.928 3.88925 -0.0673896 -5.24822 -0.0135579
-18.9056 3.88774 -0.0674418 -5.24706 -0.0135737
-18.8832 3.88623 -0.0674942 -5.24589 -0.0135895
-18.8608 3.88472 -0.0675466 -5.24472 -0.0136054
-18.8384 3.8832 -0.0675992 -5.24355 -0.0136213
-18.816 3.88169 -0.0676518 -5.24238 -0.0136372
-18.7936 3.88017 -0.0677046 -5.24121 -0.0136532
-18.7712 3.87865 -0.0677575 -5.24004 -0.0136693
-18.7488 3.87714 -0.0678104 -5.23886 -0.0136853
-18.7264 3.87562 -0.0678635 -5.23769 -0.0137014
-18.704 3.8741 -0.0679167 -5.23651 -0.0137176
-18.6816 3.87257 -0.0679699 -5.23533 -0.0137338
-18.6592 3.87105 -0.0680233 -5.23415 -0.01375
-18.6368 3.86953 -0.0680768 -5.23297 -0.0137662
-18.6144 3.868 -0.0681304 -5.23179 -0.0137825
-18.592 3.86647 -0.0681841 -5.2306 -0.0137989
-18.5696 3.86495 -0.0682379 -5.22942 -0.0138152
-18.5472 3.86342 -0.0682918 -5.22823 -0.0138316
-18.5248 3.86189 -0.0683458 -5.22704 -0.0138481
-18.5024 3.86036 -0.0683999 -5.22585 -0.0138646
-18.48 3.85882 -0.0684542 -5.22466 -0.0138811
-18.4576 3.85729 -0.0685085 -5.22347 -0.0138977
-18.4352 3.85575 -0.068563 -5.22227 -0.0139143
-18.4128 3.85422 -0.0686175 -5.22108 -0.0139309
-18.3904 3.85268 -0.0686722 -5.21988 -0.0139476
-18.368 3.85114 -0.068727 -5.21868 -0.0139643
-18.3456 3.8496 -0.0687819 -5.21748 -0.0139811
-18.3232 3.84806 -0.0688368 -5.21628 -0.0139979
-18.3008 3.84652 -0.0688919 -5.21508 -0.0140148
-18.2784 3.84497 -0.0689472 -5.21387 -0.0140316
-18.256 3.84343 -0.0690025 -5.21267 -0.0140486
-18.2336 3.84188 -0.0690579 -5.21146 -0.0140655
-18.2112 3.84033 -0.0691135 -5.21025 -0.0140826
-18.1888 3.83878 -0.0691691 -5.20904 -0.0140996
-18.1664 3.83723 -0.0692249 -5.20783 -0.0141167
-18.144 3.83568 -0.0692808 -5.20661 -0.0141338
-18.1216 3.83413 -0.0693368 -5.2054 -0.014151
-18.0992 3.83258 -0.0693929 -5.20418 -0.0141682
-18.0768 3.83102 -0.0694491 -5.20297 -0.0141855
-18.0544 3.82947 -0.0695055 -5.20175 -0.0142028
-18.032 3.82791 -0.0695619 -5.20053 -0.0142201
-18.0096 3.82635 -0.0696185 -5.19931 -0.0142375
-17.9872 3.82479 -0.0696752 -5.19808 -0.0142549
-17.9648 3.82323 -0.069732 -5.19686 -0.0142724
-17.9424 3.82167 -0.0697889 -5.19563 -0.0142899
-17.92 3.8201 -0.069846 -5.1944 -0.0143075
-17.8976 3.81854 -0.0699031 -5.19317 -0.0143251
-17.8752 3.81697 -0.0699604 -5.19194 -0.0143427
-17.8528 3.8154 -0.0700178 -5.19071 -0.0143604
-17.8304 3.81383 -0.0700753 -5.18948 -0.0143782
-17.808 3.81226 -0.0701329 -5.18824 -0.0143959
-17.7856 3.81069 -0.0701906 -5.187 -0.0144137
-17.7632 3.80912 -0.0702485 -5.18576 -0.0144316
-17.7408 3.80754 -0.0703065 -5.18452 -0.0144495
-17.7184 3.80597 -0.0703646 -5.18328 -0.0144675
-17.696 3.80439 -0.0704228 -5.18204 -0.0144855
-17.6736 3.80281 -0.0704811 -5.18079 -0.0145035
-17.6512 3.80123 -0.0705396 -5.17955 -0.0145216
-17.6288 3.79965 -0.0705982 -5.1783 -0.0145397
-17.6064 3.79807 -0.0706569 -5.17705 -0.0145579
-17.584 3.79649 -0.0707157 -5.1758 -0.0145761
-17.5616 3.7949 -0.0707747 -5.17455 -0.0145944
-17.5392 3.79332 -0.0708338 -5.17329 -0.0146127
-17.5168 3.79173 -0.070893 -5.17204 -0.0146311
-17.4944 3.79014 -0.0709523 -5.17078 -0.0146495
-17.472 3.78855 -0.0710117 -5.16952 -0.0146679
-17.4496 3.78696 -0.0710713 -5.16826 -0.0146864
-17.4272 3.78537 -0.071131 -5.167 -0.014705
-17.4048 3.78377 -0.0711908 -5.16574 -0.0147236
-17.3824 3.78218 -0.0712508 -5.16447 -0.0147422
-17.36 3.78058 -0.0713109 -5.1632 -0.0147609
-17.3376 3.77898 -0.0713711 -5.16194 -0.0147796
-17.3152 3.77738 -0.0714314 -5.16067 -0.0147984
-17.2928 3.77578 -0.0714918 -5.15939 -0.0148172
-17.2704 3.77418 -0.0715524 -5.15812 -0.0148361
-17.248 3.77258 -0.0716132 -5.15685 -0.014855
-17.2256 3.77097 -0.071674 -5.15557 -0.014874
-17.2032 3.76937 -0.071735 -5.15429 -0.014893
-17.1808 3.76776 -0.0717961 -5.15301 -0.0149121
-17.1584 3.76615 -0.0718573 -5.15173 -0.0149312
-17.136 3.76454 -0.0719187 -5.15045 -0.0149504
-17.1136 3.76293 -0.0719802 -5.14916 -0.0149696
-17.0912 3.76131 -0.0720418 -5.14788 -0.0149889
-17.0688 3.7597 -0.0721036 -5.14659 -0.0150082
-17.0464 3.75808 -0.0721655 -5.1453 -0.0150275
-17.024 3.75647 -0.0722275 -5.14401 -0.015047
-17.0016 3.75485 -0.0722897 -5.14271 -0.0150664
-16.9792 3.75323 -0.072352 -5.14142 -0.0150859
-16.9568 3.75161 -0.0724144 -5.14012 -0.0151055
-16.9344 3.74998 -0.072477 -5.13883 -0.0151251
-16.912 3.74836 -0.0725397 -5.13753 -0.0151448
-16.8896 3.74674 -0.0726025 -5.13623 -0.0151645
-16.8672 3.74511 -0.0726655 -5.13492 -0.0151843
-16.8448 3.74348 -0.0727286 -5.13362 -0.0152041
-16.8224 3.74185 -0.0727918 -5.13231 -0.015224
-16.8 3.74022 -0.0728552 -5.131 -0.0152439
-16.7776 3.73859 -0.0729187 -5.12969 -0.0152639
-16.7552 3.73695 -0.0729824 -5.12838 -0.0152839
-16.7328 3.73532 -0.0730462 -5.12707 -0.015304
-16.7104 3.73368 -0.0731102 -5.12575 -0.0153242
-16.688 3.73204 -0.0731742 -5.12444 -0.0153443
-16.6656 3.7304 -0.0732385 -5.12312 -0.0153646
-16.6432 3.72876 -0.0733028 -5.1218 -0.0153849
-16.6208 3.72712 -0.0733673 -5.12048 -0.0154052
-16.5984 3.72547 -0.073432 -5.11915 -0.0154256
-16.576 3.72383 -0.0734968 -5.11783 -0.0154461
-16.5536 3.72218 -0.0735617 -5.1165 -0.0154666
-16.5312 3.72053 -0.0736268 -5.11517 -0.0154872
-16.5088 3.71888 -0.073692 -5.11384 -0.0155078
-16.4864 3.71723 -0.0737574 -5.11251 -0.0155285
-16.464 3.71558 -0.0738229 -5.11117 -0.0155492
-16.4416 3.71392 -0.0738886 -5.10984 -0.01557
-16.4192 3.71227 -0.0739544 -5.1085 -0.0155909
-16.3968 3.71061 -0.0740203 -5.10716 -0.0156118
-16.3744 3.70895 -0.0740864 -5.10582 -0.0156327
-16.352 3.70729 -0.0741527 -5.10447 -0.0156537
-16.3296 3.70563 -0.0742191 -5.10313 -0.0156748
-16.3072 3.70397 -0.0742856 -5.10178 -0.0156959
-16.2848 3.7023 -0.0743523 -5.10043 -0.0157171
-16.2624 3.70063 -0.0744192 -5.09908 -0.0157383
-16.24 3.69897 -0.0744862 -5.09773 -0.0157596
-16.2176 3.6973 -0.0745533 -5.09638 -0.015781
-16.1952 3.69563 -0.0746206 -5.09502 -0.0158024
-16.1728 3.69395 -0.0746881 -5.09366 -0.0158239
-16.1504 3.69228 -0.0747557 -5.0923 -0.0158454
-16.128 3.69061 -0.0748235 -5.09094 -0.015867
-16.1056 3.68893 -0.0748914 -5.08958 -0.0158886
-16.0832 3.68725 -0.0749594 -5.08821 -0.0159103
-16.0608 3.68557 -0.0750277 -5.08685 -0.0159321
-16.0384 3.68389 -0.0750961 -5.08548 -0.0159539
-16.016 3.68221 -0.0751646 -5.08411 -0.0159758
-15.9936 3.68052 -0.0752333 -5.08273 -0.0159978
-15.9712 3.67884 -0.0753021 -5.08136 -0.0160198
-15.9488 3.67715 -0.0753711 -5.07998 -0.0160418
-15.9264 3.67546 -0.0754403 -5.0786 -0.016064
-15.904 3.67377 -0.0755096 -5.07722 -0.0160861
-15.8816 3.67208 -0.0755791 -5.07584 -0.0161084
-15.8592 3.67038 -0.0756488 -5.07446 -0.0161307
-15.8368 3.66869 -0.0757186 -5.07307 -0.0161531
-15.8144 3.66699 -0.0757885 -5.07168 -0.0161755
-15.792 3.66529 -0.0758587 -5.07029 -0.016198
-15.7696 3.66359 -0.075929 -5.0689 -0.0162206
-15.7472 3.66189 -0.0759994 -5.06751 -0.0162432
-15.7248 3.66019 -0.07607 -5.06611 -0.0162659
-15.7024 3.65848 -0.0761408 -5.06471 -0.0162886
-15.68 3.65678 -0.0762118 -5.06332 -0.0163114
-15.6576 3.65507 -0.0762829 -5.06191 -0.0163343
-15.6352 3.65336 -0.0763542 -5.06051 -0.0163572
-15.6128 3.65165 -0.0764256 -5.0591 -0.0163803
-15.5904 3.64993 -0.0764973 -5.0577 -0.0164033
-15.568 3.64822 -0.076569 -5.05629 -0.0164265
-15.5456 3.6465 -0.076641 -5.05488 -0.0164497
-15.5232 3.64479 -0.0767131 -5.05346 -0.0164729
-15.5008 3.64307 -0.0767854 -5.05205 -0.0164963
-15.4784 3.64135 -0.0768579 -5.05063 -0.0165197
-15.456 3.63962 -0.0769305 -5.04921 -0.0165431
-15.4336 3.6379 -0.0770033 -5.04779 -0.0165666
-15.4112 3.63617 -0.0770763 -5.04637 -0.0165902
-15.3888 3.63445 -0.0771495 -5.04494 -0.0166139
-15.3664 3.63272 -0.0772228 -5.04351 -0.0166376
-15.344 3.63099 -0.0772963 -5.04208 -0.0166614
-15.3216 3.62926 -0.07737 -5.04065 -0.0166853
-15.2992 3.62752 -0.0774438 -5.03922 -0.0167092
-15.2768 3.62579 -0.0775179 -5.03778 -0.0167333
-15.2544 3.62405 -0.0775921 -5.03634 -0.0167573
-15.232 3.62231 -0.0776665 -5.0349 -0.0167815
-15.2096 3.62057 -0.077741 -5.03346 -0.0168057
-15.1872 3.61883 -0.0778158 -5.03202 -0.01683
-15.1648 3.61708 -0.0778907 -5.03057 -0.0168543
-15.1424 3.61534 -0.0779658 -5.02912 -0.0168787
-15.12 3.61359 -0.0780411 -5.02767 -0.0169032
-15.0976 3.61184 -0.0781166 -5.02622 -0.0169278
-15.0752 3.61009 -0.0781922 -5.02477 -0.0169524
-15.0528 3.60834 -0.0782681 -5.02331 -0.0169772
-15.0304 3.60658 -0.0783441 -5.02185 -0.0170019
-15.008 3.60483 -0.0784203 -5.02039 -0.0170268
-14.9856 3.60307 -0.0784967 -5.01893 -0.0170517
-14.9632 3.60131 -0.0785733 -5.01746 -0.0170767
-14.9408 3.59955 -0.0786501 -5.016 -0.0171018
-14.9184 3.59779 -0.078727 -5.01453 -0.0171269
-14.896 3.59602 -0.0788042 -5.01306 -0.0171522
-14.8736 3.59426 -0.0788815 -5.01158 -0.0171775
-14.8512 3.59249 -0.078959 -5.01011 -0.0172028
-14.8288 3.59072 -0.0790367 -5.00863 -0.0172283
-14.8064 3.58895 -0.0791146 -5.00715 -0.0172538
-14.784 3.58718 -0.0791927 -5.00566 -0.0172794
-14.7616 3.5854 -0.079271 -5.00418 -0.0173051
-14.7392 3.58363 -0.0793495 -5.00269 -0.0173308
-14.7168 3.58185 -0.0794282 -5.0012 -0.0173566
-14.6944 3.58007 -0.0795071 -4.99971 -0.0173825
-14.672 3.57828 -0.0795862 -4.99822 -0.0174085
-14.6496 3.5765 -0.0796654 -4.99672 -0.0174346
-14.6272 3.57472 -0.0797449 -4.99523 -0.0174607
-14.6048 3.57293 -0.0798246 -4.99372 -0.0174869
-14.5824 3.57114 -0.0799044 -4.99222 -0.0175132
-14.56 3.56935 -0.0799845 -4.99072 -0.0175396
-14.5376 3.56756 -0.0800648 -4.98921 -0.017566
-14.5152 3.56576 -0.0801453 -4.9877 -0.0175926
-14.4928 3.56397 -0.0802259 -4.98619 -0.0176192
-14.4704 3.56217 -0.0803068 -4.98468 -0.0176459
-14.448 3.56037 -0.0803879 -4.98316 -0.0176727
-14.4256 3.55857 -0.0804692 -4.98164 -0.0176995
-14.4032 3.55676 -0.0805507 -4.98012 -0.0177264
-14.3808 3.55496 -0.0806324 -4.9786 -0.0177535
-14.3584 3.55315 -0.0807143 -4.97707 -0.0177806
-14.336 3.55134 -0.0807964 -4.97554 -0.0178077
-14.3136 3.54953 -0.0808787 -4.97401 -0.017835
-14.2912 3.54772 -0.0809613 -4.97248 -0.0178624
-14.2688 3.5459 -0.081044 -4.97095 -0.0178898
-14.2464 3.54409 -0.081127 -4.96941 -0.0179173
-14.224 3.54227 -0.0812102 -4.96787 -0.0179449
-14.2016 3.54045 -0.0812935 -4.96633 -0.0179726
-14.1792 3.53863 -0.0813772 -4.96478 -0.0180004
-14.1568 3.5368 -0.081461 -4.96324 -0.0180282
-14.1344 3.53498 -0.081545 -4.96169 -0.0180562
-14.112 3.53315 -0.0816293 -4.96014 -0.0180842
-14.0896 3.53132 -0.0817137 -4.95858 -0.0181123
-14.0672 3.52949 -0.0817984 -4.95703 -0.0181406
-14.0448 3.52766 -0.0818833 -4.95547 -0.0181688
-14.0224 3.52582 -0.0819685 -4.95391 -0.0181972
-14 3.52398 -0.0820538 -4.95234 -0.0182257
-13.9776 3.52215 -0.0821394 -4.95078 -0.0182543
-13.9552 3.5203 -0.0822252 -4.94921 -0.0182829
-13.9328 3.51846 -0.0823112 -4.94764 -0.0183117
-13.9104 3.51662 -0.0823975 -4.94607 -0.0183405
-13.888 3.51477 -0.0824839 -4.94449 -0.0183694
-13.8656 3.51292 -0.0825706 -4.94291 -0.0183984
-13.8432 3.51107 -0.0826576 -4.94133 -0.0184275
-13.8208 3.50922 -0.0827447 -4.93975 -0.0184567
-13.7984 3.50736 -0.0828321 -4.93816 -0.018486
-13.776 3.50551 -0.0829198 -4.93657 -0.0185154
-13.7536 3.50365 -0.0830076 -4.93498 -0.0185449
-13.7312 3.50179 -0.0830957 -4.93339 -0.0185745
-13.7088 3.49993 -0.083184 -4.93179 -0.0186041
-13.6864 3.49806 -0.0832726 -4.93019 -0.0186339
-13.664 3.4962 -0.0833614 -4.92859 -0.0186637
-13.6416 3.49433 -0.0834504 -4.92699 -0.0186937
-13.6192 3.49246 -0.0835397 -4.92538 -0.0187237
-13.5968 3.49059 -0.0836292 -4.92377 -0.0187539
-13.5744 3.48871 -0.083719 -4.92216 -0.0187841
-13.552 3.48683 -0.0838089 -4.92055 -0.0188145
-13.5296 3.48496 -0.0838992 -4.91893 -0.0188449
-13.5072 3.48308 -0.0839897 -4.91731 -0.0188754
-13.4848 3.48119 -0.0840804 -4.91569 -0.0189061
-13.4624 3.47931 -0.0841714 -4.91407 -0.0189368
-13.44 3.47742 -0.0842626 -4.91244 -0.0189676
-13.4176 3.47553 -0.084354 -4.91081 -0.0189986
-13.3952 3.47364 -0.0844458 -4.90918 -0.0190296
-13.3728 3.47175 -0.0845377 -4.90754 -0.0190608
-13.3504 3.46986 -0.0846299 -4.90591 -0.019092
-13.328 3.46796 -0.0847224 -4.90427 -0.0191233
-13.3056 3.46606 -0.0848151 -4.90262 -0.0191548
-13.2832 3.46416 -0.0849081 -4.90098 -0.0191863
-13.2608 3.46226 -0.0850013 -4.89933 -0.019218
-13.2384 3.46035 -0.0850948 -4.89768 -0.0192497
-13.216 3.45844 -0.0851886 -4.89602 -0.0192816
-13.1936 3.45654 -0.0852826 -4.89437 -0.0193136
-13.1712 3.45462 -0.0853768 -4.89271 -0.0193456
-13.1488 3.45271 -0.0854714 -4.89104 -0.0193778
-13.1264 3.45079 -0.0855661 -4.88938 -0.0194101
-13.104 3.44888 -0.0856612 -4.88771 -0.0194425
-13.0816 3.44696 -0.0857565 -4.88604 -0.019475
-13.0592 3.44504 -0.0858521 -4.88437 -0.0195076
-13.0368 3.44311 -0.0859479 -4.88269 -0.0195404
-13.0144 3.44118 -0.0860441 -4.88101 -0.0195732
-12.992 3.43926 -0.0861404 -4.87933 -0.0196061
-12.9696 3.43733 -0.0862371 -4.87765 -0.0196392
-12.9472 3.43539 -0.086334 -4.87596 -0.0196723
-12.9248 3.43346 -0.0864312 -4.87427 -0.0197056
-12.9024 3.43152 -0.0865287 -4.87258 -0.019739
-12.88 3.42958 -0.0866265 -4.87088 -0.0197725
-12.8576 3.42764 -0.0867245 -4.86918 -0.0198061
-12.8352 3.4257 -0.0868228 -4.86748 -0.0198399
-12.8128 3.42375 -0.0869214 -4.86577 -0.0198737
-12.7904 3.4218 -0.0870203 -4.86407 -0.0199077
-12.768 3.41985 -0.0871194 -4.86236 -0.0199418
-12.7456 3.4179 -0.0872188 -4.86064 -0.019976
-12.7232 3.41594 -0.0873186 -4.85893 -0.0200103
-12.7008 3.41399 -0.0874186 -4.85721 -0.0200447
-12.6784 3.41203 -0.0875189 -4.85549 -0.0200792
-12.656 3.41007 -0.0876194 -4.85376 -0.0201139
-12.6336 3.4081 -0.0877203 -4.85203 -0.0201487
-12.6112 3.40614 -0.0878215 -4.8503 -0.0201836
-12.5888 3.40417 -0.0879229 -4.84857 -0.0202186
-12.5664 3.4022 -0.0880247 -4.84683 -0.0202538
-12.544 3.40022 -0.0881267 -4.84509 -0.0202891
-12.5216 3.39825 -0.0882291 -4.84335 -0.0203245
-12.4992 3.39627 -0.0883317 -4.8416 -0.02036
-12.4768 3.39429 -0.0884346 -4.83985 -0.0203956
-12.4544 3.39231 -0.0885379 -4.8381 -0.0204314
-12.432 3.39033 -0.0886414 -4.83634 -0.0204673
-12.4096 3.38834 -0.0887452 -4.83458 -0.0205033
-12.3872 3.38635 -0.0888494 -4.83282 -0.0205395
-12.3648 3.38436 -0.0889538 -4.83106 -0.0205758
-12.3424 3.38236 -0.0890586 -4.82929 -0.0206122
-12.32 3.38037 -0.0891637 -4.82752 -0.0206487
-12.2976 3.37837 -0.0892691 -4.82574 -0.0206854
-12.2752 3.37637 -0.0893748 -4.82397 -0.0207222
-12.2528 3.37437 -0.0894808 -4.82219 -0.0207591
-12.2304 3.37236 -0.0895871 -4.8204 -0.0207961
-12.208 3.37035 -0.0896937 -4.81862 -0.0208333
-12.1856 3.36834 -0.0898007 -4.81683 -0.0208707
-12.1632 3.36633 -0.089908 -4.81503 -0.0209081
-12.1408 3.36431 -0.0900156 -4.81324 -0.0209457
-12.1184 3.3623 -0.0901235 -4.81144 -0.0209834
-12.096 3.36028 -0.0902317 -4.80963 -0.0210213
-12.0736 3.35825 -0.0903403 -4.80783 -0.0210593
-12.0512 3.35623 -0.0904492 -4.80602 -0.0210974
-12.0288 3.3542 -0.0905585 -4.80421 -0.0211357
-12.0064 3.35217 -0.090668 -4.80239 -0.0211741
-11.984 3.35014 -0.0907779 -4.80057 -0.0212127
-11.9616 3.34811 -0.0908881 -4.79875 -0.0212514
-11.9392 3.34607 -0.0909987 -4.79692 -0.0212902
-11.9168 3.34403 -0.0911096 -4.79509 -0.0213292
-11.8944 3.34199 -0.0912208 -4.79326 -0.0213683
-11.872 3.33994 -0.0913324 -4.79142 -0.0214076
-11.8496 3.3379 -0.0914443 -4.78958 -0.021447
-11.8272 3.33585 -0.0915566 -4.78774 -0.0214865
-11.8048 3.33379 -0.0916692 -4.7859 -0.0215262
-11.7824 3.33174 -0.0917822 -4.78405 -0.0215661
-11.76 3.32968 -0.0918955 -4.78219 -0.0216061
-11.7376 3.32762 -0.0920091 -4.78034 -0.0216462
-11.7152 3.32556 -0.0921232 -4.77848 -0.0216865
-11.6928 3.32349 -0.0922375 -4.77661 -0.021727
-11.6704 3.32143 -0.0923522 -4.77475 -0.0217676
-11.648 3.31936 -0.0924673 -4.77288 -0.0218083
-11.6256 3.31728 -0.0925828 -4.771 -0.0218492
-11.6032 3.31521 -0.0926986 -4.76912 -0.0218903
-11.5808 3.31313 -0.0928147 -4.76724 -0.0219315
-11.5584 3.31105 -0.0929313 -4.76536 -0.0219728
-11.536 3.30897 -0.0930482 -4.76347 -0.0220144
-11.5136 3.30688 -0.0931654 -4.76158 -0.022056
-11.4912 3.30479 -0.0932831 -4.75969 -0.0220979
-11.4688 3.3027 -0.0934011 -4.75779 -0.0221399
-11.4464 3.30061 -0.0935194 -4.75588 -0.022182
-11.424 3.29851 -0.0936382 -4.75398 -0.0222243
-11.4016 3.29642 -0.0937573 -4.75207 -0.0222668
-11.3792 3.29431 -0.0938769 -4.75016 -0.0223094
-11.3568 3.29221 -0.0939968 -4.74824 -0.0223522
-11.3344 3.2901 -0.094117 -4.74632 -0.0223952
-11.312 3.28799 -0.0942377 -4.74439 -0.0224383
-11.2896 3.28588 -0.0943588 -4.74247 -0.0224816
-11.2672 3.28377 -0.0944802 -4.74053 -0.0225251
-11.2448 3.28165 -0.094602 -4.7386 -0.0225687
-11.2224 3.27953 -0.0947243 -4.73666 -0.0226126
-11.2 3.2774 -0.0948469 -4.73472 -0.0226565
-11.1776 3.27528 -0.0949699 -4.73277 -0.0227007
-11.1552 3.27315 -0.0950934 -4.73082 -0.022745
-11.1328 3.27102 -0.0952172 -4.72887 -0.0227895
-11.1104 3.26888 -0.0953414 -4.72691 -0.0228341
-11.088 3.26675 -0.0954661 -4.72495 -0.022879
-11.0656 3.26461 -0.0955911 -4.72298 -0.022924
-11.0432 3.26246 -0.0957166 -4.72101 -0.0229692
-11.0208 3.26032 -0.0958424 -4.71904 -0.0230146
-10.9984 3.25817 -0.0959687 -4.71706 -0.0230601
-10.976 3.25602 -0.0960954 -4.71508 -0.0231059
-10.9536 3.25387 -0.0962225 -4.71309 -0.0231518
-10.9312 3.25171 -0.0963501 -4.7111 -0.0231979
-10.9088 3.24955 -0.0964781 -4.70911 -0.0232441
-10.8864 3.24739 -0.0966065 -4.70711 -0.0232906
-10.864 3.24522 -0.0967353 -4.70511 -0.0233373
-10.8416 3.24305 -0.0968645 -4.70311 -0.0233841
-10.8192 3.24088 -0.0969942 -4.7011 -0.0234311
-10.7968 3.23871 -0.0971243 -4.69908 -0.0234784
-10.7744 3.23653 -0.0972549 -4.69707 -0.0235258
-10.752 3.23435 -0.0973859 -4.69504 -0.0235734
-10.7296 3.23217 -0.0975173 -4.69302 -0.0236212
-10.7072 3.22998 -0.0976492 -4.69099 -0.0236691
-10.6848 3.22779 -0.0977816 -4.68896 -0.0237173
-10.6624 3.2256 -0.0979144 -4.68692 -0.0237657
-10.64 3.22341 -0.0980476 -4.68488 -0.0238143
-10.6176 3.22121 -0.0981813 -4.68283 -0.0238631
-10.5952 3.21901 -0.0983154 -4.68078 -0.023912
-10.5728 3.2168 -0.09845 -4.67872 -0.0239612
-10.5504 3.2146 -0.0985851 -4.67667 -0.0240106
-10.528 3.21239 -0.0987206 -4.6746 -0.0240602
-10.5056 3.21017 -0.0988567 -4.67254 -0.02411
-10.4832 3.20796 -0.0989931 -4.67046 -0.02416
-10.4608 3.20574 -0.0991301 -4.66839 -0.0242102
-10.4384 3.20352 -0.0992675 -4.66631 -0.0242606
-10.416 3.20129 -0.0994054 -4.66422 -0.0243112
-10.3936 3.19906 -0.0995438 -4.66213 -0.024362
-10.3712 3.19683 -0.0996826 -4.66004 -0.0244131
-10.3488 3.1946 -0.099822 -4.65794 -0.0244643
-10.3264 3.19236 -0.0999618 -4.65584 -0.0245158
-10.304 3.19012 -0.100102 -4.65373 -0.0245675
-10.2816 3.18788 -0.100243 -4.65162 -0.0246194
-10.2592 3.18563 -0.100384 -4.64951 -0.0246715
-10.2368 3.18338 -0.100526 -4.64739 -0.0247239
-10.2144 3.18113 -0.100668 -4.64526 -0.0247765
-10.192 3.17887 -0.100811 -4.64313 -0.0248293
-10.1696 3.17661 -0.100955 -4.641 -0.0248823
-10.1472 3.17435 -0.101098 -4.63886 -0.0249355
-10.1248 3.17208 -0.101243 -4.63672 -0.024989
-10.1024 3.16981 -0.101388 -4.63457 -0.0250427
-10.08 3.16754 -0.101533 -4.63242 -0.0250967
-10.0576 3.16526 -0.101679 -4.63026 -0.0251508
-10.0352 3.16298 -0.101825 -4.6281 -0.0252053
-10.0128 3.1607 -0.101972 -4.62594 -0.0252599
-9.9904 3.15841 -0.10212 -4.62377 -0.0253148
-9.968 3.15613 -0.102268 -4.62159 -0.0253699
-9.9456 3.15383 -0.102416 -4.61941 -0.0254253
-9.9232 3.15154 -0.102566 -4.61723 -0.0254809
-9.9008 3.14924 -0.102715 -4.61504 -0.0255367
-9.8784 3.14694 -0.102865 -4.61284 -0.0255928
-9.856 3.14463 -0.103016 -4.61064 -0.0256491
-9.8336 3.14232 -0.103168 -4.60844 -0.0257057
-9.8112 3.14001 -0.103319 -4.60623 -0.0257626
-9.7888 3.13769 -0.103472 -4.60402 -0.0258197
-9.7664 3.13537 -0.103625 -4.6018 -0.025877
-9.744 3.13305 -0.103778 -4.59958 -0.0259346
-9.7216 3.13072 -0.103933 -4.59735 -0.0259924
-9.6992 3.12839 -0.104087 -4.59511 -0.0260506
-9.6768 3.12606 -0.104243 -4.59288 -0.0261089
-9.6544 3.12372 -0.104398 -4.59063 -0.0261676
-9.632 3.12138 -0.104555 -4.58838 -0.0262265
-9.6096 3.11904 -0.104712 -4.58613 -0.0262856
-9.5872 3.11669 -0.10487 -4.58387 -0.0263451
-9.5648 3.11434 -0.105028 -4.58161 -0.0264048
-9.5424 3.11199 -0.105187 -4.57934 -0.0264647
-9.52 3.10963 -0.105346 -4.57706 -0.026525
-9.4976 3.10727 -0.105506 -4.57479 -0.0265855
-9.4752 3.1049 -0.105667 -4.5725 -0.0266463
-9.4528 3.10253 -0.105828 -4.57021 -0.0267074
-9.4304 3.10016 -0.10599 -4.56792 -0.0267687
-9.408 3.09778 -0.106152 -4.56562 -0.0268304
-9.3856 3.09541 -0.106315 -4.56331 -0.0268923
-9.3632 3.09302 -0.106479 -4.561 -0.0269545
-9.3408 3.09063 -0.106644 -4.55868 -0.027017
-9.3184 3.08824 -0.106809 -4.55636 -0.0270798
-9.296 3.08585 -0.106974 -4.55403 -0.0271429
-9.2736 3.08345 -0.107141 -4.5517 -0.0272062
-9.2512 3.08105 -0.107308 -4.54936 -0.0272699
-9.2288 3.07864 -0.107475 -4.54702 -0.0273339
-9.2064 3.07624 -0.107643 -4.54467 -0.0273982
-9.184 3.07382 -0.107812 -4.54232 -0.0274627
-9.1616 3.07141 -0.107982 -4.53996 -0.0275276
-9.1392 3.06898 -0.108152 -4.53759 -0.0275928
-9.1168 3.06656 -0.108323 -4.53522 -0.0276583
-9.0944 3.06413 -0.108495 -4.53284 -0.0277241
-9.072 3.0617 -0.108667 -4.53046 -0.0277902
-9.0496 3.05926 -0.10884 -4.52807 -0.0278567
-9.0272 3.05682 -0.109014 -4.52568 -0.0279234
-9.0048 3.05438 -0.109188 -4.52328 -0.0279905
-8.9824 3.05193 -0.109363 -4.52088 -0.0280579
-8.96 3.04948 -0.109539 -4.51846 -0.0281256
-8.9376 3.04702 -0.109715 -4.51605 -0.0281937
-8.9152 3.04456 -0.109892 -4.51363 -0.0282621
-8.8928 3.0421 -0.11007 -4.5112 -0.0283308
-8.8704 3.03963 -0.110249 -4.50876 -0.0283998
-8.848 3.03716 -0.110428 -4.50632 -0.0284692
-8.8256 3.03469 -0.110608 -4.50388 -0.0285389
-8.8032 3.03221 -0.110789 -4.50142 -0.028609
-8.7808 3.02972 -0.110971 -4.49896 -0.0286794
-8.7584 3.02724 -0.111153 -4.4965 -0.0287502
-8.736 3.02474 -0.111336 -4.49403 -0.0288213
-8.7136 3.02225 -0.11152 -4.49155 -0.0288927
-8.6912 3.01975 -0.111705 -4.48907 -0.0289646
-8.6688 3.01724 -0.11189 -4.48658 -0.0290367
-8.6464 3.01473 -0.112076 -4.48409 -0.0291093
-8.624 3.01222 -0.112263 -4.48158 -0.0291822
-8.6016 3.00971 -0.112451 -4.47908 -0.0292554
-8.5792 3.00718 -0.112639 -4.47656 -0.0293291
-8.5568 3.00466 -0.112828 -4.47404 -0.0294031
-8.5344 3.00213 -0.113018 -4.47151 -0.0294775
-8.512 2.9996 -0.113209 -4.46898 -0.0295522
-8.4896 2.99706 -0.113401 -4.46644 -0.0296274
-8.4672 2.99452 -0.113593 -4.4639 -0.0297029
-8.4448 2.99197 -0.113787 -4.46134 -0.0297788
-8.4224 2.98942 -0.113981 -4.45878 -0.0298551
-8.4 2.98686 -0.114176 -4.45622 -0.0299318
-8.3776 2.9843 -0.114371 -4.45365 -0.0300088
-8.3552 2.98174 -0.114568 -4.45107 -0.0300863
-8.3328 2.97917 -0.114766 -4.44848 -0.0301642
-8.3104 2.9766 -0.114964 -4.44589 -0.0302425
-8.288 2.97402 -0.115163 -4.44329 -0.0303212
-8.2656 2.97144 -0.115363 -4.44068 -0.0304003
-8.2432 2.96885 -0.115564 -4.43807 -0.0304798
-8.2208 2.96626 -0.115766 -4.43545 -0.0305597
-8.1984 2.96367 -0.115968 -4.43283 -0.0306401
-8.176 2.96107 -0.116172 -4.43019 -0.0307209
-8.1536 2.95846 -0.116377 -4.42755 -0.0308021
-8.1312 2.95585 -0.116582 -4.42491 -0.0308837
-8.1088 2.95324 -0.116788 -4.42225 -0.0309658
-8.0864 2.95062 -0.116995 -4.41959 -0.0310483
-8.064 2.948 -0.117204 -4.41692 -0.0311312
-8.0416 2.94537 -0.117413 -4.41425 -0.0312146
-8.0192 2.94274 -0.117623 -4.41156 -0.0312984
-7.9968 2.9401 -0.117833 -4.40887 -0.0313827
-7.9744 2.93746 -0.118045 -4.40618 -0.0314675
-7.952 2.93481 -0.118258 -4.40347 -0.0315527
-7.9296 2.93216 -0.118472 -4.40076 -0.0316383
-7.9072 2.9295 -0.118687 -4.39804 -0.0317245
-7.8848 2.92684 -0.118902 -4.39532 -0.0318111
-7.8624 2.92418 -0.119119 -4.39258 -0.0318981
-7.84 2.92151 -0.119337 -4.38984 -0.0319857
-7.8176 2.91883 -0.119556 -4.38709 -0.0320737
-7.7952 2.91615 -0.119775 -4.38434 -0.0321623
-7.7728 2.91346 -0.119996 -4.38157 -0.0322513
-7.7504 2.91077 -0.120218 -4.3788 -0.0323408
-7.728 2.90808 -0.120441 -4.37602 -0.0324308
-7.7056 2.90538 -0.120664 -4.37323 -0.0325213
-7.6832 2.90267 -0.120889 -4.37044 -0.0326123
-7.6608 2.89996 -0.121115 -4.36763 -0.0327038
-7.6384 2.89725 -0.121342 -4.36482 -0.0327959
-7.616 2.89453 -0.12157 -4.36201 -0.0328884
-7.5936 2.8918 -0.121799 -4.35918 -0.0329815
-7.5712 2.88907 -0.12203 -4.35634 -0.0330751
-7.5488 2.88633 -0.122261 -4.3535 -0.0331692
-7.5264 2.88359 -0.122493 -4.35065 -0.0332639
-7.504 2.88085 -0.122727 -4.34779 -0.0333591
-7.4816 2.87809 -0.122961 -4.34492 -0.0334549
-7.4592 2.87534 -0.123197 -4.34205 -0.0335512
-7.4368 2.87257 -0.123434 -4.33917 -0.0336481
-7.4144 2.86981 -0.123672 -4.33627 -0.0337455
-7.392 2.86703 -0.123911 -4.33337 -0.0338435
-7.3696 2.86426 -0.124151 -4.33046 -0.0339421
-7.3472 2.86147 -0.124393 -4.32755 -0.0340412
-7.3248 2.85868 -0.124636 -4.32462 -0.034141
-7.3024 2.85589 -0.124879 -4.32169 -0.0342413
-7.28 2.85309 -0.125124 -4.31874 -0.0343422
-7.2576 2.85028 -0.125371 -4.31579 -0.0344437
-7.2352 2.84747 -0.125618 -4.31283 -0.0345458
-7.2128 2.84466 -0.125867 -4.30986 -0.0346485
-7.1904 2.84183 -0.126117 -4.30689 -0.0347518
-7.168 2.83901 -0.126368 -4.3039 -0.0348558
-7.1456 2.83617 -0.12662 -4.3009 -0.0349603
-7.1232 2.83333 -0.126874 -4.2979 -0.0350655
-7.1008 2.83049 -0.127129 -4.29488 -0.0351714
-7.0784 2.82764 -0.127385 -4.29186 -0.0352778
-7.056 2.82478 -0.127643 -4.28883 -0.0353849
-7.0336 2.82192 -0.127902 -4.28579 -0.0354927
-7.0112 2.81905 -0.128162 -4.28274 -0.0356011
-6.9888 2.81618 -0.128424 -4.27968 -0.0357102
-6.9664 2.8133 -0.128686 -4.27661 -0.03582
-6.944 2.81041 -0.128951 -4.27353 -0.0359304
-6.9216 2.80752 -0.129216 -4.27044 -0.0360415
-6.8992 2.80462 -0.129483 -4.26734 -0.0361533
-6.8768 2.80172 -0.129751 -4.26423 -0.0362658
-6.8544 2.79881 -0.130021 -4.26112 -0.036379
-6.832 2.79589 -0.130292 -4.25799 -0.036493
-6.8096 2.79297 -0.130565 -4.25485 -0.0366076
-6.7872 2.79005 -0.130839 -4.25171 -0.0367229
-6.7648 2.78711 -0.131114 -4.24855 -0.036839
-6.7424 2.78417 -0.131391 -4.24538 -0.0369558
-6.72 2.78123 -0.131669 -4.24221 -0.0370734
-6.6976 2.77827 -0.131949 -4.23902 -0.0371917
-6.6752 2.77531 -0.13223 -4.23582 -0.0373108
-6.6528 2.77235 -0.132513 -4.23262 -0.0374306
-6.6304 2.76938 -0.132798 -4.2294 -0.0375512
-6.608 2.7664 -0.133083 -4.22617 -0.0376726
-6.5856 2.76341 -0.133371 -4.22293 -0.0377948
-6.5632 2.76042 -0.13366 -4.21968 -0.0379177
-6.5408 2.75743 -0.13395 -4.21642 -0.0380415
-6.5184 2.75442 -0.134242 -4.21315 -0.0381661
-6.496 2.75141 -0.134536 -4.20987 -0.0382915
-6.4736 2.7484 -0.134831 -4.20658 -0.0384177
-6.4512 2.74537 -0.135128 -4.20328 -0.0385448
-6.4288 2.74234 -0.135427 -4.19996 -0.0386727
-6.4064 2.73931 -0.135727 -4.19664 -0.0388014
-6.384 2.73626 -0.136029 -4.1933 -0.038931
-6.3616 2.73321 -0.136333 -4.18996 -0.0390615
-6.3392 2.73015 -0.136638 -4.1866 -0.0391929
-6.3168 2.72709 -0.136945 -4.18323 -0.0393251
-6.2944 2.72402 -0.137254 -4.17985 -0.0394583
-6.272 2.72094 -0.137564 -4.17646 -0.0395923
-6.2496 2.71786 -0.137877 -4.17305 -0.0397273
-6.2272 2.71476 -0.138191 -4.16964 -0.0398631
-6.2048 2.71166 -0.138506 -4.16621 -0.0399999
-6.1824 2.70856 -0.138824 -4.16277 -0.0401377
-6.16 2.70545 -0.139144 -4.15932 -0.0402764
-6.1376 2.70233 -0.139465 -4.15586 -0.0404161
-6.1152 2.6992 -0.139788 -4.15239 -0.0405567
-6.0928 2.69606 -0.140113 -4.1489 -0.0406983
-6.0704 2.69292 -0.14044 -4.1454 -0.040841
-6.048 2.68977 -0.140769 -4.14189 -0.0409846
-6.0256 2.68661 -0.1411 -4.13837 -0.0411292
-6.0032 2.68345 -0.141433 -4.13483 -0.0412749
-5.9808 2.68028 -0.141767 -4.13128 -0.0414216
-5.9584 2.6771 -0.142104 -4.12772 -0.0415693
-5.936 2.67391 -0.142443 -4.12415 -0.0417181
-5.9136 2.67072 -0.142783 -4.12056 -0.0418679
-5.8912 2.66751 -0.143126 -4.11696 -0.0420189
-5.8688 2.6643 -0.143471 -4.11335 -0.0421709
-5.8464 2.66109 -0.143818 -4.10972 -0.0423241
-5.824 2.65786 -0.144167 -4.10608 -0.0424783
-5.8016 2.65463 -0.144518 -4.10243 -0.0426337
-5.7792 2.65139 -0.144872 -4.09877 -0.0427902
-5.7568 2.64814 -0.145227 -4.09509 -0.0429479
-5.7344 2.64488 -0.145585 -4.09139 -0.0431067
-5.712 2.64162 -0.145945 -4.08769 -0.0432668
-5.6896 2.63834 -0.146307 -4.08397 -0.043428
-5.6672 2.63506 -0.146671 -4.08023 -0.0435904
-5.6448 2.63177 -0.147038 -4.07649 -0.043754
-5.6224 2.62847 -0.147407 -4.07272 -0.0439189
-5.6 2.62517 -0.147778 -4.06895 -0.044085
-5.5776 2.62185 -0.148152 -4.06516 -0.0442524
-5.5552 2.61853 -0.148528 -4.06135 -0.0444211
-5.5328 2.6152 -0.148906 -4.05753 -0.044591
-5.5104 2.61186 -0.149287 -4.0537 -0.0447622
-5.488 2.60851 -0.14967 -4.04985 -0.0449348
-5.4656 2.60515 -0.150056 -4.04599 -0.0451087
-5.4432 2.60179 -0.150444 -4.04211 -0.045284
-5.4208 2.59841 -0.150835 -4.03821 -0.0454606
-5.3984 2.59503 -0.151228 -4.0343 -0.0456386
-5.376 2.59164 -0.151624 -4.03038 -0.045818
-5.3536 2.58824 -0.152023 -4.02644 -0.0459988
-5.3312 2.58483 -0.152424 -4.02248 -0.0461811
-5.3088 2.58141 -0.152827 -4.01851 -0.0463648
-5.2864 2.57798 -0.153234 -4.01453 -0.04655
-5.264 2.57455 -0.153643 -4.01052 -0.0467366
-5.2416 2.5711 -0.154055 -4.0065 -0.0469248
-5.2192 2.56764 -0.15447 -4.00247 -0.0471144
-5.1968 2.56418 -0.154887 -3.99842 -0.0473057
-5.1744 2.5607 -0.155307 -3.99435 -0.0474984
-5.152 2.55722 -0.155731 -3.99026 -0.0476928
-5.1296 2.55373 -0.156157 -3.98616 -0.0478887
-5.1072 2.55023 -0.156586 -3.98204 -0.0480863
-5.0848 2.54671 -0.157018 -3.97791 -0.0482855
-5.0624 2.54319 -0.157453 -3.97376 -0.0484864
-5.04 2.53966 -0.15789 -3.96959 -0.0486889
-5.0176 2.53612 -0.158332 -3.9654 -0.0488931
-4.9952 2.53257 -0.158776 -3.9612 -0.0490991
-4.9728 2.529 -0.159223 -3.95697 -0.0493068
-4.9504 2.52543 -0.159673 -3.95273 -0.0495162
-4.928 2.52185 -0.160127 -3.94847 -0.0497275
-4.9056 2.51826 -0.160584 -3.9442 -0.0499405
-4.8832 2.51466 -0.161044 -3.9399 -0.0501554
-4.8608 2.51104 -0.161507 -3.93559 -0.0503722
-4.8384 2.50742 -0.161974 -3.93126 -0.0505908
-4.816 2.50379 -0.162444 -3.9269 -0.0508113
-4.7936 2.50014 -0.162918 -3.92253 -0.0510338
-4.7712 2.49649 -0.163395 -3.91814 -0.0512582
-4.7488 2.49282 -0.163876 -3.91374 -0.0514846
-4.7264 2.48915 -0.16436 -3.90931 -0.051713
-4.704 2.48546 -0.164847 -3.90486 -0.0519435
-4.6816 2.48176 -0.165339 -3.90039 -0.052176
-4.6592 2.47805 -0.165834 -3.8959 -0.0524106
-4.6368 2.47433 -0.166333 -3.8914 -0.0526473
-4.6144 2.4706 -0.166835 -3.88687 -0.0528861
-4.592 2.46686 -0.167341 -3.88232 -0.0531272
-4.5696 2.4631 -0.167852 -3.87775 -0.0533704
-4.5472 2.45934 -0.168366 -3.87316 -0.0536159
-4.5248 2.45556 -0.168884 -3.86855 -0.0538637
-4.5024 2.45177 -0.169406 -3.86391 -0.0541137
-4.48 2.44797 -0.169932 -3.85926 -0.0543661
-4.4576 2.44416 -0.170462 -3.85458 -0.0546208
-4.4352 2.44034 -0.170997 -3.84988 -0.054878
-4.4128 2.4365 -0.171535 -3.84516 -0.0551376
-4.3904 2.43265 -0.172078 -3.84042 -0.0553996
-4.368 2.42879 -0.172625 -3.83565 -0.0556641
-4.3456 2.42492 -0.173177 -3.83086 -0.0559312
-4.3232 2.42103 -0.173733 -3.82605 -0.0562009
-4.3008 2.41713 -0.174293 -3.82122 -0.0564732
-4.2784 2.41322 -0.174858 -3.81636 -0.0567481
-4.256 2.4093 -0.175428 -3.81148 -0.0570257
-4.2336 2.40536 -0.176002 -3.80657 -0.057306
-4.2112 2.40142 -0.176581 -3.80164 -0.0575891
-4.1888 2.39745 -0.177165 -3.79669 -0.057875
-4.1664 2.39348 -0.177753 -3.79171 -0.0581638
-4.144 2.38949 -0.178347 -3.7867 -0.0584555
-4.1216 2.38549 -0.178945 -3.78167 -0.0587501
-4.0992 2.38147 -0.179549 -3.77662 -0.0590477
-4.0768 2.37744 -0.180157 -3.77154 -0.0593483
-4.0544 2.3734 -0.180771 -3.76643 -0.059652
-4.032 2.36935 -0.18139 -3.7613 -0.0599588
-4.0096 2.36528 -0.182015 -3.75614 -0.0602688
-3.9872 2.36119 -0.182645 -3.75095 -0.060582
-3.9648 2.35709 -0.18328 -3.74574 -0.0608984
-3.9424 2.35298 -0.183921 -3.7405 -0.0612182
-3.92 2.34885 -0.184567 -3.73523 -0.0615414
-3.8976 2.34471 -0.185219 -3.72994 -0.061868
-3.8752 2.34056 -0.185877 -3.72461 -0.0621981
-3.8528 2.33638 -0.186541 -3.71926 -0.0625317
-3.8304 2.3322 -0.187211 -3.71388 -0.062869
-3.808 2.328 -0.187887 -3.70847 -0.0632098
-3.7856 2.32378 -0.188569 -3.70303 -0.0635544
-3.7632 2.31955 -0.189257 -3.69756 -0.0639028
-3.7408 2.3153 -0.189952 -3.69206 -0.064255
-3.7184 2.31104 -0.190653 -3.68653 -0.0646111
-3.696 2.30676 -0.19136 -3.68097 -0.0649712
-3.6736 2.30247 -0.192074 -3.67538 -0.0653353
-3.6512 2.29816 -0.192795 -3.66975 -0.0657036
-3.6288 2.29383 -0.193523 -3.6641 -0.066076
-3.6064 2.28949 -0.194257 -3.65841 -0.0664526
-3.584 2.28513 -0.194999 -3.65269 -0.0668335
-3.5616 2.28075 -0.195747 -3.64694 -0.0672189
-3.5392 2.27636 -0.196503 -3.64115 -0.0676087
-3.5168 2.27195 -0.197266 -3.63533 -0.0680031
-3.4944 2.26752 -0.198037 -3.62948 -0.068402
-3.472 2.26307 -0.198815 -3.62359 -0.0688057
-3.4496 2.25861 -0.199601 -3.61767 -0.0692142
-3.4272 2.25413 -0.200394 -3.61171 -0.0696276
-3.4048 2.24963 -0.201196 -3.60571 -0.0700459
-3.3824 2.24512 -0.202006 -3.59968 -0.0704693
-3.36 2.24058 -0.202823 -3.59362 -0.0708978
-3.3376 2.23603 -0.20365 -3.58751 -0.0713316
-3.3152 2.23146 -0.204484 -3.58137 -0.0717707
-3.2928 2.22687 -0.205327 -3.57519 -0.0722152
-3.2704 2.22226 -0.206179 -3.56898 -0.0726653
-3.248 2.21763 -0.20704 -3.56272 -0.073121
-3.2256 2.21299 -0.20791 -3.55642 -0.0735825
-3.2032 2.20832 -0.208789 -3.55009 -0.0740498
-3.1808 2.20363 -0.209678 -3.54371 -0.0745232
-3.1584 2.19893 -0.210576 -3.53729 -0.0750025
-3.136 2.1942 -0.211483 -3.53084 -0.0754881
-3.1136 2.18945 -0.212401 -3.52434 -0.0759801
-3.0912 2.18468 -0.213328 -3.51779 -0.0764784
-3.0688 2.17989 -0.214266 -3.51121 -0.0769834
-3.0464 2.17508 -0.215214 -3.50458 -0.0774951
-3.024 2.17025 -0.216173 -3.4979 -0.0780136
-3.0016 2.1654 -0.217142 -3.49118 -0.0785391
-2.9792 2.16052 -0.218123 -3.48442 -0.0790717
-2.9568 2.15563 -0.219114 -3.47761 -0.0796116
-2.9344 2.15071 -0.220117 -3.47075 -0.0801589
-2.912 2.14577 -0.221131 -3.46385 -0.0807137
-2.8896 2.1408 -0.222157 -3.45689 -0.0812764
-2.8672 2.13581 -0.223195 -3.44989 -0.0818469
-2.8448 2.1308 -0.224245 -3.44284 -0.0824254
-2.8224 2.12577 -0.225308 -3.43574 -0.0830122
-2.8 2.12071 -0.226384 -3.42859 -0.0836074
-2.7776 2.11563 -0.227472 -3.42139 -0.0842112
-2.7552 2.11052 -0.228573 -3.41413 -0.0848238
-2.7328 2.10539 -0.229688 -3.40683 -0.0854454
-2.7104 2.10023 -0.230817 -3.39946 -0.0860761
-2.688 2.09504 -0.231959 -3.39205 -0.0867162
-2.6656 2.08984 -0.233116 -3.38458 -0.0873659
-2.6432 2.0846 -0.234288 -3.37705 -0.0880254
-2.6208 2.07934 -0.235474 -3.36946 -0.0886949
-2.5984 2.07405 -0.236675 -3.36182 -0.0893747
-2.576 2.06874 -0.237892 -3.35412 -0.090065
-2.5536 2.06339 -0.239124 -3.34635 -0.090766
-2.5312 2.05802 -0.240373 -3.33853 -0.091478
-2.5088 2.05262 -0.241638 -3.33065 -0.0922012
-2.4864 2.0472 -0.242919 -3.3227 -0.092936
-2.464 2.04174 -0.244218 -3.31469 -0.0936826
-2.4416 2.03626 -0.245534 -3.30661 -0.0944412
-2.4192 2.03074 -0.246869 -3.29847 -0.0952123
-2.3968 2.0252 -0.248221 -3.29027 -0.095996
-2.3744 2.01962 -0.249592 -3.28199 -0.0967927
-2.352 2.01402 -0.250982 -3.27365 -0.0976028
-2.3296 2.00838 -0.252392 -3.26523 -0.0984265
-2.3072 2.00271 -0.253822 -3.25674 -0.0992642
-2.2848 1.99701 -0.255272 -3.24818 -0.100116
-2.2624 1.99127 -0.256743 -3.23955 -0.100983
-2.24 1.9855 -0.258235 -3.23084 -0.101865
-2.2176 1.9797 -0.259749 -3.22206 -0.102763
-2.1952 1.97387 -0.261286 -3.2132 -0.103676
-2.1728 1.968 -0.262845 -3.20425 -0.104606
-2.1504 1.96209 -0.264428 -3.19523 -0.105553
-2.128 1.95615 -0.266035 -3.18613 -0.106516
-2.1056 1.95017 -0.267667 -3.17694 -0.107498
-2.0832 1.94416 -0.269323 -3.16767 -0.108498
-2.0608 1.93811 -0.271006 -3.15831 -0.109517
-2.0384 1.93202 -0.272715 -3.14886 -0.110555
-2.016 1.92589 -0.274452 -3.13932 -0.111613
-1.9936 1.91972 -0.276216 -3.12969 -0.112691
-1.9712 1.91351 -0.278009 -3.11996 -0.11379
-1.9488 1.90727 -0.279831 -3.11014 -0.114911
-1.9264 1.90098 -0.281683 -3.10022 -0.116054
-1.904 1.89465 -0.283566 -3.09021 -0.11722
-1.8816 1.88827 -0.285481 -3.08009 -0.11841
-1.8592 1.88186 -0.287429 -3.06987 -0.119624
-1.8368 1.8754 -0.28941 -3.05954 -0.120864
-1.8144 1.86889 -0.291425 -3.04911 -0.122129
-1.792 1.86234 -0.293476 -3.03856 -0.123421
-1.7696 1.85574 -0.295564 -3.0279 -0.12474
-1.7472 1.8491 -0.297689 -3.01713 -0.126089
-1.7248 1.84241 -0.299852 -3.00624 -0.127466
-1.7024 1.83567 -0.302055 -2.99523 -0.128874
-1.68 1.82887 -0.304299 -2.9841 -0.130313
-1.6576 1.82203 -0.306585 -2.97284 -0.131785
-1.6352 1.81514 -0.308915 -2.96146 -0.13329
-1.6128 1.80819 -0.311289 -2.94994 -0.13483
-1.5904 1.80119 -0.313709 -2.93829 -0.136407
-1.568 1.79414 -0.316177 -2.9265 -0.13802
-1.5456 1.78703 -0.318694 -2.91458 -0.139672
-1.5232 1.77986 -0.321261 -2.9025 -0.141364
-1.5008 1.77263 -0.323881 -2.89028 -0.143097
-1.4784 1.76535 -0.326555 -2.87791 -0.144873
-1.456 1.758 -0.329284 -2.86538 -0.146694
-1.4336 1.7506 -0.332071 -2.8527 -0.148561
-1.4112 1.74313 -0.334918 -2.83985 -0.150476
-1.3888 1.73559 -0.337826 -2.82683 -0.152442
-1.3664 1.72799 -0.340799 -2.81365 -0.154459
-1.344 1.72032 -0.343837 -2.80028 -0.15653
-1.3216 1.71259 -0.346944 -2.78674 -0.158657
-1.2992 1.70478 -0.350122 -2.77301 -0.160843
-1.2768 1.6969 -0.353373 -2.75909 -0.16309
-1.2544 1.68895 -0.356701 -2.74497 -0.1654
-1.232 1.68092 -0.360109 -2.73065 -0.167777
-1.2096 1.67282 -0.363598 -2.71612 -0.170223
-1.1872 1.66463 -0.367173 -2.70137 -0.172741
-1.1648 1.65637 -0.370837 -2.68641 -0.175334
-1.1424 1.64802 -0.374594 -2.67122 -0.178007
-1.12 1.63958 -0.378447 -2.65579 -0.180762
-1.0976 1.63106 -0.382401 -2.64012 -0.183603
-1.0752 1.62245 -0.386459 -2.62421 -0.186535
-1.0528 1.61375 -0.390626 -2.60803 -0.189562
-1.0304 1.60495 -0.394907 -2.59159 -0.192689
-1.008 1.59605 -0.399306 -2.57488 -0.19592
-0.9856 1.58706 -0.40383 -2.55788 -0.199261
-0.9632 1.57796 -0.408484 -2.54058 -0.202718
-0.9408 1.56876 -0.413274 -2.52298 -0.206296
-0.9184 1.55945 -0.418207 -2.50507 -0.210003
-0.896 1.55002 -0.423288 -2.48683 -0.213845
-0.8736 1.54048 -0.428527 -2.46825 -0.217829
-0.8512 1.53082 -0.433929 -2.44932 -0.221965
-0.8288 1.52104 -0.439505 -2.43002 -0.22626
-0.8064 1.51113 -0.445262 -2.41034 -0.230724
-0.784 1.50109 -0.451211 -2.39027 -0.235367
-0.7616 1.49092 -0.457361 -2.36978 -0.2402
-0.7392 1.4806 -0.463725 -2.34887 -0.245235
-0.7168 1.47014 -0.470313 -2.32751 -0.250485
-0.6944 1.45953 -0.477139 -2.30568 -0.255964
-0.672 1.44876 -0.484217 -2.28337 -0.261686
-0.6496 1.43783 -0.491562 -2.26055 -0.267669
-0.6272 1.42674 -0.49919 -2.23719 -0.273931
-0.6048 1.41547 -0.507119 -2.21327 -0.280491
-0.5824 1.40402 -0.515368 -2.18877 -0.287371
-0.56 1.39238 -0.523959 -2.16365 -0.294595
-0.5376 1.38054 -0.532914 -2.13788 -0.30219
-0.5152 1.3685 -0.542258 -2.11143 -0.310185
-0.4928 1.35624 -0.552019 -2.08427 -0.318611
-0.4704 1.34377 -0.562228 -2.05634 -0.327504
-0.448 1.33105 -0.572918 -2.02761 -0.336904
-0.4256 1.31809 -0.584125 -1.99802 -0.346856
-0.4032 1.30488 -0.59589 -1.96754 -0.357408
-0.3808 1.29139 -0.60826 -1.93609 -0.368617
-0.3584 1.27762 -0.621283 -1.90362 -0.380544
-0.336 1.26356 -0.635017 -1.87007 -0.393261
-0.3136 1.24917 -0.649525 -1.83534 -0.406848
-0.2912 1.23445 -0.664878 -1.79936 -0.421396
-0.2688 1.21938 -0.681155 -1.76204 -0.43701
-0.2464 1.20393 -0.698447 -1.72327 -0.453808
-0.224 1.18808 -0.716857 -1.68293 -0.47193
-0.2016 1.1718 -0.736503 -1.64089 -0.491534
-0.1792 1.15507 -0.757519 -1.597 -0.512807
-0.1568 1.13785 -0.780059 -1.5511 -0.535966
-0.1344 1.12011 -0.804303 -1.50298 -0.561269
-0.112 1.10181 -0.830459 -1.45242 -0.589017
-0.0896 1.08289 -0.858767 -1.39917 -0.619573
-0.0672 1.06332 -0.889511 -1.34291 -0.653369
-0.0448 1.04302 -0.923024 -1.2833 -0.690927
-0.0224 1.02194 -0.9597 -1.2199 -0.732879
0 1 -1 -1.15221 -0.78
0.0031 0.996891 -1.00589 -1.14247 -0.786979
0.0062 0.993763 -1.01187 -1.13263 -0.794078
0.0093 0.990617 -1.01792 -1.1227 -0.801299
0.0124 0.987452 -1.02406 -1.11267 -0.808645
0.0155 0.984268 -1.03029 -1.10253 -0.81612
0.0186 0.981064 -1.03661 -1.0923 -0.823727
0.0217 0.977841 -1.04301 -1.08195 -0.831469
0.0248 0.974597 -1.04951 -1.0715 -0.839349
0.0279 0.971334 -1.0561 -1.06094 -0.84737
0.031 0.96805 -1.06279 -1.05027 -0.855537
0.0341 0.964744 -1.06957 -1.03948 -0.863852
0.0372 0.961418 -1.07645 -1.02858 -0.872321
0.0403 0.95807 -1.08344 -1.01755 -0.880945
0.0434 0.954701 -1.09053 -1.00641 -0.88973
0.0465 0.951309 -1.09772 -0.995133 -0.89868
0.0496 0.947895 -1.10502 -0.983734 -0.907798
0.0527 0.944458 -1.11243 -0.972203 -0.917089
0.0558 0.940998 -1.11995 -0.960539 -0.926558
0.0589 0.937514 -1.12759 -0.948739 -0.936208
0.062 0.934006 -1.13534 -0.936799 -0.946045
0.0651 0.930475 -1.14321 -0.924715 -0.956073
0.0682 0.926918 -1.1512 -0.912485 -0.966298
0.0713 0.923337 -1.15931 -0.900106 -0.976723
0.0744 0.919731 -1.16755 -0.887572 -0.987356
0.0775 0.916098 -1.17592 -0.874882 -0.9982
0.0806 0.91244 -1.18442 -0.86203 -1.00926
0.0837 0.908755 -1.19305 -0.849014 -1.02054
0.0868 0.905043 -1.20181 -0.835828 -1.03206
0.0899 0.901303 -1.21071 -0.822469 -1.0438
0.093 0.897536 -1.21976 -0.808931 -1.05579
0.0961 0.893741 -1.22894 -0.795212 -1.06802
0.0992 0.889917 -1.23827 -0.781305 -1.08051
0.1023 0.886063 -1.24774 -0.767206 -1.09325
0.1054 0.88218 -1.25737 -0.75291 -1.10626
0.1085 0.878267 -1.26714 -0.738411 -1.11954
0.1116 0.874324 -1.27707 -0.723705 -1.13309
0.1147 0.870349 -1.28715 -0.708785 -1.14693
0.1178 0.866343 -1.29738 -0.693646 -1.16106
0.1209 0.862306 -1.30778 -0.678281 -1.17549
0.124 0.858235 -1.31833 -0.662685 -1.19021
0.1271 0.854132 -1.32904 -0.64685 -1.20525
0.1302 0.849995 -1.33992 -0.630771 -1.22061
0.1333 0.845824 -1.35095 -0.61444 -1.23628
0.1364 0.841619 -1.36215 -0.59785 -1.25228
0.1395 0.837379 -1.37351 -0.580993 -1.26862
0.1426 0.833103 -1.38503 -0.563863 -1.28529
0.1457 0.828791 -1.39671 -0.54645 -1.3023
0.1488 0.824443 -1.40854 -0.528748 -1.31966
0.1519 0.820058 -1.42054 -0.510747 -1.33738
0.155 0.815636 -1.43268 -0.492438 -1.35544
0.1581 0.811175 -1.44497 -0.473814 -1.37386
0.1612 0.806677 -1.45741 -0.454864 -1.39264
0.1643 0.802139 -1.46998 -0.43558 -1.41177
0.1674 0.797563 -1.48268 -0.415951 -1.43126
0.1705 0.792947 -1.4955 -0.395969 -1.4511
0.1736 0.78829 -1.50843 -0.375623 -1.47129
0.1767 0.783594 -1.52146 -0.354903 -1.49181
0.1798 0.778857 -1.53457 -0.333799 -1.51267
0.1829 0.77408 -1.54775 -0.312301 -1.53384
0.186 0.769261 -1.56098 -0.290398 -1.55532
0.1891 0.764402 -1.57424 -0.268081 -1.57709
0.1922 0.759501 -1.58751 -0.24534 -1.59912
0.1953 0.754559 -1.60076 -0.222165 -1.62139
0.1984 0.749576 -1.61396 -0.198547 -1.64387
0.2015 0.744553 -1.62708 -0.174477 -1.66652
0.2046 0.739488 -1.64009 -0.149946 -1.6893
0.2077 0.734384 -1.65293 -0.124949 -1.71217
0.2108 0.72924 -1.66558 -0.0994777 -1.73508
0.2139 0.724058 -1.67798 -0.0735276 -1.75796
0.217 0.718837 -1.69008 -0.0470948 -1.78074
0.2201 0.71358 -1.70183 -0.0201773 -1.80337
0.2232 0.708286 -1.71316 0.00722548 -1.82575
0.2263 0.702959 -1.72402 0.0351117 -1.84779
0.2294 0.697598 -1.73433 0.0634774 -1.86941
0.2325 0.692206 -1.74404 0.0923161 -1.8905
0.2356 0.686786 -1.75306 0.121619 -1.91095
0.2387 0.681338 -1.76133 0.151373 -1.93065
0.2418 0.675866 -1.76877 0.181564 -1.94948
0.2449 0.670373 -1.77532 0.212173 -1.96732
0.248 0.66486 -1.7809 0.243179 -1.98405
0.2511 0.659332 -1.78545 0.274559 -1.99954
0.2542 0.653792 -1.78891 0.306284 -2.01368
0.2573 0.648242 -1.79123 0.338326 -2.02635
0.2604 0.642687 -1.79235 0.370652 -2.03744
0.2635 0.637131 -1.79225 0.403228 -2.04686
0.2666 0.631577 -1.79089 0.43602 -2.05451
0.2697 0.626029 -1.78826 0.468989 -2.06031
0.2728 0.620491 -1.78435 0.502101 -2.06421
0.2759 0.614967 -1.77917 0.535316 -2.06616
0.279 0.609461 -1.77275 0.5686 -2.06613
0.2821 0.603977 -1.7651 0.601917 -2.0641
0.2852 0.598519 -1.75627 0.635231 -2.06008
0.2883 0.59309 -1.74631 0.668513 -2.05408
0.2914 0.587693 -1.73528 0.70173 -2.04615
0.2945 0.582332 -1.72325 0.734855 -2.03634
0.2976 0.57701 -1.71027 0.767863 -2.0247
0.3007 0.571729 -1.69644 0.80073 -2.0113
0.3038 0.566493 -1.68183 0.833437 -1.99625
0.3069 0.561302 -1.66651 0.865965 -1.97961
0.31 0.556161 -1.65058 0.8983 -1.9615
0.3131 0.551069 -1.63411 0.930428 -1.94201
0.3162 0.54603 -1.61717 0.962338 -1.92126
0.3193 0.541043 -1.59985 0.994023 -1.89934
0.3224 0.536111 -1.58222 1.02548 -1.87637
0.3255 0.531234 -1.56434 1.05669 -1.85245
0.3286 0.526412 -1.54628 1.08766 -1.82768
0.3317 0.521647 -1.5281 1.1184 -1.80217
0.3348 0.516938 -1.50986 1.14889 -1.77602
0.3379 0.512286 -1.4916 1.17913 -1.74931
0.341 0.50769 -1.47338 1.20914 -1.72214
0.3441 0.503151 -1.45523 1.23891 -1.69458
0.3472 0.498668 -1.4372 1.26844 -1.66673
0.3503 0.49424 -1.4193 1.29775 -1.63865
0.3534 0.489868 -1.40158 1.32682 -1.61041
0.3565 0.48555 -1.38406 1.35568 -1.58208
0.3596 0.481286 -1.36675 1.38431 -1.55371
0.3627 0.477076 -1.34968 1.41274 -1.52536
0.3658 0.472918 -1.33286 1.44096 -1.49707
0.3689 0.468812 -1.31631 1.46898 -1.46889
0.372 0.464757 -1.30003 1.4968 -1.44087
0.3751 0.460751 -1.28403 1.52444 -1.41303
0.3782 0.456795 -1.26832 1.5519 -1.38541
0.3813 0.452888 -1.2529 1.57918 -1.35804
0.3844 0.449027 -1.23777 1.60629 -1.33094
0.3875 0.445213 -1.22293 1.63323 -1.30414
0.3906 0.441445 -1.20839 1.66002 -1.27766
0.3937 0.437721 -1.19413 1.68665 -1.25151
0.3968 0.434041 -1.18016 1.71313 -1.22571
0.3999 0.430404 -1.16648 1.73948 -1.20028
0.403 0.426808 -1.15308 1.76568 -1.17521
0.4061 0.423254 -1.13995 1.79176 -1.15053
0.4092 0.41974 -1.12709 1.81771 -1.12624
0.4123 0.416266 -1.1145 1.84354 -1.10234
0.4154 0.41283 -1.10216 1.86925 -1.07884
0.4185 0.409432 -1.09008 1.89485 -1.05574
0.4216 0.406071 -1.07824 1.92034 -1.03305
0.4247 0.402747 -1.06665 1.94573 -1.01076
0.4278 0.399458 -1.05529 1.97102 -0.988873
0.4309 0.396204 -1.04415 1.99621 -0.967394
0.434 0.392984 -1.03324 2.02131 -0.946318
0.4371 0.389798 -1.02254 2.04633 -0.925644
0.4402 0.386644 -1.01205 2.07127 -0.905368
0.4433 0.383523 -1.00176 2.09612 -0.885487
0.4464 0.380433 -0.991662 2.1209 -0.865999
0.4495 0.377374 -0.981757 2.1456 -0.846898
0.4526 0.374346 -0.972035 2.17023 -0.828182
0.4557 0.371347 -0.962491 2.1948 -0.809844
0.4588 0.368378 -0.95312 2.2193 -0.791882
0.4619 0.365438 -0.943915 2.24374 -0.774288
0.465 0.362526 -0.934871 2.26812 -0.75706
0.4681 0.359642 -0.925984 2.29244 -0.74019
0.4712 0.356785 -0.917248 2.31671 -0.723673
0.4743 0.353954 -0.908658 2.34093 -0.707505
0.4774 0.351151 -0.90021 2.3651 -0.691679
0.4805 0.348373 -0.891899 2.38923 -0.676189
0.4836 0.345621 -0.883721 2.4133 -0.66103
0.4867 0.342894 -0.875672 2.43734 -0.646196
0.4898 0.340192 -0.867747 2.46133 -0.631682
0.4929 0.337514 -0.859943 2.48528 -0.617481
0.496 0.33486 -0.852256 2.5092 -0.603588
0.4991 0.33223 -0.844682 2.53308 -0.589996
0.5022 0.329623 -0.837218 2.55692 -0.576701
0.5053 0.327039 -0.829861 2.58073 -0.563697
0.5084 0.324477 -0.822607 2.60451 -0.550977
0.5115 0.321938 -0.815454 2.62826 -0.538537
0.5146 0.319421 -0.808398 2.65198 -0.52637
0.5177 0.316926 -0.801436 2.67568 -0.514471
0.5208 0.314452 -0.794567 2.69934 -0.502836
0.5239 0.312 -0.787787 2.72299 -0.491458
0.527 0.309568 -0.781093 2.7466 -0.480332
0.5301 0.307157 -0.774484 2.7702 -0.469453
0.5332 0.304766 -0.767957 2.79377 -0.458816
0.5363 0.302396 -0.761511 2.81732 -0.448416
0.5394 0.300045 -0.755142 2.84086 -0.438248
0.5425 0.297714 -0.748848 2.86437 -0.428307
0.5456 0.295402 -0.742629 2.88786 -0.418588
0.5487 0.293109 -0.736482 2.91134 -0.409087
0.5518 0.290836 -0.730405 2.9348 -0.399799
0.5549 0.288581 -0.724396 2.95825 -0.390718
0.558 0.286344 -0.718455 2.98168 -0.381842
0.5611 0.284126 -0.712579 3.00509 -0.373165
0.5642 0.281926 -0.706767 3.02849 -0.364683
0.5673 0.279744 -0.701017 3.05188 -0.356392
0.5704 0.27758 -0.695328 3.07525 -0.348287
0.5735 0.275433 -0.689699 3.09862 -0.340366
0.5766 0.273304 -0.684128 3.12197 -0.332622
0.5797 0.271191 -0.678614 3.14531 -0.325054
0.5828 0.269096 -0.673157 3.16864 -0.317656
0.5859 0.267018 -0.667754 3.19196 -0.310426
0.589 0.264956 -0.662405 3.21527 -0.303359
0.5921 0.262911 -0.657109 3.23857 -0.296452
0.5952 0.260882 -0.651865 3.26186 -0.289701
0.5983 0.258869 -0.646671 3.28515 -0.283103
0.6014 0.256873 -0.641528 3.30842 -0.276654
0.6045 0.254892 -0.636433 3.33169 -0.270351
0.6076 0.252927 -0.631386 3.35495 -0.264191
0.6107 0.250977 -0.626387 3.3782 -0.258171
0.6138 0.249043 -0.621434 3.40145 -0.252288
0.6169 0.247124 -0.616526 3.42469 -0.246538
0.62 0.24522 -0.611664 3.44793 -0.240918
0.6231 0.243332 -0.606845 3.47116 -0.235426
0.6262 0.241458 -0.602071 3.49438 -0.230058
0.6293 0.239599 -0.597339 3.5176 -0.224813
0.6324 0.237754 -0.592649 3.54081 -0.219687
0.6355 0.235924 -0.588001 3.56402 -0.214677
0.6386 0.234109 -0.583394 3.58722 -0.209781
0.6417 0.232307 -0.578827 3.61042 -0.204997
0.6448 0.23052 -0.5743 3.63362 -0.200321
0.6479 0.228747 -0.569812 3.65681 -0.195751
0.651 0.226987 -0.565363 3.67999 -0.191286
0.6541 0.225241 -0.560952 3.70318 -0.186922
0.6572 0.223509 -0.556578 3.72636 -0.182658
0.6603 0.221791 -0.552242 3.74953 -0.17849
0.6634 0.220085 -0.547943 3.77271 -0.174418
0.6665 0.218393 -0.543679 3.79588 -0.170438
0.6696 0.216714 -0.539452 3.81905 -0.166549
0.6727 0.215049 -0.53526 3.84221 -0.162748
0.6758 0.213396 -0.531103 3.86537 -0.159034
0.6789 0.211756 -0.52698 3.88853 -0.155404
0.682 0.210128 -0.522892 3.91169 -0.151858
0.6851 0.208514 -0.518837 3.93484 -0.148392
0.6882 0.206912 -0.514816 3.958 -0.145005
0.6913 0.205322 -0.510828 3.98115 -0.141695
0.6944 0.203744 -0.506872 4.0043 -0.138461
0.6975 0.202179 -0.502949 4.02744 -0.1353
0.7006 0.200626 -0.499057 4.05059 -0.132212
0.7037 0.199085 -0.495197 4.07373 -0.129194
0.7068 0.197556 -0.491368 4.09687 -0.126244
0.7099 0.196039 -0.48757 4.12001 -0.123362
0.713 0.194533 -0.483803 4.14315 -0.120546
0.7161 0.193039 -0.480066 4.16629 -0.117794
0.7192 0.191556 -0.476359 4.18942 -0.115105
0.7223 0.190085 -0.472682 4.21256 -0.112477
0.7254 0.188626 -0.469034 4.23569 -0.109909
0.7285 0.187177 -0.465415 4.25882 -0.107399
0.7316 0.18574 -0.461825 4.28195 -0.104947
0.7347 0.184314 -0.458264 4.30508 -0.102551
0.7378 0.182899 -0.454731 4.32821 -0.100209
0.7409 0.181495 -0.451226 4.35133 -0.0979212
0.744 0.180101 -0.447748 4.37446 -0.0956853
0.7471 0.178719 -0.444299 4.39759 -0.0935005
0.7502 0.177347 -0.440876 4.42071 -0.0913655
0.7533 0.175985 -0.43748 4.44383 -0.0892792
0.7564 0.174634 -0.434111 4.46696 -0.0872405
0.7595 0.173294 -0.430769 4.49008 -0.0852483
0.7626 0.171963 -0.427453 4.5132 -0.0833017
0.7657 0.170643 -0.424163 4.53632 -0.0813994
0.7688 0.169334 -0.420898 4.55944 -0.0795406
0.7719 0.168034 -0.417659 4.58256 -0.0777242
0.775 0.166744 -0.414446 4.60568 -0.0759493
0.7781 0.165464 -0.411258 4.6288 -0.0742149
0.7812 0.164194 -0.408094 4.65192 -0.07252
0.7843 0.162934 -0.404956 4.67503 -0.0708639
0.7874 0.161683 -0.401841 4.69815 -0.0692456
0.7905 0.160443 -0.398751 4.72126 -0.0676642
0.7936 0.159211 -0.395686 4.74438 -0.066119
0.7967 0.157989 -0.392644 4.7675 -0.064609
0.7998 0.156777 -0.389625 4.79061 -0.0631334
0.8029 0.155574 -0.38663 4.81373 -0.0616916
0.806 0.15438 -0.383659 4.83684 -0.0602827
0.8091 0.153195 -0.38071 4.85995 -0.058906
0.8122 0.152019 -0.377785 4.88307 -0.0575607
0.8153 0.150853 -0.374882 4.90618 -0.0562461
0.8184 0.149695 -0.372001 4.92929 -0.0549615
0.8215 0.148546 -0.369143 4.9524 -0.0537063
0.8246 0.147406 -0.366307 4.97552 -0.0524797
0.8277 0.146275 -0.363493 4.99863 -0.0512812
0.8308 0.145153 -0.360701 5.02174 -0.05011
0.8339 0.144039 -0.35793 5.04485 -0.0489655
0.837 0.142933 -0.355181 5.06796 -0.0478472
0.8401 0.141837 -0.352453 5.09107 -0.0467544
0.8432 0.140748 -0.349746 5.11418 -0.0456866
0.8463 0.139668 -0.34706 5.13729 -0.0446432
0.8494 0.138596 -0.344395 5.1604 -0.0436235
0.8525 0.137533 -0.34175 5.18351 -0.0426272
0.8556 0.136477 -0.339126 5.20662 -0.0416536
0.8587 0.13543 -0.336522 5.22973 -0.0407023
0.8618 0.134391 -0.333938 5.25284 -0.0397727
0.8649 0.13336 -0.331374 5.27595 -0.0388643
0.868 0.132336 -0.32883 5.29906 -0.0379767
0.8711 0.131321 -0.326305 5.32217 -0.0371093
0.8742 0.130313 -0.3238 5.34528 -0.0362617
0.8773 0.129313 -0.321314 5.36839 -0.0354335
0.8804 0.128321 -0.318848 5.3915 -0.0346243
0.8835 0.127337 -0.3164 5.4146 -0.0338335
0.8866 0.126359 -0.313971 5.43771 -0.0330607
0.8897 0.12539 -0.311561 5.46082 -0.0323056
0.8928 0.124428 -0.30917 5.48393 -0.0315678
0.8959 0.123473 -0.306797 5.50704 -0.0308468
0.899 0.122526 -0.304442 5.53014 -0.0301422
0.9021 0.121585 -0.302105 5.55325 -0.0294538
0.9052 0.120653 -0.299786 5.57636 -0.0287811
0.9083 0.119727 -0.297485 5.59947 -0.0281237
0.9114 0.118808 -0.295202 5.62258 -0.0274814
0.9145 0.117897 -0.292936 5.64568 -0.0268537
0.9176 0.116992 -0.290688 5.66879 -0.0262404
0.9207 0.116094 -0.288457 5.6919 -0.025641
0.9238 0.115203 -0.286243 5.715 -0.0250554
0.9269 0.11432 -0.284047 5.73811 -0.0244831
0.93 0.113442 -0.281867 5.76122 -0.0239239
0.9331 0.112572 -0.279704 5.78433 -0.0233775
0.9362 0.111708 -0.277557 5.80743 -0.0228436
0.9393 0.110851 -0.275427 5.83054 -0.0223218
0.9424 0.11 -0.273313 5.85365 -0.021812
0.9455 0.109156 -0.271216 5.87675 -0.0213138
0.9486 0.108319 -0.269135 5.89986 -0.020827
0.9517 0.107488 -0.267069 5.92297 -0.0203513
0.9548 0.106663 -0.26502 5.94607 -0.0198865
0.9579 0.105845 -0.262986 5.96918 -0.0194323
0.961 0.105033 -0.260968 5.99229 -0.0189885
0.9641 0.104227 -0.258966 6.01539 -0.0185548
0.9672 0.103427 -0.256979 6.0385 -0.018131
0.9703 0.102633 -0.255007 6.06161 -0.0177169
0.9734 0.101846 -0.25305 6.08471 -0.0173122
0.9765 0.101064 -0.251108 6.10782 -0.0169168
0.9796 0.100289 -0.249181 6.13093 -0.0165304
0.9827 0.0995195 -0.247269 6.15403 -0.0161529
0.9858 0.0987559 -0.245372 6.17714 -0.0157839
0.9889 0.0979982 -0.243489 6.20025 -0.0154234
0.992 0.0972463 -0.241621 6.22335 -0.0150712
0.9951 0.0965001 -0.239767 6.24646 -0.014727
0.9982 0.0957597 -0.237927 6.26956 -0.0143906
1.0013 0.095025 -0.236102 6.29267 -0.0140619
1.0044 0.0942959 -0.23429 6.31578 -0.0137407
1.0075 0.0935724 -0.232492 6.33888 -0.0134269
1.0106 0.0928544 -0.230709 6.36199 -0.0131202
1.0137 0.092142 -0.228938 6.3851 -0.0128206
1.0168 0.091435 -0.227182 6.4082 -0.0125278
1.0199 0.0907334 -0.225439 6.43131 -0.0122416
1.023 0.0900372 -0.223709 6.45441 -0.011962
1.0261 0.0893464 -0.221992 6.47752 -0.0116888
1.0292 0.0886609 -0.220289 6.50063 -0.0114218
1.0323 0.0879806 -0.218599 6.52373 -0.011161
1.0354 0.0873055 -0.216922 6.54684 -0.0109061
1.0385 0.0866357 -0.215257 6.56994 -0.010657
1.0416 0.0859709 -0.213606 6.59305 -0.0104136
1.0447 0.0853113 -0.211967 6.61616 -0.0101757
1.0478 0.0846567 -0.210341 6.63926 -0.00994331
1.0509 0.0840072 -0.208727 6.66237 -0.00971621
1.054 0.0833626 -0.207125 6.68547 -0.0094943
1.0571 0.082723 -0.205536 6.70858 -0.00927745
1.0602 0.0820883 -0.203959 6.73169 -0.00906556
1.0633 0.0814584 -0.202394 6.75479 -0.0088585
1.0664 0.0808334 -0.200842 6.7779 -0.00865618
1.0695 0.0802132 -0.199301 6.801 -0.00845848
1.0726 0.0795977 -0.197772 6.82411 -0.00826529
1.0757 0.078987 -0.196254 6.84722 -0.00807652
1.0788 0.0783809 -0.194748 6.87032 -0.00789205
1.0819 0.0777795 -0.193254 6.89343 -0.0077118
1.085 0.0771828 -0.191772 6.91653 -0.00753567
1.0881 0.0765905 -0.1903 6.93964 -0.00736356
1.0912 0.0760029 -0.18884 6.96274 -0.00719538
1.0943 0.0754197 -0.187391 6.98585 -0.00703104
1.0974 0.074841 -0.185954 7.00896 -0.00687046
1.1005 0.0742668 -0.184527 7.03206 -0.00671354
1.1036 0.073697 -0.183111 7.05517 -0.00656021
1.1067 0.0731315 -0.181706 7.07827 -0.00641038
1.1098 0.0725704 -0.180312 7.10138 -0.00626397
1.1129 0.0720136 -0.178929 7.12448 -0.00612091
1.116 0.071461 -0.177556 7.14759 -0.00598111
1.1191 0.0709127 -0.176194 7.1707 -0.00584451
1.1222 0.0703686 -0.174842 7.1938 -0.00571103
1.1253 0.0698287 -0.173501 7.21691 -0.00558059
1.1284 0.0692929 -0.17217 7.24001 -0.00545314
1.1315 0.0687612 -0.170849 7.26312 -0.00532859
1.1346 0.0682336 -0.169538 7.28622 -0.00520689
1.1377 0.0677101 -0.168237 7.30933 -0.00508797
1.1408 0.0671905 -0.166946 7.33244 -0.00497177
1.1439 0.066675 -0.165666 7.35554 -0.00485822
1.147 0.0661634 -0.164395 7.37865 -0.00474726
1.1501 0.0656557 -0.163133 7.40175 -0.00463884
1.1532 0.065152 -0.161882 7.42486 -0.0045329
1.1563 0.064652 -0.16064 7.44796 -0.00442937
1.1594 0.064156 -0.159407 7.47107 -0.00432821
1.1625 0.0636637 -0.158184 7.49418 -0.00422936
1.1656 0.0631752 -0.156971 7.51728 -0.00413277
1.1687 0.0626905 -0.155767 7.54039 -0.00403838
1.1718 0.0622095 -0.154572 7.56349 -0.00394615
1.1749 0.0617321 -0.153386 7.5866 -0.00385603
1.178 0.0612585 -0.152209 7.6097 -0.00376796
1.1811 0.0607884 -0.151041 7.63281 -0.00368191
1.1842 0.060322 -0.149882 7.65591 -0.00359782
1.1873 0.0598591 -0.148733 7.67902 -0.00351565
1.1904 0.0593998 -0.147592 7.70212 -0.00343536
1.1935 0.0589441 -0.146459 7.72523 -0.0033569
1.1966 0.0584918 -0.145336 7.74834 -0.00328024
1.1997 0.058043 -0.144221 7.77144 -0.00320532
1.2028 0.0575976 -0.143114 7.79455 -0.00313212
1.2059 0.0571557 -0.142016 7.81765 -0.00306059
1.209 0.0567171 -0.140927 7.84076 -0.00299069
1.2121 0.0562819 -0.139846 7.86386 -0.00292239
1.2152 0.05585 -0.138773 7.88697 -0.00285565
1.2183 0.0554215 -0.137708 7.91007 -0.00279043
1.2214 0.0549963 -0.136652 7.93318 -0.0027267
1.2245 0.0545743 -0.135603 7.95628 -0.00266443
1.2276 0.0541555 -0.134563 7.97939 -0.00260358
1.2307 0.05374 -0.133531 8.00249 -0.00254412
1.2338 0.0533276 -0.132506 8.0256 -0.00248602
1.2369 0.0529184 -0.13149 8.04871 -0.00242925
1.24 0.0525124 -0.130481 8.07181 -0.00237377
1.2431 0.0521094 -0.12948 8.09492 -0.00231956
1.2462 0.0517096 -0.128486 8.11802 -0.00226658
1.2493 0.0513128 -0.127501 8.14113 -0.00221482
1.2524 0.0509191 -0.126523 8.16423 -0.00216424
1.2555 0.0505284 -0.125552 8.18734 -0.00211482
1.2586 0.0501406 -0.124589 8.21044 -0.00206652
1.2617 0.0497559 -0.123633 8.23355 -0.00201933
1.2648 0.0493741 -0.122685 8.25665 -0.00197321
1.2679 0.0489952 -0.121743 8.27976 -0.00192815
1.271 0.0486193 -0.120809 8.30286 -0.00188412
1.2741 0.0482462 -0.119883 8.32597 -0.00184109
1.2772 0.047876 -0.118963 8.34907 -0.00179904
1.2803 0.0475086 -0.11805 8.37218 -0.00175796
1.2834 0.0471441 -0.117145 8.39528 -0.00171781
1.2865 0.0467823 -0.116246 8.41839 -0.00167859
1.2896 0.0464234 -0.115354 8.44149 -0.00164025
1.2927 0.0460671 -0.114469 8.4646 -0.00160279
1.2958 0.0457136 -0.113591 8.4877 -0.00156619
1.2989 0.0453629 -0.11272 8.51081 -0.00153043
1.302 0.0450148 -0.111855 8.53391 -0.00149548
1.3051 0.0446694 -0.110997 8.55702 -0.00146133
1.3082 0.0443266 -0.110145 8.58012 -0.00142796
1.3113 0.0439864 -0.1093 8.60323 -0.00139535
1.3144 0.0436489 -0.108462 8.62633 -0.00136348
1.3175 0.043314 -0.10763 8.64944 -0.00133235
1.3206 0.0429816 -0.106804 8.67254 -0.00130192
1.3237 0.0426518 -0.105985 8.69565 -0.00127219
1.3268 0.0423245 -0.105172 8.71875 -0.00124314
1.3299 0.0419997 -0.104365 8.74186 -0.00121475
1.333 0.0416774 -0.103564 8.76496 -0.00118701
1.3361 0.0413576 -0.10277 8.78807 -0.00115991
1.3392 0.0410402 -0.101982 8.81117 -0.00113342
1.3423 0.0407253 -0.101199 8.83428 -0.00110754
1.3454 0.0404128 -0.100423 8.85738 -0.00108225
1.3485 0.0401027 -0.0996526 8.88049 -0.00105754
1.3516 0.0397949 -0.0988882 8.90359 -0.00103339
1.3547 0.0394896 -0.0981296 8.9267 -0.00100979
1.3578 0.0391865 -0.0973768 8.9498 -0.000986732
1.3609 0.0388858 -0.0966299 8.97291 -0.000964201
1.364 0.0385874 -0.0958886 8.99601 -0.000942184
1.3671 0.0382913 -0.095153 9.01912 -0.00092067
1.3702 0.0379975 -0.0944231 9.04222 -0.000899647
1.3733 0.0377059 -0.0936988 9.06532 -0.000879105
1.3764 0.0374165 -0.09298 9.08843 -0.000859031
1.3795 0.0371294 -0.0922668 9.11153 -0.000839416
1.3826 0.0368445 -0.091559 9.13464 -0.000820249
1.3857 0.0365617 -0.0908567 9.15774 -0.00080152
1.3888 0.0362812 -0.0901597 9.18085 -0.000783219
1.3919 0.0360027 -0.0894681 9.20395 -0.000765335
1.395 0.0357264 -0.0887818 9.22706 -0.00074786
1.3981 0.0354523 -0.0881008 9.25016 -0.000730784
1.4012 0.0351802 -0.087425 9.27326 -0.000714098
1.4043 0.0349102 -0.0867544 9.29637 -0.000697793
1.4074 0.0346423 -0.0860889 9.31947 -0.000681861
1.4105 0.0343765 -0.0854286 9.34258 -0.000666292
1.4136 0.0341127 -0.0847733 9.36568 -0.000651079
1.4167 0.0338509 -0.084123 9.38879 -0.000636213
1.4198 0.0335911 -0.0834777 9.41189 -0.000621687
1.4229 0.0333333 -0.0828374 9.43499 -0.000607493
1.426 0.0330775 -0.082202 9.4581 -0.000593622
1.4291 0.0328237 -0.0815715 9.4812 -0.000580069
1.4322 0.0325718 -0.0809458 9.50431 -0.000566825
1.4353 0.0323218 -0.0803249 9.52741 -0.000553884
1.4384 0.0320737 -0.0797088 9.55052 -0.000541238
1.4415 0.0318276 -0.0790974 9.57362 -0.000528881
1.4446 0.0315833 -0.0784906 9.59672 -0.000516806
1.4477 0.0313409 -0.0778886 9.61983 -0.000505007
1.4508 0.0311004 -0.0772912 9.64293 -0.000493477
1.4539 0.0308617 -0.0766983 9.66603 -0.000482211
1.457 0.0306249 -0.07611 9.68914 -0.000471201
1.4601 0.0303898 -0.0755262 9.71224 -0.000460444
1.4632 0.0301566 -0.0749469 9.73535 -0.000449932
1.4663 0.0299252 -0.0743721 9.75845 -0.00043966
1.4694 0.0296955 -0.0738017 9.78155 -0.000429623
1.4725 0.0294676 -0.0732356 9.80466 -0.000419815
1.4756 0.0292414 -0.0726739 9.82776 -0.000410231
1.4787 0.029017 -0.0721165 9.85086 -0.000400865
1.4818 0.0287943 -0.0715633 9.87397 -0.000391714
1.4849 0.0285733 -0.0710144 9.89707 -0.000382772
1.488 0.028354 -0.0704698 9.92018 -0.000374033
1.4911 0.0281364 -0.0699293 9.94328 -0.000365495
1.4942 0.0279204 -0.0693929 9.96638 -0.000357151
1.4973 0.0277062 -0.0688607 9.98949 -0.000348998
1.5004 0.0274935 -0.0683326 10.0126 -0.000341031
1.5035 0.0272825 -0.0678085 10.0357 -0.000333246
1.5066 0.0270731 -0.0672884 10.0588 -0.000325639
1.5097 0.0268653 -0.0667723 10.0819 -0.000318206
1.5128 0.0266591 -0.0662602 10.105 -0.000310942
1.5159 0.0264545 -0.065752 10.1281 -0.000303844
1.519 0.0262514 -0.0652478 10.1512 -0.000296909
1.5221 0.0260499 -0.0647473 10.1743 -0.000290131
1.5252 0.02585 -0.0642508 10.1974 -0.000283509
1.5283 0.0256516 -0.063758 10.2205 -0.000277037
1.5314 0.0254547 -0.063269 10.2436 -0.000270714
1.5345 0.0252593 -0.0627838 10.2667 -0.000264535
1.5376 0.0250654 -0.0623023 10.2898 -0.000258497
1.5407 0.024873 -0.0618245 10.3129 -0.000252597
1.5438 0.0246821 -0.0613504 10.336 -0.000246831
1.5469 0.0244927 -0.0608799 10.3591 -0.000241197
1.55 0.0243047 -0.060413 10.3822 -0.000235692
1.5531 0.0241181 -0.0599497 10.4053 -0.000230313
1.5562 0.023933 -0.0594899 10.4284 -0.000225056
1.5593 0.0237493 -0.0590337 10.4515 -0.00021992
1.5624 0.0235669 -0.058581 10.4746 -0.000214901
1.5655 0.023386 -0.0581318 10.4977 -0.000209996
1.5686 0.0232065 -0.057686 10.5208 -0.000205203
1.5717 0.0230284 -0.0572436 10.544 -0.00020052
1.5748 0.0228516 -0.0568046 10.5671 -0.000195944
1.5779 0.0226762 -0.056369 10.5902 -0.000191472
1.581 0.0225021 -0.0559368 10.6133 -0.000187103
1.5841 0.0223294 -0.0555078 10.6364 -0.000182833
1.5872 0.022158 -0.0550822 10.6595 -0.00017866
1.5903 0.0219879 -0.0546598 10.6826 -0.000174583
1.5934 0.0218191 -0.0542407 10.7057 -0.000170599
1.5965 0.0216516 -0.0538247 10.7288 -0.000166706
1.5996 0.0214854 -0.053412 10.7519 -0.000162902
1.6027 0.0213204 -0.0530025 10.775 -0.000159185
1.6058 0.0211567 -0.052596 10.7981 -0.000155553
1.6089 0.0209943 -0.0521928 10.8212 -0.000152003
1.612 0.0208331 -0.0517926 10.8443 -0.000148535
1.6151 0.0206732 -0.0513954 10.8674 -0.000145146
1.6182 0.0205145 -0.0510013 10.8905 -0.000141834
1.6213 0.020357 -0.0506103 10.9136 -0.000138598
1.6244 0.0202007 -0.0502222 10.9367 -0.000135435
1.6275 0.0200456 -0.0498372 10.9598 -0.000132345
1.6306 0.0198917 -0.0494551 10.9829 -0.000129326
1.6337 0.019739 -0.0490759 11.006 -0.000126375
1.6368 0.0195874 -0.0486996 11.0291 -0.000123492
1.6399 0.019437 -0.0483262 11.0522 -0.000120674
1.643 0.0192878 -0.0479557 11.0753 -0.000117921
1.6461 0.0191397 -0.047588 11.0984 -0.000115231
1.6492 0.0189928 -0.0472232 11.1215 -0.000112602
1.6523 0.0188469 -0.0468612 11.1446 -0.000110033
1.6554 0.0187022 -0.0465019 11.1677 -0.000107523
1.6585 0.0185586 -0.0461454 11.1908 -0.000105071
1.6616 0.0184161 -0.0457916 11.2139 -0.000102674
1.6647 0.0182747 -0.0454406 11.237 -0.000100332
1.6678 0.0181344 -0.0450922 11.2601 -9.8043e-05
1.6709 0.0179951 -0.0447465 11.2832 -9.58067e-05
1.674 0.0178569 -0.0444035 11.3063 -9.36214e-05
1.6771 0.0177198 -0.0440631 11.3294 -9.14859e-05
1.6802 0.0175838 -0.0437253 11.3525 -8.93993e-05
1.6833 0.0174487 -0.0433901 11.3756 -8.73603e-05
1.6864 0.0173147 -0.0430575 11.3987 -8.53678e-05
1.6895 0.0171818 -0.0427275 11.4218 -8.34208e-05
1.6926 0.0170498 -0.0423999 11.4449 -8.15183e-05
1.6957 0.0169189 -0.0420749 11.468 -7.96592e-05
1.6988 0.016789 -0.0417524 11.4911 -7.78425e-05
1.7019 0.01666 -0.0414324 11.5142 -7.60673e-05
1.705 0.0165321 -0.0411148 11.5373 -7.43327e-05
1.7081 0.0164051 -0.0407997 11.5604 -7.26376e-05
1.7112 0.0162791 -0.040487 11.5835 -7.09812e-05
1.7143 0.0161541 -0.0401766 11.6066 -6.93627e-05
1.7174 0.01603 -0.0398687 11.6297 -6.77811e-05
1.7205 0.0159069 -0.0395631 11.6528 -6.62356e-05
1.7236 0.0157847 -0.0392599 11.6759 -6.47254e-05
1.7267 0.0156635 -0.038959 11.699 -6.32496e-05
1.7298 0.0155432 -0.0386604 11.7221 -6.18076e-05
1.7329 0.0154238 -0.0383642 11.7452 -6.03984e-05
1.736 0.0153053 -0.0380702 11.7683 -5.90214e-05
1.7391 0.0151877 -0.0377784 11.7913 -5.76759e-05
1.7422 0.0150711 -0.0374889 11.8144 -5.63611e-05
1.7453 0.0149553 -0.0372016 11.8375 -5.50763e-05
1.7484 0.0148404 -0.0369165 11.8606 -5.38208e-05
1.7515 0.0147264 -0.0366336 11.8837 -5.25939e-05
1.7546 0.0146133 -0.0363529 11.9068 -5.13951e-05
1.7577 0.014501 -0.0360743 11.9299 -5.02237e-05
1.7608 0.0143896 -0.0357979 11.953 -4.90789e-05
1.7639 0.0142791 -0.0355236 11.9761 -4.79603e-05
1.767 0.0141694 -0.0352514 11.9992 -4.68673e-05
1.7701 0.0140605 -0.0349813 12.0223 -4.57992e-05
1.7732 0.0139525 -0.0347133 12.0454 -4.47554e-05
1.7763 0.0138453 -0.0344473 12.0685 -4.37355e-05
1.7794 0.0137389 -0.0341834 12.0916 -4.27389e-05
1.7825 0.0136334 -0.0339215 12.1147 -4.1765e-05
1.7856 0.0135286 -0.0336616 12.1378 -4.08133e-05
1.7887 0.0134247 -0.0334038 12.1609 -3.98834e-05
1.7918 0.0133215 -0.0331479 12.184 -3.89747e-05
1.7949 0.0132191 -0.0328939 12.2071 -3.80867e-05
1.798 0.0131176 -0.0326419 12.2302 -3.7219e-05
1.8011 0.0130168 -0.0323919 12.2533 -3.6371e-05
1.8042 0.0129167 -0.0321438 12.2764 -3.55425e-05
1.8073 0.0128175 -0.0318975 12.2994 -3.47328e-05
1.8104 0.012719 -0.0316532 12.3225 -3.39416e-05
1.8135 0.0126212 -0.0314108 12.3456 -3.31685e-05
1.8166 0.0125242 -0.0311702 12.3687 -3.2413e-05
1.8197 0.012428 -0.0309314 12.3918 -3.16748e-05
1.8228 0.0123324 -0.0306945 12.4149 -3.09534e-05
1.8259 0.0122376 -0.0304594 12.438 -3.02485e-05
1.829 0.0121436 -0.0302262 12.4611 -2.95596e-05
1.8321 0.0120502 -0.0299947 12.4842 -2.88865e-05
1.8352 0.0119576 -0.029765 12.5073 -2.82287e-05
1.8383 0.0118657 -0.029537 12.5304 -2.7586e-05
1.8414 0.0117745 -0.0293109 12.5535 -2.69579e-05
1.8445 0.011684 -0.0290864 12.5766 -2.63441e-05
1.8476 0.0115941 -0.0288637 12.5996 -2.57444e-05
1.8507 0.011505 -0.0286427 12.6227 -2.51583e-05
1.8538 0.0114166 -0.0284234 12.6458 -2.45856e-05
1.8569 0.0113288 -0.0282057 12.6689 -2.40259e-05
1.86 0.0112417 -0.0279898 12.692 -2.34791e-05
1.8631 0.0111552 -0.0277755 12.7151 -2.29447e-05
1.8662 0.0110695 -0.0275629 12.7382 -2.24225e-05
1.8693 0.0109844 -0.0273519 12.7613 -2.19122e-05
1.8724 0.0108999 -0.0271425 12.7844 -2.14136e-05
1.8755 0.0108161 -0.0269347 12.8074 -2.09263e-05
1.8786 0.0107329 -0.0267285 12.8305 -2.04501e-05
1.8817 0.0106504 -0.0265239 12.8536 -1.99848e-05
1.8848 0.0105684 -0.0263209 12.8767 -1.95302e-05
1.8879 0.0104872 -0.0261194 12.8998 -1.90859e-05
1.891 0.0104065 -0.0259195 12.9229 -1.86517e-05
1.8941 0.0103265 -0.0257212 12.946 -1.82274e-05
1.8972 0.010247 -0.0255243 12.9691 -1.78128e-05
1.9003 0.0101682 -0.025329 12.9921 -1.74077e-05
1.9034 0.01009 -0.0251352 13.0152 -1.70118e-05
1.9065 0.0100124 -0.0249428 13.0383 -1.66249e-05
1.9096 0.00993534 -0.024752 13.0614 -1.62469e-05
1.9127 0.0098589 -0.0245626 13.0845 -1.58775e-05
1.9158 0.00978305 -0.0243747 13.1076 -1.55165e-05
1.9189 0.00970778 -0.0241882 13.1307 -1.51637e-05
1.922 0.00963308 -0.0240031 13.1537 -1.4819e-05
1.9251 0.00955896 -0.0238195 13.1768 -1.44822e-05
1.9282 0.0094854 -0.0236373 13.1999 -1.4153e-05
1.9313 0.0094124 -0.0234565 13.223 -1.38313e-05
1.9344 0.00933997 -0.023277 13.2461 -1.3517e-05
1.9375 0.00926809 -0.023099 13.2692 -1.32098e-05
1.9406 0.00919675 -0.0229223 13.2922 -1.29097e-05
1.9437 0.00912597 -0.022747 13.3153 -1.26163e-05
1.9468 0.00905572 -0.0225731 13.3384 -1.23297e-05
1.9499 0.00898601 -0.0224005 13.3615 -1.20496e-05
1.953 0.00891684 -0.0222292 13.3846 -1.17759e-05
1.9561 0.00884819 -0.0220592 13.4076 -1.15085e-05
1.9592 0.00878007 -0.0218905 13.4307 -1.12471e-05
1.9623 0.00871247 -0.0217232 13.4538 -1.09917e-05
1.9654 0.00864538 -0.0215571 13.4769 -1.07421e-05
1.9685 0.00857881 -0.0213923 13.5 -1.04982e-05
1.9716 0.00851275 -0.0212288 13.523 -1.02599e-05
1.9747 0.00844719 -0.0210665 13.5461 -1.0027e-05
1.9778 0.00838214 -0.0209055 13.5692 -9.79936e-06
1.9809 0.00831758 -0.0207457 13.5923 -9.57695e-06
1.984 0.00825351 -0.0205871 13.6153 -9.35962e-06
1.9871 0.00818994 -0.0204298 13.6384 -9.14723e-06
1.9902 0.00812685 -0.0202737 13.6615 -8.93969e-06
1.9933 0.00806424 -0.0201188 13.6846 -8.73687e-06
1.9964 0.00800211 -0.0199651 13.7076 -8.53868e-06
1.9995 0.00794045 -0.0198125 13.7307 -8.34501e-06
2.0026 0.00787927 -0.0196612 13.7538 -8.15574e-06
2.0057 0.00781855 -0.019511 13.7769 -7.97079e-06
2.0088 0.0077583 -0.0193619 13.7999 -7.79006e-06
2.0119 0.00769851 -0.019214 13.823 -7.61344e-06
2.015 0.00763917 -0.0190673 13.8461 -7.44085e-06
2.0181 0.00758029 -0.0189217 13.8691 -7.27219e-06
2.0212 0.00752186 -0.0187772 13.8922 -7.10738e-06
2.0243 0.00746387 -0.0186338 13.9153 -6.94631e-06
2.0274 0.00740633 -0.0184915 13.9384 -6.78892e-06
2.0305 0.00734922 -0.0183503 13.9614 -6.63511e-06
2.0336 0.00729255 -0.0182102 13.9845 -6.48481e-06
2.0367 0.00723632 -0.0180712 14.0076 -6.33793e-06
2.0398 0.00718051 -0.0179333 14.0306 -6.1944e-06
2.0429 0.00712513 -0.0177964 14.0537 -6.05413e-06
2.046 0.00707017 -0.0176606 14.0768 -5.91706e-06
2.0491 0.00701563 -0.0175258 14.0998 -5.78311e-06
2.0522 0.00696151 -0.0173921 14.1229 -5.65221e-06
2.0553 0.0069078 -0.0172594 14.1459 -5.5243e-06
2.0584 0.0068545 -0.0171277 14.169 -5.39929e-06
2.0615 0.00680161 -0.0169971 14.1921 -5.27713e-06
2.0646 0.00674912 -0.0168674 14.2151 -5.15776e-06
2.0677 0.00669703 -0.0167388 14.2382 -5.0411e-06
2.0708 0.00664534 -0.0166111 14.2613 -4.9271e-06
2.0739 0.00659404 -0.0164844 14.2843 -4.81569e-06
2.077 0.00654313 -0.0163587 14.3074 -4.70682e-06
2.0801 0.00649261 -0.016234 14.3304 -4.60043e-06
2.0832 0.00644248 -0.0161103 14.3535 -4.49646e-06
2.0863 0.00639273 -0.0159875 14.3765 -4.39485e-06
2.0894 0.00634336 -0.0158656 14.3996 -4.29556e-06
2.0925 0.00629436 -0.0157447 14.4227 -4.19853e-06
2.0956 0.00624574 -0.0156247 14.4457 -4.10371e-06
2.0987 0.00619749 -0.0155056 14.4688 -4.01104e-06
2.1018 0.0061496 -0.0153875 14.4918 -3.92048e-06
2.1049 0.00610208 -0.0152703 14.5149 -3.83199e-06
2.108 0.00605493 -0.015154 14.5379 -3.7455e-06
2.1111 0.00600813 -0.0150385 14.561 -3.66099e-06
2.1142 0.00596169 -0.014924 14.584 -3.5784e-06
2.1173 0.0059156 -0.0148104 14.6071 -3.49768e-06
2.1204 0.00586986 -0.0146976 14.6301 -3.4188e-06
2.1235 0.00582447 -0.0145857 14.6532 -3.34172e-06
2.1266 0.00577943 -0.0144747 14.6762 -3.26639e-06
2.1297 0.00573473 -0.0143645 14.6992 -3.19277e-06
2.1328 0.00569037 -0.0142552 14.7223 -3.12083e-06
2.1359 0.00564634 -0.0141468 14.7453 -3.05052e-06
2.139 0.00560266 -0.0140391 14.7684 -2.98182e-06
2.1421 0.0055593 -0.0139323 14.7914 -2.91467e-06
2.1452 0.00551627 -0.0138264 14.8145 -2.84905e-06
2.1483 0.00547358 -0.0137212 14.8375 -2.78492e-06
2.1514 0.0054312 -0.0136169 14.8605 -2.72225e-06
2.1545 0.00538915 -0.0135134 14.8836 -2.66101e-06
2.1576 0.00534742 -0.0134106 14.9066 -2.60115e-06
2.1607 0.005306 -0.0133087 14.9296 -2.54266e-06
2.1638 0.0052649 -0.0132076 14.9527 -2.4855e-06
2.1669 0.00522412 -0.0131072 14.9757 -2.42963e-06
2.17 0.00518364 -0.0130076 14.9987 -2.37504e-06
2.1731 0.00514347 -0.0129088 15.0218 -2.32168e-06
2.1762 0.0051036 -0.0128108 15.0448 -2.26954e-06
2.1793 0.00506404 -0.0127135 15.0678 -2.21858e-06
2.1824 0.00502478 -0.012617 15.0908 -2.16878e-06
2.1855 0.00498581 -0.0125212 15.1139 -2.12011e-06
2.1886 0.00494715 -0.0124261 15.1369 -2.07255e-06
2.1917 0.00490877 -0.0123318 15.1599 -2.02606e-06
2.1948 0.00487069 -0.0122383 15.1829 -1.98063e-06
2.1979 0.00483289 -0.0121454 15.206 -1.93623e-06
2.201 0.00479539 -0.0120533 15.229 -1.89285e-06
2.2041 0.00475816 -0.0119619 15.252 -1.85044e-06
2.2072 0.00472122 -0.0118712 15.275 -1.809e-06
2.2103 0.00468456 -0.0117812 15.298 -1.7685e-06
2.2134 0.00464818 -0.0116919 15.321 -1.72892e-06
2.2165 0.00461207 -0.0116033 15.3441 -1.69023e-06
2.2196 0.00457624 -0.0115154 15.3671 -1.65243e-06
2.2227 0.00454067 -0.0114282 15.3901 -1.61548e-06
2.2258 0.00450538 -0.0113416 15.4131 -1.57937e-06
2.2289 0.00447035 -0.0112557 15.4361 -1.54408e-06
2.232 0.00443559 -0.0111705 15.4591 -1.50958e-06
2.2351 0.0044011 -0.011086 15.4821 -1.47588e-06
2.2382 0.00436686 -0.0110021 15.5051 -1.44293e-06
2.2413 0.00433288 -0.0109189 15.5281 -1.41073e-06
2.2444 0.00429916 -0.0108363 15.5511 -1.37927e-06
2.2475 0.0042657 -0.0107543 15.5741 -1.34851e-06
2.2506 0.00423249 -0.010673 15.5971 -1.31846e-06
2.2537 0.00419952 -0.0105923 15.6201 -1.28908e-06
2.2568 0.00416681 -0.0105123 15.6431 -1.26037e-06
2.2599 0.00413435 -0.0104329 15.6661 -1.23231e-06
2.263 0.00410213 -0.0103541 15.689 -1.20489e-06
2.2661 0.00407015 -0.0102759 15.712 -1.17809e-06
2.2692 0.00403842 -0.0101983 15.735 -1.15189e-06
2.2723 0.00400692 -0.0101213 15.758 -1.12629e-06
2.2754 0.00397566 -0.0100449 15.781 -1.10126e-06
2.2785 0.00394464 -0.00996915 15.804 -1.07681e-06
2.2816 0.00391385 -0.00989396 15.8269 -1.05291e-06
2.2847 0.0038833 -0.00981936 15.8499 -1.02955e-06
2.2878 0.00385297 -0.00974534 15.8729 -1.00671e-06
2.2909 0.00382288 -0.0096719 15.8959 -9.84397e-07
2.294 0.00379301 -0.00959903 15.9188 -9.62586e-07
2.2971 0.00376336 -0.00952673 15.9418 -9.41268e-07
2.3002 0.00373394 -0.009455 15.9648 -9.20433e-07
2.3033 0.00370474 -0.00938383 15.9877 -9.00069e-07
2.3064 0.00367576 -0.00931321 16.0107 -8.80165e-07
2.3095 0.003647 -0.00924315 16.0336 -8.60712e-07
2.3126 0.00361845 -0.00917363 16.0566 -8.41698e-07
2.3157 0.00359012 -0.00910466 16.0796 -8.23114e-07
2.3188 0.003562 -0.00903623 16.1025 -8.0495e-07
2.3219 0.0035341 -0.00896834 16.1255 -7.87197e-07
2.325 0.0035064 -0.00890098 16.1484 -7.69844e-07
2.3281 0.00347891 -0.00883414 16.1713 -7.52884e-07
2.3312 0.00345163 -0.00876783 16.1943 -7.36306e-07
2.3343 0.00342455 -0.00870204 16.2172 -7.20103e-07
2.3374 0.00339767 -0.00863677 16.2402 -7.04266e-07
2.3405 0.003371 -0.00857201 16.2631 -6.88786e-07
2.3436 0.00334453 -0.00850775 16.286 -6.73656e-07
2.3467 0.00331825 -0.008444 16.309 -6.58867e-07
2.3498 0.00329217 -0.00838076 16.3319 -6.44412e-07
2.3529 0.00326629 -0.00831801 16.3548 -6.30283e-07
2.356 0.0032406 -0.00825575 16.3777 -6.16473e-07
2.3591 0.0032151 -0.00819398 16.4007 -6.02974e-07
2.3622 0.0031898 -0.0081327 16.4236 -5.89779e-07
2.3653 0.00316468 -0.0080719 16.4465 -5.76882e-07
2.3684 0.00313975 -0.00801158 16.4694 -5.64276e-07
2.3715 0.00311501 -0.00795174 16.4923 -5.51953e-07
2.3746 0.00309045 -0.00789236 16.5152 -5.39909e-07
2.3777 0.00306608 -0.00783346 16.5381 -5.28135e-07
2.3808 0.00304188 -0.00777502 16.561 -5.16627e-07
2.3839 0.00301787 -0.00771704 16.5839 -5.05378e-07
2.387 0.00299404 -0.00765952 16.6068 -4.94382e-07
2.3901 0.00297038 -0.00760245 16.6297 -4.83634e-07
2.3932 0.0029469 -0.00754584 16.6526 -4.73127e-07
2.3963 0.0029236 -0.00748967 16.6754 -4.62857e-07
2.3994 0.00290046 -0.00743395 16.6983 -4.52818e-07
2.4025 0.00287751 -0.00737866 16.7212 -4.43004e-07
2.4056 0.00285472 -0.00732382 16.7441 -4.33412e-07
2.4087 0.0028321 -0.00726941 16.7669 -4.24035e-07
2.4118 0.00280965 -0.00721543 16.7898 -4.14868e-07
2.4149 0.00278736 -0.00716188 16.8127 -4.05908e-07
2.418 0.00276524 -0.00710875 16.8355 -3.97149e-07
2.4211 0.00274329 -0.00705605 16.8584 -3.88587e-07
2.4242 0.00272149 -0.00700376 16.8812 -3.80217e-07
2.4273 0.00269986 -0.00695189 16.9041 -3.72034e-07
2.4304 0.00267839 -0.00690043 16.9269 -3.64036e-07
2.4335 0.00265708 -0.00684938 16.9498 -3.56217e-07
2.4366 0.00263592 -0.00679874 16.9726 -3.48573e-07
2.4397 0.00261493 -0.0067485 16.9954 -3.41101e-07
2.4428 0.00259408 -0.00669866 17.0183 -3.33796e-07
2.4459 0.00257339 -0.00664922 17.0411 -3.26655e-07
2.449 0.00255286 -0.00660017 17.0639 -3.19674e-07
2.4521 0.00253247 -0.00655152 17.0867 -3.1285e-07
2.4552 0.00251224 -0.00650325 17.1095 -3.06178e-07
2.4583 0.00249215 -0.00645537 17.1323 -2.99656e-07
2.4614 0.00247221 -0.00640787 17.1551 -2.93279e-07
2.4645 0.00245242 -0.00636075 17.1779 -2.87046e-07
2.4676 0.00243278 -0.00631401 17.2007 -2.80952e-07
2.4707 0.00241328 -0.00626764 17.2235 -2.74994e-07
2.4738 0.00239392 -0.00622165 17.2463 -2.69169e-07
2.4769 0.0023747 -0.00617602 17.2691 -2.63475e-07
2.48 0.00235563 -0.00613076 17.2919 -2.57908e-07
2.4831 0.00233669 -0.00608587 17.3146 -2.52465e-07
2.4862 0.00231789 -0.00604133 17.3374 -2.47144e-07
2.4893 0.00229923 -0.00599716 17.3602 -2.41941e-07
2.4924 0.00228071 -0.00595334 17.3829 -2.36855e-07
2.4955 0.00226232 -0.00590987 17.4057 -2.31882e-07
2.4986 0.00224407 -0.00586675 17.4284 -2.2702e-07
2.5017 0.00222595 -0.00582399 17.4512 -2.22266e-07
2.5048 0.00220796 -0.00578156 17.4739 -2.17618e-07
2.5079 0.0021901 -0.00573948 17.4966 -2.13074e-07
2.511 0.00217237 -0.00569774 17.5194 -2.08631e-07
2.5141 0.00215478 -0.00565634 17.5421 -2.04287e-07
2.5172 0.00213731 -0.00561528 17.5648 -2.0004e-07
2.5203 0.00211996 -0.00557454 17.5875 -1.95888e-07
2.5234 0.00210274 -0.00553414 17.6102 -1.91827e-07
2.5265 0.00208565 -0.00549407 17.6329 -1.87858e-07
2.5296 0.00206868 -0.00545432 17.6556 -1.83976e-07
2.5327 0.00205183 -0.00541489 17.6783 -1.80182e-07
2.5358 0.00203511 -0.00537579 17.701 -1.76472e-07
2.5389 0.0020185 -0.00533701 17.7236 -1.72844e-07
2.542 0.00200202 -0.00529854 17.7463 -1.69297e-07
2.5451 0.00198565 -0.00526039 17.769 -1.65829e-07
2.5482 0.0019694 -0.00522254 17.7916 -1.62438e-07
2.5513 0.00195327 -0.00518501 17.8143 -1.59122e-07
2.5544 0.00193725 -0.00514779 17.8369 -1.55879e-07
2.5575 0.00192135 -0.00511087 17.8595 -1.52709e-07
2.5606 0.00190557 -0.00507425 17.8822 -1.49609e-07
2.5637 0.00188989 -0.00503794 17.9048 -1.46577e-07
2.5668 0.00187433 -0.00500192 17.9274 -1.43613e-07
2.5699 0.00185888 -0.00496621 17.95 -1.40715e-07
2.573 0.00184354 -0.00493078 17.9726 -1.3788e-07
2.5761 0.00182831 -0.00489565 17.9952 -1.35109e-07
2.5792 0.00181319 -0.00486081 18.0178 -1.32399e-07
2.5823 0.00179817 -0.00482626 18.0404 -1.29748e-07
2.5854 0.00178326 -0.00479199 18.063 -1.27157e-07
2.5885 0.00176846 -0.00475801 18.0855 -1.24623e-07
2.5916 0.00175376 -0.00472431 18.1081 -1.22144e-07
2.5947 0.00173917 -0.00469089 18.1307 -1.19721e-07
2.5978 0.00172468 -0.00465774 18.1532 -1.17351e-07
2.6009 0.00171029 -0.00462488 18.1757 -1.15033e-07
2.604 0.00169601 -0.00459229 18.1983 -1.12767e-07
2.6071 0.00168182 -0.00455997 18.2208 -1.1055e-07
2.6102 0.00166773 -0.00452792 18.2433 -1.08383e-07
2.6133 0.00165375 -0.00449614 18.2658 -1.06263e-07
2.6164 0.00163986 -0.00446463 18.2883 -1.0419e-07
2.6195 0.00162607 -0.00443338 18.3108 -1.02163e-07
2.6226 0.00161237 -0.0044024 18.3333 -1.00181e-07
2.6257 0.00159877 -0.00437167 18.3558 -9.82419e-08
2.6288 0.00158527 -0.00434121 18.3783 -9.63458e-08
2.6319 0.00157185 -0.004311 18.4007 -9.44915e-08
2.635 0.00155854 -0.00428105 18.4232 -9.2678e-08
2.6381 0.00154531 -0.00425135 18.4456 -9.09044e-08
2.6412 0.00153218 -0.00422191 18.468 -8.91699e-08
2.6443 0.00151914 -0.00419271 18.4905 -8.74735e-08
2.6474 0.00150618 -0.00416377 18.5129 -8.58145e-08
2.6505 0.00149332 -0.00413507 18.5353 -8.4192e-08
2.6536 0.00148055 -0.00410662 18.5577 -8.26051e-08
2.6567 0.00146786 -0.00407841 18.5801 -8.10531e-08
2.6598 0.00145526 -0.00405044 18.6025 -7.95353e-08
2.6629 0.00144275 -0.00402271 18.6249 -7.80508e-08
2.666 0.00143032 -0.00399522 18.6472 -7.6599e-08
2.6691 0.00141798 -0.00396797 18.6696 -7.5179e-08
2.6722 0.00140572 -0.00394095 18.6919 -7.37903e-08
2.6753 0.00139354 -0.00391417 18.7143 -7.24321e-08
2.6784 0.00138145 -0.00388762 18.7366 -7.11037e-08
2.6815 0.00136944 -0.0038613 18.7589 -6.98045e-08
2.6846 0.00135751 -0.00383521 18.7812 -6.85339e-08
2.6877 0.00134566 -0.00380934 18.8035 -6.72912e-08
2.6908 0.00133389 -0.00378371 18.8258 -6.60758e-08
2.6939 0.0013222 -0.00375829 18.8481 -6.48871e-08
2.697 0.00131059 -0.0037331 18.8704 -6.37245e-08
2.7001 0.00129905 -0.00370814 18.8926 -6.25874e-08
2.7032 0.0012876 -0.00368339 18.9149 -6.14754e-08
2.7063 0.00127622 -0.00365886 18.9371 -6.03878e-08
2.7094 0.00126491 -0.00363454 18.9593 -5.93241e-08
2.7125 0.00125368 -0.00361045 18.9816 -5.82838e-08
2.7156 0.00124253 -0.00358656 19.0038 -5.72664e-08
2.7187 0.00123145 -0.00356289 19.026 -5.62713e-08
2.7218 0.00122044 -0.00353943 19.0482 -5.52982e-08
2.7249 0.0012095 -0.00351618 19.0704 -5.43465e-08
2.728 0.00119864 -0.00349314 19.0925 -5.34158e-08
2.7311 0.00118784 -0.00347031 19.1147 -5.25056e-08
2.7342 0.00117712 -0.00344768 19.1368 -5.16154e-08
2.7373 0.00116647 -0.00342526 19.159 -5.07449e-08
2.7404 0.00115588 -0.00340304 19.1811 -4.98936e-08
2.7435 0.00114537 -0.00338102 19.2032 -4.90612e-08
2.7466 0.00113492 -0.0033592 19.2253 -4.82471e-08
2.7497 0.00112454 -0.00333758 19.2474 -4.7451e-08
2.7528 0.00111423 -0.00331616 19.2695 -4.66726e-08
2.7559 0.00110398 -0.00329494 19.2916 -4.59114e-08
2.759 0.0010938 -0.00327391 19.3137 -4.51672e-08
2.7621 0.00108368 -0.00325308 19.3357 -4.44394e-08
2.7652 0.00107363 -0.00323244 19.3578 -4.37279e-08
2.7683 0.00106364 -0.00321199 19.3798 -4.30321e-08
2.7714 0.00105372 -0.00319173 19.4019 -4.2352e-08
2.7745 0.00104385 -0.00317166 19.4239 -4.16869e-08
2.7776 0.00103405 -0.00315178 19.4459 -4.10368e-08
2.7807 0.00102431 -0.00313209 19.4679 -4.04013e-08
2.7838 0.00101463 -0.00311258 19.4899 -3.978e-08
2.7869 0.00100501 -0.00309325 19.5119 -3.91726e-08
2.79 0.000995454 -0.00307411 19.5338 -3.8579e-08
2.7931 0.000985953 -0.00305516 19.5558 -3.79987e-08
2.7962 0.000976512 -0.00303638 19.5777 -3.74316e-08
2.7993 0.000967128 -0.00301778 19.5997 -3.68774e-08
2.8024 0.000957801 -0.00299937 19.6216 -3.63358e-08
2.8055 0.000948531 -0.00298113 19.6435 -3.58065e-08
2.8086 0.000939318 -0.00296306 19.6655 -3.52893e-08
2.8117 0.00093016 -0.00294518 19.6874 -3.4784e-08
2.8148 0.000921058 -0.00292746 19.7093 -3.42903e-08
2.8179 0.00091201 -0.00290993 19.7312 -3.38081e-08
2.821 0.000903016 -0.00289256 19.753 -3.3337e-08
2.8241 0.000894076 -0.00287537 19.7749 -3.28768e-08
2.8272 0.000885189 -0.00285834 19.7968 -3.24275e-08
2.8303 0.000876354 -0.00284149 19.8186 -3.19886e-08
2.8334 0.000867571 -0.0028248 19.8405 -3.15601e-08
2.8365 0.00085884 -0.00280828 19.8623 -3.11418e-08
2.8396 0.00085016 -0.00279193 19.8842 -3.07334e-08
2.8427 0.00084153 -0.00277575 19.906 -3.03349e-08
2.8458 0.00083295 -0.00275973 19.9278 -2.99459e-08
2.8489 0.000824419 -0.00274387 19.9497 -2.95663e-08
2.852 0.000815938 -0.00272817 19.9715 -2.9196e-08
2.8551 0.000807504 -0.00271264 19.9933 -2.88347e-08
2.8582 0.000799119 -0.00269727 20.0151 -2.84824e-08
2.8613 0.000790781 -0.00268206 20.0369 -2.81389e-08
2.8644 0.00078249 -0.002667 20.0587 -2.7804e-08
2.8675 0.000774246 -0.00265211 20.0805 -2.74776e-08
2.8706 0.000766047 -0.00263737 20.1023 -2.71595e-08
2.8737 0.000757894 -0.00262279 20.124 -2.68496e-08
2.8768 0.000749786 -0.00260837 20.1458 -2.65478e-08
2.8799 0.000741722 -0.00259409 20.1676 -2.6254e-08
2.883 0.000733702 -0.00257998 20.1894 -2.59679e-08
2.8861 0.000725726 -0.00256601 20.2112 -2.56895e-08
2.8892 0.000717793 -0.0025522 20.233 -2.54188e-08
2.8923 0.000709902 -0.00253854 20.2548 -2.51555e-08
2.8954 0.000702053 -0.00252503 20.2765 -2.48995e-08
2.8985 0.000694247 -0.00251167 20.2983 -2.46508e-08
2.9016 0.000686481 -0.00249846 20.3201 -2.44093e-08
2.9047 0.000678756 -0.0024854 20.3419 -2.41749e-08
2.9078 0.000671071 -0.00247249 20.3637 -2.39475e-08
2.9109 0.000663426 -0.00245972 20.3856 -2.37269e-08
2.914 0.000655821 -0.0024471 20.4074 -2.35132e-08
2.9171 0.000648254 -0.00243462 20.4292 -2.33062e-08
2.9202 0.000640726 -0.00242229 20.451 -2.31058e-08
2.9233 0.000633236 -0.0024101 20.4729 -2.29121e-08
2.9264 0.000625783 -0.00239805 20.4948 -2.27249e-08
2.9295 0.000618368 -0.00238615 20.5166 -2.25442e-08
2.9326 0.000610989 -0.00237438 20.5385 -2.23698e-08
2.9357 0.000603646 -0.00236276 20.5604 -2.22019e-08
2.9388 0.00059634 -0.00235128 20.5823 -2.20403e-08
2.9419 0.000589068 -0.00233994 20.6043 -2.18849e-08
2.945 0.000581832 -0.00232874 20.6262 -2.17358e-08
2.9481 0.00057463 -0.00231767 20.6482 -2.15929e-08
2.9512 0.000567462 -0.00230674 20.6702 -2.14562e-08
2.9543 0.000560328 -0.00229595 20.6922 -2.13257e-08
2.9574 0.000553227 -0.0022853 20.7143 -2.12012e-08
2.9605 0.000546159 -0.00227478 20.7364 -2.1083e-08
2.9636 0.000539123 -0.0022644 20.7585 -2.09708e-08
2.9667 0.00053212 -0.00225415 20.7807 -2.08647e-08
2.9698 0.000525148 -0.00224403 20.8028 -2.07648e-08
2.9729 0.000518207 -0.00223405 20.8251 -2.06709e-08
2.976 0.000511296 -0.0022242 20.8473 -2.05833e-08
2.9791 0.000504416 -0.00221448 20.8696 -2.05017e-08
2.9822 0.000497566 -0.00220489 20.892 -2.04264e-08
2.9853 0.000490746 -0.00219544 20.9144 -2.03573e-08
2.9884 0.000483955 -0.00218611 20.9368 -2.02945e-08
2.9915 0.000477192 -0.00217692 20.9593 -2.02379e-08
2.9946 0.000470458 -0.00216785 20.9819 -2.01878e-08
2.9977 0.000463751 -0.00215891 21.0045 -2.0144e-08
3.0008 0.000457072 -0.0021501 21.0272 -2.01068e-08
3.0039 0.00045042 -0.00214142 21.0499 -2.00761e-08
3.007 0.000443795 -0.00213286 21.0728 -2.00521e-08
3.0101 0.000437196 -0.00212443 21.0957 -2.00349e-08
3.0132 0.000430624 -0.00211613 21.1187 -2.00246e-08
3.0163 0.000424076 -0.00210795 21.1417 -2.00212e-08
3.0194 0.000417554 -0.0020999 21.1649 -2.0025e-08
3.0225 0.000411057 -0.00209197 21.1881 -2.00361e-08
3.0256 0.000404584 -0.00208417 21.2115 -2.00546e-08
3.0287 0.000398135 -0.00207649 21.2349 -2.00807e-08
3.0318 0.00039171 -0.00206893 21.2585 -2.01146e-08
3.0349 0.000385307 -0.0020615 21.2822 -2.01565e-08
3.038 0.000378928 -0.00205418 21.306 -2.02066e-08
3.0411 0.000372571 -0.00204699 21.3299 -2.02651e-08
3.0442 0.000366237 -0.00203992 21.354 -2.03323e-08
3.0473 0.000359924 -0.00203298 21.3782 -2.04085e-08
3.0504 0.000353632 -0.00202615 21.4025 -2.0494e-08
3.0535 0.000347361 -0.00201944 21.4271 -2.05891e-08
3.0566 0.000341111 -0.00201286 21.4517 -2.06941e-08
3.0597 0.000334882 -0.00200639 21.4766 -2.08094e-08
3.0628 0.000328672 -0.00200004 21.5017 -2.09355e-08
3.0659 0.000322481 -0.00199381 21.5269 -2.10728e-08
3.069 0.00031631 -0.0019877 21.5524 -2.12217e-08
3.0721 0.000310157 -0.0019817 21.5781 -2.13828e-08
3.0752 0.000304023 -0.00197583 21.604 -2.15566e-08
3.0783 0.000297907 -0.00197007 21.6301 -2.17438e-08
3.0814 0.000291809 -0.00196442 21.6566 -2.1945e-08
3.0845 0.000285728 -0.0019589 21.6833 -2.21609e-08
3.0876 0.000279663 -0.00195349 21.7102 -2.23924e-08
3.0907 0.000273616 -0.0019482 21.7375 -2.26403e-08
3.0938 0.000267584 -0.00194302 21.7651 -2.29054e-08
3.0969 0.000261569 -0.00193795 21.7931 -2.31889e-08
3.1 0.000255569 -0.00193301 21.8214 -2.34919e-08
