-22.4 4.20804 -0.0663514 -4.99481
-22.3776 4.20655 -0.0663876 -4.99375
-22.3552 4.20507 -0.0664239 -4.99269
-22.3328 4.20358 -0.0664603 -4.99162
-22.3104 4.20209 -0.0664968 -4.99056
-22.288 4.2006 -0.0665333 -4.9895
-22.2656 4.19911 -0.0665699 -4.98843
-22.2432 4.19762 -0.0666065 -4.98737
-22.2208 4.19612 -0.0666432 -4.9863
-22.1984 4.19463 -0.06668 -4.98523
-22.176 4.19314 -0.0667168 -4.98416
-22.1536 4.19164 -0.0667537 -4.98309
-22.1312 4.19015 -0.0667907 -4.98202
-22.1088 4.18865 -0.0668277 -4.98095
-22.0864 4.18715 -0.0668648 -4.97988
-22.064 4.18565 -0.066902 -4.9788
-22.0416 4.18416 -0.0669392 -4.97773
-22.0192 4.18266 -0.0669765 -4.97665
-21.9968 4.18115 -0.0670139 -4.97558
-21.9744 4.17965 -0.0670513 -4.9745
-21.952 4.17815 -0.0670889 -4.97342
-21.9296 4.17665 -0.0671264 -4.97234
-21.9072 4.17514 -0.0671641 -4.97126
-21.8848 4.17364 -0.0672018 -4.97018
-21.8624 4.17213 -0.0672395 -4.9691
-21.84 4.17063 -0.0672774 -4.96801
-21.8176 4.16912 -0.0673153 -4.96693
-21.7952 4.16761 -0.0673533 -4.96584
-21.7728 4.1661 -0.0673913 -4.96476
-21.7504 4.16459 -0.0674294 -4.96367
-21.728 4.16308 -0.0674676 -4.96258
-21.7056 4.16157 -0.0675059 -4.96149
-21.6832 4.16006 -0.0675442 -4.9604
-21.6608 4.15854 -0.0675826 -4.95931
-21.6384 4.15703 -0.0676211 -4.95822
-21.616 4.15551 -0.0676596 -4.95712
-21.5936 4.154 -0.0676982 -4.95603
-21.5712 4.15248 -0.0677369 -4.95493
-21.5488 4.15096 -0.0677756 -4.95384
-21.5264 4.14944 -0.0678145 -4.95274
-21.504 4.14792 -0.0678534 -4.95164
-21.4816 4.1464 -0.0678923 -4.95054
-21.4592 4.14488 -0.0679313 -4.94944
-21.4368 4.14336 -0.0679705 -4.94834
-21.4144 4.14184 -0.0680096 -4.94723
-21.392 4.14031 -0.0680489 -4.94613
-21.3696 4.13879 -0.0680882 -4.94502
-21.3472 4.13726 -0.0681276 -4.94392
-21.3248 4.13574 -0.0681671 -4.94281
-21.3024 4.13421 -0.0682066 -4.9417
-21.28 4.13268 -0.0682462 -4.94059
-21.2576 4.13115 -0.0682859 -4.93948
-21.2352 4.12962 -0.0683257 -4.93837
-21.2128 4.12809 -0.0683655 -4.93726
-21.1904 4.12656 -0.0684054 -4.93615
-21.168 4.12503 -0.0684454 -4.93503
-21.1456 4.12349 -0.0684854 -4.93392
-21.1232 4.12196 -0.0685256 -4.9328
-21.1008 4.12042 -0.0685658 -4.93168
-21.0784 4.11889 -0.068606 -4.93056
-21.056 4.11735 -0.0686464 -4.92944
-21.0336 4.11581 -0.0686868 -4.92832
-21.0112 4.11427 -0.0687273 -4.9272
-20.9888 4.11273 -0.0687679 -4.92608
-20.9664 4.11119 -0.0688086 -4.92495
-20.944 4.10965 -0.0688493 -4.92383
-20.9216 4.10811 -0.0688901 -4.9227
-20.8992 4.10656 -0.068931 -4.92157
-20.8768 4.10502 -0.068972 -4.92044
-20.8544 4.10347 -0.069013 -4.91932
-20.832 4.10193 -0.0690541 -4.91818
-20.8096 4.10038 -0.0690953 -4.91705
-20.7872 4.09883 -0.0691366 -4.91592
-20.7648 4.09728 -0.0691779 -4.91479
-20.7424 4.09573 -0.0692194 -4.91365
-20.72 4.09418 -0.0692609 -4.91251
-20.6976 4.09263 -0.0693025 -4.91138
-20.6752 4.09108 -0.0693441 -4.91024
-20.6528 4.08952 -0.0693859 -4.9091
-20.6304 4.08797 -0.0694277 -4.90796
-20.608 4.08641 -0.0694696 -4.90682
-20.5856 4.08486 -0.0695116 -4.90567
-20.5632 4.0833 -0.0695537 -4.90453
-20.5408 4.08174 -0.0695958 -4.90338
-20.5184 4.08018 -0.069638 -4.90224
-20.496 4.07862 -0.0696803 -4.90109
-20.4736 4.07706 -0.0697227 -4.89994
-20.4512 4.0755 -0.0697652 -4.89879
-20.4288 4.07393 -0.0698077 -4.89764
-20.4064 4.07237 -0.0698504 -4.89649
-20.384 4.0708 -0.0698931 -4.89533
-20.3616 4.06924 -0.0699359 -4.89418
-20.3392 4.06767 -0.0699788 -4.89303
-20.3168 4.0661 -0.0700217 -4.89187
-20.2944 4.06453 -0.0700648 -4.89071
-20.272 4.06296 -0.0701079 -4.88955
-20.2496 4.06139 -0.0701511 -4.88839
-20.2272 4.05982 -0.0701944 -4.88723
-20.2048 4.05825 -0.0702378 -4.88607
-20.1824 4.05668 -0.0702812 -4.8849
-20.16 4.0551 -0.0703248 -4.88374
-20.1376 4.05352 -0.0703684 -4.88257
-20.1152 4.05195 -0.0704121 -4.88141
-20.0928 4.05037 -0.0704559 -4.88024
-20.0704 4.04879 -0.0704998 -4.87907
-20.048 4.04721 -0.0705438 -4.8779
-20.0256 4.04563 -0.0705879 -4.87673
-20.0032 4.04405 -0.070632 -4.87555
-19.9808 4.04247 -0.0706762 -4.87438
-19.9584 4.04088 -0.0707205 -4.8732
-19.936 4.0393 -0.070765 -4.87203
-19.9136 4.03771 -0.0708094 -4.87085
-19.8912 4.03613 -0.070854 -4.86967
-19.8688 4.03454 -0.0708987 -4.86849
-19.8464 4.03295 -0.0709434 -4.86731
-19.824 4.03136 -0.0709883 -4.86612
-19.8016 4.02977 -0.0710332 -4.86494
-19.7792 4.02818 -0.0710782 -4.86375
-19.7568 4.02659 -0.0711234 -4.86257
-19.7344 4.02499 -0.0711685 -4.86138
-19.712 4.0234 -0.0712138 -4.86019
-19.6896 4.0218 -0.0712592 -4.859
-19.6672 4.0202 -0.0713047 -4.85781
-19.6448 4.01861 -0.0713502 -4.85662
-19.6224 4.01701 -0.0713959 -4.85542
-19.6 4.01541 -0.0714416 -4.85423
-19.5776 4.01381 -0.0714875 -4.85303
-19.5552 4.01221 -0.0715334 -4.85184
-19.5328 4.0106 -0.0715794 -4.85064
-19.5104 4.009 -0.0716255 -4.84944
-19.488 4.00739 -0.0716717 -4.84824
-19.4656 4.00579 -0.071718 -4.84703
-19.4432 4.00418 -0.0717644 -4.84583
-19.4208 4.00257 -0.0718109 -4.84462
-19.3984 4.00096 -0.0718574 -4.84342
-19.376 3.99935 -0.0719041 -4.84221
-19.3536 3.99774 -0.0719509 -4.841
-19.3312 3.99613 -0.0719977 -4.83979
-19.3088 3.99452 -0.0720447 -4.83858
-19.2864 3.9929 -0.0720917 -4.83737
-19.264 3.99129 -0.0721389 -4.83615
-19.2416 3.98967 -0.0721861 -4.83494
-19.2192 3.98805 -0.0722334 -4.83372
-19.1968 3.98644 -0.0722808 -4.8325
-19.1744 3.98482 -0.0723284 -4.83128
-19.152 3.98319 -0.072376 -4.83006
-19.1296 3.98157 -0.0724237 -4.82884
-19.1072 3.97995 -0.0724715 -4.82762
-19.0848 3.97833 -0.0725194 -4.82639
-19.0624 3.9767 -0.0725674 -4.82517
-19.04 3.97508 -0.0726155 -4.82394
-19.0176 3.97345 -0.0726637 -4.82271
-18.9952 3.97182 -0.0727121 -4.82148
-18.9728 3.97019 -0.0727605 -4.82025
-18.9504 3.96856 -0.072809 -4.81902
-18.928 3.96693 -0.0728576 -4.81779
-18.9056 3.9653 -0.0729063 -4.81655
-18.8832 3.96366 -0.0729551 -4.81532
-18.8608 3.96203 -0.073004 -4.81408
-18.8384 3.96039 -0.073053 -4.81284
-18.816 3.95876 -0.0731021 -4.8116
-18.7936 3.95712 -0.0731513 -4.81036
-18.7712 3.95548 -0.0732006 -4.80911
-18.7488 3.95384 -0.07325 -4.80787
-18.7264 3.9522 -0.0732995 -4.80662
-18.704 3.95055 -0.0733492 -4.80538
-18.6816 3.94891 -0.0733989 -4.80413
-18.6592 3.94727 -0.0734487 -4.80288
-18.6368 3.94562 -0.0734986 -4.80163
-18.6144 3.94397 -0.0735487 -4.80038
-18.592 3.94232 -0.0735988 -4.79912
-18.5696 3.94068 -0.073649 -4.79787
-18.5472 3.93903 -0.0736994 -4.79661
-18.5248 3.93737 -0.0737498 -4.79535
-18.5024 3.93572 -0.0738004 -4.79409
-18.48 3.93407 -0.0738511 -4.79283
-18.4576 3.93241 -0.0739018 -4.79157
-18.4352 3.93076 -0.0739527 -4.79031
-18.4128 3.9291 -0.0740037 -4.78904
-18.3904 3.92744 -0.0740548 -4.78777
-18.368 3.92578 -0.074106 -4.78651
-18.3456 3.92412 -0.0741573 -4.78524
-18.3232 3.92246 -0.0742087 -4.78397
-18.3008 3.9208 -0.0742603 -4.78269
-18.2784 3.91913 -0.0743119 -4.78142
-18.256 3.91747 -0.0743637 -4.78015
-18.2336 3.9158 -0.0744155 -4.77887
-18.2112 3.91413 -0.0744675 -4.77759
-18.1888 3.91247 -0.0745196 -4.77631
-18.1664 3.9108 -0.0745717 -4.77503
-18.144 3.90912 -0.074624 -4.77375
-18.1216 3.90745 -0.0746765 -4.77247
-18.0992 3.90578 -0.074729 -4.77118
-18.0768 3.9041 -0.0747816 -4.76989
-18.0544 3.90243 -0.0748344 -4.76861
-18.032 3.90075 -0.0748872 -4.76732
-18.0096 3.89907 -0.0749402 -4.76603
-17.9872 3.89739 -0.0749933 -4.76473
-17.9648 3.89571 -0.0750465 -4.76344
-17.9424 3.89403 -0.0750999 -4.76214
-17.92 3.89235 -0.0751533 -4.76085
-17.8976 3.89067 -0.0752068 -4.75955
-17.8752 3.88898 -0.0752605 -4.75825
-17.8528 3.88729 -0.0753143 -4.75695
-17.8304 3.88561 -0.0753682 -4.75565
-17.808 3.88392 -0.0754222 -4.75434
-17.7856 3.88223 -0.0754764 -4.75304
-17.7632 3.88054 -0.0755306 -4.75173
-17.7408 3.87884 -0.075585 -4.75042
-17.7184 3.87715 -0.0756395 -4.74911
-17.696 3.87545 -0.0756941 -4.7478
-17.6736 3.87376 -0.0757488 -4.74648
-17.6512 3.87206 -0.0758037 -4.74517
-17.6288 3.87036 -0.0758587 -4.74385
-17.6064 3.86866 -0.0759137 -4.74254
-17.584 3.86696 -0.075969 -4.74122
-17.5616 3.86526 -0.0760243 -4.73989
-17.5392 3.86356 -0.0760798 -4.73857
-17.5168 3.86185 -0.0761353 -4.73725
-17.4944 3.86015 -0.076191 -4.73592
-17.472 3.85844 -0.0762469 -4.7346
-17.4496 3.85673 -0.0763028 -4.73327
-17.4272 3.85502 -0.0763589 -4.73194
-17.4048 3.85331 -0.0764151 -4.7306
-17.3824 3.8516 -0.0764714 -4.72927
-17.36 3.84988 -0.0765279 -4.72794
-17.3376 3.84817 -0.0765844 -4.7266
-17.3152 3.84645 -0.0766411 -4.72526
-17.2928 3.84473 -0.076698 -4.72392
-17.2704 3.84302 -0.0767549 -4.72258
-17.248 3.8413 -0.076812 -4.72124
-17.2256 3.83957 -0.0768692 -4.71989
-17.2032 3.83785 -0.0769266 -4.71855
-17.1808 3.83613 -0.076984 -4.7172
-17.1584 3.8344 -0.0770416 -4.71585
-17.136 3.83268 -0.0770993 -4.7145
-17.1136 3.83095 -0.0771572 -4.71314
-17.0912 3.82922 -0.0772152 -4.71179
-17.0688 3.82749 -0.0772733 -4.71043
-17.0464 3.82576 -0.0773316 -4.70908
-17.024 3.82403 -0.0773899 -4.70772
-17.0016 3.82229 -0.0774485 -4.70636
-16.9792 3.82056 -0.0775071 -4.70499
-16.9568 3.81882 -0.0775659 -4.70363
-16.9344 3.81708 -0.0776248 -4.70226
-16.912 3.81534 -0.0776839 -4.7009
-16.8896 3.8136 -0.077743 -4.69953
-16.8672 3.81186 -0.0778024 -4.69816
-16.8448 3.81011 -0.0778618 -4.69678
-16.8224 3.80837 -0.0779214 -4.69541
-16.8 3.80662 -0.0779811 -4.69403
-16.7776 3.80488 -0.078041 -4.69266
-16.7552 3.80313 -0.078101 -4.69128
-16.7328 3.80138 -0.0781611 -4.6899
-16.7104 3.79963 -0.0782214 -4.68851
-16.688 3.79787 -0.0782818 -4.68713
-16.6656 3.79612 -0.0783424 -4.68574
-16.6432 3.79436 -0.0784031 -4.68436
-16.6208 3.79261 -0.0784639 -4.68297
-16.5984 3.79085 -0.0785249 -4.68158
-16.576 3.78909 -0.078586 -4.68018
-16.5536 3.78733 -0.0786473 -4.67879
-16.5312 3.78557 -0.0787087 -4.67739
-16.5088 3.7838 -0.0787703 -4.67599
-16.4864 3.78204 -0.078832 -4.67459
-16.464 3.78027 -0.0788938 -4.67319
-16.4416 3.7785 -0.0789558 -4.67179
-16.4192 3.77673 -0.0790179 -4.67038
-16.3968 3.77496 -0.0790802 -4.66898
-16.3744 3.77319 -0.0791426 -4.66757
-16.352 3.77142 -0.0792052 -4.66616
-16.3296 3.76964 -0.0792679 -4.66474
-16.3072 3.76786 -0.0793307 -4.66333
-16.2848 3.76609 -0.0793938 -4.66192
-16.2624 3.76431 -0.0794569 -4.6605
-16.24 3.76253 -0.0795202 -4.65908
-16.2176 3.76075 -0.0795837 -4.65766
-16.1952 3.75896 -0.0796473 -4.65623
-16.1728 3.75718 -0.0797111 -4.65481
-16.1504 3.75539 -0.079775 -4.65338
-16.128 3.7536 -0.079839 -4.65195
-16.1056 3.75181 -0.0799032 -4.65052
-16.0832 3.75002 -0.0799676 -4.64909
-16.0608 3.74823 -0.0800321 -4.64766
-16.0384 3.74644 -0.0800968 -4.64622
-16.016 3.74464 -0.0801617 -4.64478
-15.9936 3.74285 -0.0802266 -4.64334
-15.9712 3.74105 -0.0802918 -4.6419
-15.9488 3.73925 -0.0803571 -4.64046
-15.9264 3.73745 -0.0804226 -4.63901
-15.904 3.73565 -0.0804882 -4.63757
-15.8816 3.73384 -0.0805539 -4.63612
-15.8592 3.73204 -0.0806199 -4.63467
-15.8368 3.73023 -0.080686 -4.63322
-15.8144 3.72842 -0.0807522 -4.63176
-15.792 3.72661 -0.0808186 -4.6303
-15.7696 3.7248 -0.0808852 -4.62885
-15.7472 3.72299 -0.080952 -4.62739
-15.7248 3.72118 -0.0810189 -4.62592
-15.7024 3.71936 -0.0810859 -4.62446
-15.68 3.71754 -0.0811532 -4.62299
-15.6576 3.71572 -0.0812206 -4.62152
-15.6352 3.7139 -0.0812881 -4.62006
-15.6128 3.71208 -0.0813558 -4.61858
-15.5904 3.71026 -0.0814237 -4.61711
-15.568 3.70844 -0.0814918 -4.61563
-15.5456 3.70661 -0.08156 -4.61416
-15.5232 3.70478 -0.0816284 -4.61268
-15.5008 3.70295 -0.081697 -4.61119
-15.4784 3.70112 -0.0817657 -4.60971
-15.456 3.69929 -0.0818346 -4.60823
-15.4336 3.69746 -0.0819037 -4.60674
-15.4112 3.69562 -0.0819729 -4.60525
-15.3888 3.69378 -0.0820424 -4.60376
-15.3664 3.69194 -0.082112 -4.60226
-15.344 3.6901 -0.0821817 -4.60077
-15.3216 3.68826 -0.0822517 -4.59927
-15.2992 3.68642 -0.0823218 -4.59777
-15.2768 3.68457 -0.0823921 -4.59627
-15.2544 3.68273 -0.0824625 -4.59476
-15.232 3.68088 -0.0825332 -4.59326
-15.2096 3.67903 -0.082604 -4.59175
-15.1872 3.67718 -0.082675 -4.59024
-15.1648 3.67533 -0.0827462 -4.58873
-15.1424 3.67347 -0.0828175 -4.58721
-15.12 3.67162 -0.0828891 -4.5857
-15.0976 3.66976 -0.0829608 -4.58418
-15.0752 3.6679 -0.0830327 -4.58266
-15.0528 3.66604 -0.0831048 -4.58114
-15.0304 3.66418 -0.083177 -4.57961
-15.008 3.66231 -0.0832495 -4.57809
-14.9856 3.66045 -0.0833221 -4.57656
-14.9632 3.65858 -0.0833949 -4.57503
-14.9408 3.65671 -0.0834679 -4.57349
-14.9184 3.65484 -0.0835411 -4.57196
-14.896 3.65297 -0.0836145 -4.57042
-14.8736 3.65109 -0.0836881 -4.56888
-14.8512 3.64922 -0.0837619 -4.56734
-14.8288 3.64734 -0.0838358 -4.5658
-14.8064 3.64546 -0.0839099 -4.56425
-14.784 3.64358 -0.0839843 -4.5627
-14.7616 3.6417 -0.0840588 -4.56115
-14.7392 3.63982 -0.0841335 -4.5596
-14.7168 3.63793 -0.0842084 -4.55805
-14.6944 3.63604 -0.0842835 -4.55649
-14.672 3.63416 -0.0843588 -4.55493
-14.6496 3.63227 -0.0844343 -4.55337
-14.6272 3.63037 -0.08451 -4.55181
-14.6048 3.62848 -0.0845859 -4.55024
-14.5824 3.62658 -0.084662 -4.54867
-14.56 3.62469 -0.0847383 -4.5471
-14.5376 3.62279 -0.0848148 -4.54553
-14.5152 3.62089 -0.0848914 -4.54396
-14.4928 3.61898 -0.0849683 -4.54238
-14.4704 3.61708 -0.0850454 -4.5408
-14.448 3.61517 -0.0851227 -4.53922
-14.4256 3.61327 -0.0852002 -4.53764
-14.4032 3.61136 -0.0852779 -4.53605
-14.3808 3.60945 -0.0853558 -4.53446
-14.3584 3.60753 -0.085434 -4.53287
-14.336 3.60562 -0.0855123 -4.53128
-14.3136 3.6037 -0.0855908 -4.52968
-14.2912 3.60178 -0.0856695 -4.52809
-14.2688 3.59986 -0.0857485 -4.52649
-14.2464 3.59794 -0.0858277 -4.52489
-14.224 3.59602 -0.085907 -4.52328
-14.2016 3.59409 -0.0859866 -4.52167
-14.1792 3.59217 -0.0860664 -4.52007
-14.1568 3.59024 -0.0861464 -4.51845
-14.1344 3.58831 -0.0862267 -4.51684
-14.112 3.58638 -0.0863071 -4.51522
-14.0896 3.58444 -0.0863878 -4.51361
-14.0672 3.58251 -0.0864687 -4.51199
-14.0448 3.58057 -0.0865498 -4.51036
-14.0224 3.57863 -0.0866311 -4.50874
-14 3.57669 -0.0867126 -4.50711
-13.9776 3.57474 -0.0867944 -4.50548
-13.9552 3.5728 -0.0868764 -4.50385
-13.9328 3.57085 -0.0869586 -4.50221
-13.9104 3.5689 -0.087041 -4.50057
-13.888 3.56695 -0.0871237 -4.49893
-13.8656 3.565 -0.0872066 -4.49729
-13.8432 3.56304 -0.0872897 -4.49564
-13.8208 3.56109 -0.087373 -4.494
-13.7984 3.55913 -0.0874566 -4.49235
-13.776 3.55717 -0.0875404 -4.49069
-13.7536 3.55521 -0.0876244 -4.48904
-13.7312 3.55325 -0.0877087 -4.48738
-13.7088 3.55128 -0.0877932 -4.48572
-13.6864 3.54931 -0.0878779 -4.48406
-13.664 3.54734 -0.0879629 -4.48239
-13.6416 3.54537 -0.0880481 -4.48073
-13.6192 3.5434 -0.0881335 -4.47905
-13.5968 3.54142 -0.0882192 -4.47738
-13.5744 3.53945 -0.0883051 -4.47571
-13.552 3.53747 -0.0883913 -4.47403
-13.5296 3.53549 -0.0884777 -4.47235
-13.5072 3.5335 -0.0885643 -4.47067
-13.4848 3.53152 -0.0886512 -4.46898
-13.4624 3.52953 -0.0887383 -4.46729
-13.44 3.52754 -0.0888257 -4.4656
-13.4176 3.52555 -0.0889133 -4.46391
-13.3952 3.52356 -0.0890012 -4.46221
-13.3728 3.52156 -0.0890893 -4.46051
-13.3504 3.51957 -0.0891777 -4.45881
-13.328 3.51757 -0.0892663 -4.45711
-13.3056 3.51557 -0.0893552 -4.4554
-13.2832 3.51357 -0.0894443 -4.45369
-13.2608 3.51156 -0.0895337 -4.45198
-13.2384 3.50956 -0.0896233 -4.45026
-13.216 3.50755 -0.0897132 -4.44855
-13.1936 3.50554 -0.0898034 -4.44682
-13.1712 3.50352 -0.0898938 -4.4451
-13.1488 3.50151 -0.0899844 -4.44338
-13.1264 3.49949 -0.0900754 -4.44165
-13.104 3.49747 -0.0901666 -4.43992
-13.0816 3.49545 -0.090258 -4.43818
-13.0592 3.49343 -0.0903497 -4.43645
-13.0368 3.49141 -0.0904417 -4.43471
-13.0144 3.48938 -0.090534 -4.43296
-12.992 3.48735 -0.0906265 -4.43122
-12.9696 3.48532 -0.0907193 -4.42947
-12.9472 3.48328 -0.0908124 -4.42772
-12.9248 3.48125 -0.0909057 -4.42597
-12.9024 3.47921 -0.0909993 -4.42421
-12.88 3.47717 -0.0910932 -4.42245
-12.8576 3.47513 -0.0911874 -4.42069
-12.8352 3.47309 -0.0912818 -4.41892
-12.8128 3.47104 -0.0913765 -4.41716
-12.7904 3.46899 -0.0914715 -4.41539
-12.768 3.46694 -0.0915668 -4.41361
-12.7456 3.46489 -0.0916623 -4.41184
-12.7232 3.46284 -0.0917582 -4.41006
-12.7008 3.46078 -0.0918543 -4.40827
-12.6784 3.45872 -0.0919507 -4.40649
-12.656 3.45666 -0.0920474 -4.4047
-12.6336 3.4546 -0.0921444 -4.40291
-12.6112 3.45253 -0.0922417 -4.40112
-12.5888 3.45047 -0.0923393 -4.39932
-12.5664 3.4484 -0.0924371 -4.39752
-12.544 3.44633 -0.0925353 -4.39572
-12.5216 3.44425 -0.0926337 -4.39391
-12.4992 3.44218 -0.0927325 -4.3921
-12.4768 3.4401 -0.0928315 -4.39029
-12.4544 3.43802 -0.0929309 -4.38847
-12.432 3.43593 -0.0930305 -4.38666
-12.4096 3.43385 -0.0931305 -4.38484
-12.3872 3.43176 -0.0932308 -4.38301
-12.3648 3.42967 -0.0933313 -4.38118
-12.3424 3.42758 -0.0934322 -4.37935
-12.32 3.42549 -0.0935334 -4.37752
-12.2976 3.42339 -0.0936348 -4.37568
-12.2752 3.42129 -0.0937366 -4.37384
-12.2528 3.41919 -0.0938388 -4.372
-12.2304 3.41709 -0.0939412 -4.37015
-12.208 3.41498 -0.0940439 -4.36831
-12.1856 3.41287 -0.094147 -4.36645
-12.1632 3.41076 -0.0942504 -4.3646
-12.1408 3.40865 -0.0943541 -4.36274
-12.1184 3.40654 -0.0944581 -4.36088
-12.096 3.40442 -0.0945624 -4.35901
-12.0736 3.4023 -0.0946671 -4.35714
-12.0512 3.40018 -0.0947721 -4.35527
-12.0288 3.39805 -0.0948774 -4.3534
-12.0064 3.39593 -0.0949831 -4.35152
-11.984 3.3938 -0.0950891 -4.34964
-11.9616 3.39167 -0.0951954 -4.34775
-11.9392 3.38953 -0.095302 -4.34587
-11.9168 3.3874 -0.095409 -4.34397
-11.8944 3.38526 -0.0955163 -4.34208
-11.872 3.38312 -0.095624 -4.34018
-11.8496 3.38098 -0.095732 -4.33828
-11.8272 3.37883 -0.0958404 -4.33638
-11.8048 3.37668 -0.0959491 -4.33447
-11.7824 3.37453 -0.0960581 -4.33256
-11.76 3.37238 -0.0961675 -4.33064
-11.7376 3.37022 -0.0962772 -4.32872
-11.7152 3.36807 -0.0963873 -4.3268
-11.6928 3.36591 -0.0964978 -4.32488
-11.6704 3.36374 -0.0966086 -4.32295
-11.648 3.36158 -0.0967197 -4.32102
-11.6256 3.35941 -0.0968312 -4.31908
-11.6032 3.35724 -0.0969431 -4.31714
-11.5808 3.35507 -0.0970554 -4.3152
-11.5584 3.35289 -0.097168 -4.31325
-11.536 3.35071 -0.0972809 -4.31131
-11.5136 3.34853 -0.0973943 -4.30935
-11.4912 3.34635 -0.097508 -4.3074
-11.4688 3.34417 -0.0976221 -4.30544
-11.4464 3.34198 -0.0977365 -4.30347
-11.424 3.33979 -0.0978513 -4.3015
-11.4016 3.33759 -0.0979665 -4.29953
-11.3792 3.3354 -0.0980821 -4.29756
-11.3568 3.3332 -0.0981981 -4.29558
-11.3344 3.331 -0.0983144 -4.2936
-11.312 3.32879 -0.0984312 -4.29161
-11.2896 3.32659 -0.0985483 -4.28962
-11.2672 3.32438 -0.0986658 -4.28763
-11.2448 3.32217 -0.0987837 -4.28564
-11.2224 3.31995 -0.098902 -4.28364
-11.2 3.31774 -0.0990207 -4.28163
-11.1776 3.31552 -0.0991398 -4.27962
-11.1552 3.3133 -0.0992593 -4.27761
-11.1328 3.31107 -0.0993792 -4.2756
-11.1104 3.30884 -0.0994994 -4.27358
-11.088 3.30661 -0.0996201 -4.27156
-11.0656 3.30438 -0.0997413 -4.26953
-11.0432 3.30215 -0.0998628 -4.2675
-11.0208 3.29991 -0.0999847 -4.26546
-10.9984 3.29767 -0.100107 -4.26343
-10.976 3.29542 -0.10023 -4.26138
-10.9536 3.29318 -0.100353 -4.25934
-10.9312 3.29093 -0.100477 -4.25729
-10.9088 3.28867 -0.100601 -4.25523
-10.8864 3.28642 -0.100725 -4.25318
-10.864 3.28416 -0.10085 -4.25111
-10.8416 3.2819 -0.100975 -4.24905
-10.8192 3.27964 -0.101101 -4.24698
-10.7968 3.27737 -0.101227 -4.2449
-10.7744 3.2751 -0.101354 -4.24283
-10.752 3.27283 -0.101481 -4.24075
-10.7296 3.27056 -0.101608 -4.23866
-10.7072 3.26828 -0.101736 -4.23657
-10.6848 3.266 -0.101865 -4.23448
-10.6624 3.26372 -0.101993 -4.23238
-10.64 3.26143 -0.102123 -4.23027
-10.6176 3.25914 -0.102252 -4.22817
-10.5952 3.25685 -0.102383 -4.22606
-10.5728 3.25455 -0.102513 -4.22394
-10.5504 3.25226 -0.102644 -4.22182
-10.528 3.24996 -0.102776 -4.2197
-10.5056 3.24765 -0.102908 -4.21757
-10.4832 3.24535 -0.103041 -4.21544
-10.4608 3.24304 -0.103174 -4.21331
-10.4384 3.24072 -0.103307 -4.21117
-10.416 3.23841 -0.103441 -4.20902
-10.3936 3.23609 -0.103575 -4.20687
-10.3712 3.23377 -0.10371 -4.20472
-10.3488 3.23144 -0.103846 -4.20256
-10.3264 3.22912 -0.103982 -4.2004
-10.304 3.22678 -0.104118 -4.19823
-10.2816 3.22445 -0.104255 -4.19606
-10.2592 3.22211 -0.104392 -4.19389
-10.2368 3.21977 -0.10453 -4.19171
-10.2144 3.21743 -0.104668 -4.18952
-10.192 3.21508 -0.104807 -4.18733
-10.1696 3.21274 -0.104947 -4.18514
-10.1472 3.21038 -0.105086 -4.18294
-10.1248 3.20803 -0.105227 -4.18074
-10.1024 3.20567 -0.105368 -4.17853
-10.08 3.20331 -0.105509 -4.17632
-10.0576 3.20094 -0.105651 -4.17411
-10.0352 3.19857 -0.105794 -4.17189
-10.0128 3.1962 -0.105937 -4.16966
-9.9904 3.19383 -0.10608 -4.16743
-9.968 3.19145 -0.106224 -4.1652
-9.9456 3.18907 -0.106369 -4.16296
-9.9232 3.18668 -0.106514 -4.16071
-9.9008 3.1843 -0.10666 -4.15847
-9.8784 3.18191 -0.106806 -4.15621
-9.856 3.17951 -0.106953 -4.15395
-9.8336 3.17711 -0.1071 -4.15169
-9.8112 3.17471 -0.107248 -4.14942
-9.7888 3.17231 -0.107396 -4.14715
-9.7664 3.1699 -0.107546 -4.14487
-9.744 3.16749 -0.107695 -4.14259
-9.7216 3.16508 -0.107845 -4.1403
-9.6992 3.16266 -0.107996 -4.13801
-9.6768 3.16024 -0.108147 -4.13571
-9.6544 3.15782 -0.108299 -4.13341
-9.632 3.15539 -0.108452 -4.1311
-9.6096 3.15296 -0.108605 -4.12879
-9.5872 3.15052 -0.108758 -4.12647
-9.5648 3.14808 -0.108913 -4.12415
-9.5424 3.14564 -0.109068 -4.12182
-9.52 3.1432 -0.109223 -4.11949
-9.4976 3.14075 -0.109379 -4.11715
-9.4752 3.1383 -0.109536 -4.11481
-9.4528 3.13584 -0.109693 -4.11246
-9.4304 3.13338 -0.109851 -4.11011
-9.408 3.13092 -0.11001 -4.10775
-9.3856 3.12846 -0.110169 -4.10538
-9.3632 3.12599 -0.110328 -4.10301
-9.3408 3.12351 -0.110489 -4.10064
-9.3184 3.12104 -0.11065 -4.09826
-9.296 3.11856 -0.110812 -4.09587
-9.2736 3.11607 -0.110974 -4.09348
-9.2512 3.11358 -0.111137 -4.09109
-9.2288 3.11109 -0.111301 -4.08868
-9.2064 3.1086 -0.111465 -4.08628
-9.184 3.1061 -0.11163 -4.08386
-9.1616 3.1036 -0.111796 -4.08145
-9.1392 3.10109 -0.111962 -4.07902
-9.1168 3.09858 -0.112129 -4.07659
-9.0944 3.09607 -0.112296 -4.07416
-9.072 3.09355 -0.112465 -4.07172
-9.0496 3.09103 -0.112634 -4.06927
-9.0272 3.0885 -0.112803 -4.06682
-9.0048 3.08598 -0.112974 -4.06436
-8.9824 3.08344 -0.113145 -4.0619
-8.96 3.08091 -0.113317 -4.05943
-8.9376 3.07837 -0.113489 -4.05695
-8.9152 3.07582 -0.113663 -4.05447
-8.8928 3.07327 -0.113836 -4.05199
-8.8704 3.07072 -0.114011 -4.0495
-8.848 3.06817 -0.114187 -4.047
-8.8256 3.06561 -0.114363 -4.04449
-8.8032 3.06304 -0.11454 -4.04198
-8.7808 3.06048 -0.114717 -4.03947
-8.7584 3.0579 -0.114895 -4.03694
-8.736 3.05533 -0.115075 -4.03442
-8.7136 3.05275 -0.115254 -4.03188
-8.6912 3.05016 -0.115435 -4.02934
-8.6688 3.04758 -0.115616 -4.02679
-8.6464 3.04498 -0.115799 -4.02424
-8.624 3.04239 -0.115982 -4.02168
-8.6016 3.03979 -0.116165 -4.01912
-8.5792 3.03718 -0.11635 -4.01655
-8.5568 3.03458 -0.116535 -4.01397
-8.5344 3.03196 -0.116721 -4.01138
-8.512 3.02935 -0.116908 -4.00879
-8.4896 3.02673 -0.117096 -4.0062
-8.4672 3.0241 -0.117284 -4.00359
-8.4448 3.02147 -0.117474 -4.00098
-8.4224 3.01884 -0.117664 -3.99837
-8.4 3.0162 -0.117855 -3.99574
-8.3776 3.01356 -0.118047 -3.99311
-8.3552 3.01091 -0.11824 -3.99048
-8.3328 3.00826 -0.118433 -3.98783
-8.3104 3.00561 -0.118627 -3.98519
-8.288 3.00295 -0.118823 -3.98253
-8.2656 3.00028 -0.119019 -3.97987
-8.2432 2.99761 -0.119216 -3.9772
-8.2208 2.99494 -0.119414 -3.97452
-8.1984 2.99227 -0.119612 -3.97184
-8.176 2.98958 -0.119812 -3.96915
-8.1536 2.9869 -0.120013 -3.96645
-8.1312 2.98421 -0.120214 -3.96375
-8.1088 2.98151 -0.120417 -3.96104
-8.0864 2.97881 -0.12062 -3.95832
-8.064 2.97611 -0.120824 -3.95559
-8.0416 2.9734 -0.121029 -3.95286
-8.0192 2.97069 -0.121235 -3.95012
-7.9968 2.96797 -0.121442 -3.94737
-7.9744 2.96525 -0.12165 -3.94462
-7.952 2.96252 -0.121859 -3.94186
-7.9296 2.95979 -0.122069 -3.93909
-7.9072 2.95705 -0.12228 -3.93632
-7.8848 2.95431 -0.122492 -3.93353
-7.8624 2.95156 -0.122705 -3.93074
-7.84 2.94881 -0.122918 -3.92794
-7.8176 2.94606 -0.123133 -3.92514
-7.7952 2.94329 -0.123349 -3.92233
-7.7728 2.94053 -0.123566 -3.9195
-7.7504 2.93776 -0.123784 -3.91668
-7.728 2.93498 -0.124003 -3.91384
-7.7056 2.9322 -0.124223 -3.911
-7.6832 2.92942 -0.124444 -3.90815
-7.6608 2.92663 -0.124666 -3.90529
-7.6384 2.92383 -0.124889 -3.90242
-7.616 2.92103 -0.125113 -3.89955
-7.5936 2.91823 -0.125338 -3.89666
-7.5712 2.91542 -0.125564 -3.89377
-7.5488 2.9126 -0.125792 -3.89087
-7.5264 2.90978 -0.12602 -3.88797
-7.504 2.90696 -0.12625 -3.88505
-7.4816 2.90413 -0.126481 -3.88213
-7.4592 2.90129 -0.126713 -3.8792
-7.4368 2.89845 -0.126946 -3.87626
-7.4144 2.8956 -0.12718 -3.87331
-7.392 2.89275 -0.127415 -3.87035
-7.3696 2.8899 -0.127652 -3.86739
-7.3472 2.88703 -0.127889 -3.86441
-7.3248 2.88417 -0.128128 -3.86143
-7.3024 2.88129 -0.128368 -3.85844
-7.28 2.87842 -0.128609 -3.85544
-7.2576 2.87553 -0.128852 -3.85244
-7.2352 2.87264 -0.129096 -3.84942
-7.2128 2.86975 -0.12934 -3.8464
-7.1904 2.86685 -0.129587 -3.84336
-7.168 2.86394 -0.129834 -3.84032
-7.1456 2.86103 -0.130083 -3.83727
-7.1232 2.85811 -0.130332 -3.83421
-7.1008 2.85519 -0.130584 -3.83114
-7.0784 2.85226 -0.130836 -3.82806
-7.056 2.84933 -0.13109 -3.82497
-7.0336 2.84639 -0.131345 -3.82187
-7.0112 2.84345 -0.131601 -3.81877
-6.9888 2.8405 -0.131859 -3.81565
-6.9664 2.83754 -0.132118 -3.81253
-6.944 2.83458 -0.132379 -3.80939
-6.9216 2.83161 -0.13264 -3.80625
-6.8992 2.82863 -0.132904 -3.8031
-6.8768 2.82565 -0.133168 -3.79993
-6.8544 2.82267 -0.133434 -3.79676
-6.832 2.81968 -0.133702 -3.79358
-6.8096 2.81668 -0.13397 -3.79039
-6.7872 2.81368 -0.134241 -3.78718
-6.7648 2.81067 -0.134512 -3.78397
-6.7424 2.80765 -0.134785 -3.78075
-6.72 2.80463 -0.13506 -3.77752
-6.6976 2.8016 -0.135336 -3.77428
-6.6752 2.79856 -0.135614 -3.77102
-6.6528 2.79552 -0.135893 -3.76776
-6.6304 2.79248 -0.136173 -3.76449
-6.608 2.78942 -0.136456 -3.76121
-6.5856 2.78636 -0.136739 -3.75791
-6.5632 2.7833 -0.137025 -3.75461
-6.5408 2.78022 -0.137311 -3.7513
-6.5184 2.77714 -0.1376 -3.74797
-6.496 2.77406 -0.13789 -3.74463
-6.4736 2.77097 -0.138182 -3.74129
-6.4512 2.76787 -0.138475 -3.73793
-6.4288 2.76476 -0.13877 -3.73456
-6.4064 2.76165 -0.139066 -3.73118
-6.384 2.75853 -0.139365 -3.72779
-6.3616 2.75541 -0.139665 -3.72439
-6.3392 2.75228 -0.139966 -3.72098
-6.3168 2.74914 -0.14027 -3.71755
-6.2944 2.74599 -0.140575 -3.71412
-6.272 2.74284 -0.140882 -3.71067
-6.2496 2.73968 -0.141191 -3.70721
-6.2272 2.73651 -0.141501 -3.70374
-6.2048 2.73334 -0.141813 -3.70026
-6.1824 2.73016 -0.142127 -3.69677
-6.16 2.72697 -0.142443 -3.69326
-6.1376 2.72378 -0.142761 -3.68975
-6.1152 2.72058 -0.143081 -3.68622
-6.0928 2.71737 -0.143402 -3.68268
-6.0704 2.71415 -0.143726 -3.67912
-6.048 2.71093 -0.144051 -3.67556
-6.0256 2.7077 -0.144378 -3.67198
-6.0032 2.70446 -0.144708 -3.66839
-5.9808 2.70122 -0.145039 -3.66479
-5.9584 2.69797 -0.145372 -3.66117
-5.936 2.69471 -0.145707 -3.65754
-5.9136 2.69144 -0.146044 -3.6539
-5.8912 2.68816 -0.146384 -3.65025
-5.8688 2.68488 -0.146725 -3.64658
-5.8464 2.68159 -0.147069 -3.6429
-5.824 2.67829 -0.147414 -3.63921
-5.8016 2.67498 -0.147762 -3.6355
-5.7792 2.67167 -0.148112 -3.63178
-5.7568 2.66835 -0.148464 -3.62805
-5.7344 2.66502 -0.148818 -3.6243
-5.712 2.66168 -0.149175 -3.62054
-5.6896 2.65834 -0.149534 -3.61676
-5.6672 2.65498 -0.149895 -3.61298
-5.6448 2.65162 -0.150258 -3.60917
-5.6224 2.64825 -0.150624 -3.60536
-5.6 2.64487 -0.150992 -3.60153
-5.5776 2.64149 -0.151362 -3.59768
-5.5552 2.63809 -0.151735 -3.59382
-5.5328 2.63469 -0.15211 -3.58995
-5.5104 2.63128 -0.152487 -3.58606
-5.488 2.62786 -0.152867 -3.58216
-5.4656 2.62443 -0.15325 -3.57824
-5.4432 2.62099 -0.153635 -3.57431
-5.4208 2.61755 -0.154022 -3.57036
-5.3984 2.61409 -0.154412 -3.5664
-5.376 2.61063 -0.154805 -3.56242
-5.3536 2.60716 -0.1552 -3.55842
-5.3312 2.60368 -0.155598 -3.55441
-5.3088 2.60019 -0.155999 -3.55039
-5.2864 2.59669 -0.156402 -3.54635
-5.264 2.59318 -0.156808 -3.54229
-5.2416 2.58966 -0.157217 -3.53822
-5.2192 2.58614 -0.157629 -3.53413
-5.1968 2.5826 -0.158043 -3.53002
-5.1744 2.57906 -0.15846 -3.5259
-5.152 2.5755 -0.15888 -3.52176
-5.1296 2.57194 -0.159303 -3.51761
-5.1072 2.56836 -0.159729 -3.51343
-5.0848 2.56478 -0.160158 -3.50924
-5.0624 2.56119 -0.16059 -3.50504
-5.04 2.55759 -0.161025 -3.50081
-5.0176 2.55398 -0.161463 -3.49657
-4.9952 2.55035 -0.161904 -3.49231
-4.9728 2.54672 -0.162349 -3.48804
-4.9504 2.54308 -0.162796 -3.48374
-4.928 2.53943 -0.163247 -3.47943
-4.9056 2.53577 -0.163701 -3.4751
-4.8832 2.53209 -0.164158 -3.47075
-4.8608 2.52841 -0.164619 -3.46638
-4.8384 2.52472 -0.165083 -3.46199
-4.816 2.52102 -0.16555 -3.45759
-4.7936 2.5173 -0.166021 -3.45316
-4.7712 2.51358 -0.166495 -3.44872
-4.7488 2.50984 -0.166973 -3.44426
-4.7264 2.5061 -0.167455 -3.43977
-4.704 2.50234 -0.16794 -3.43527
-4.6816 2.49857 -0.168428 -3.43075
-4.6592 2.4948 -0.168921 -3.42621
-4.6368 2.49101 -0.169417 -3.42165
-4.6144 2.48721 -0.169917 -3.41706
-4.592 2.48339 -0.170421 -3.41246
-4.5696 2.47957 -0.170928 -3.40784
-4.5472 2.47574 -0.17144 -3.40319
-4.5248 2.47189 -0.171956 -3.39852
-4.5024 2.46803 -0.172475 -3.39384
-4.48 2.46416 -0.172999 -3.38913
-4.4576 2.46028 -0.173527 -3.3844
-4.4352 2.45639 -0.174059 -3.37964
-4.4128 2.45249 -0.174595 -3.37487
-4.3904 2.44857 -0.175135 -3.37007
-4.368 2.44464 -0.17568 -3.36525
-4.3456 2.4407 -0.176229 -3.36041
-4.3232 2.43674 -0.176783 -3.35554
-4.3008 2.43278 -0.177341 -3.35065
-4.2784 2.4288 -0.177904 -3.34574
-4.256 2.42481 -0.178472 -3.3408
-4.2336 2.4208 -0.179044 -3.33584
-4.2112 2.41679 -0.179621 -3.33085
-4.1888 2.41276 -0.180202 -3.32584
-4.1664 2.40871 -0.180789 -3.32081
-4.144 2.40466 -0.18138 -3.31575
-4.1216 2.40059 -0.181977 -3.31067
-4.0992 2.3965 -0.182579 -3.30556
-4.0768 2.39241 -0.183185 -3.30042
-4.0544 2.3883 -0.183797 -3.29526
-4.032 2.38417 -0.184415 -3.29007
-4.0096 2.38004 -0.185037 -3.28486
-3.9872 2.37588 -0.185665 -3.27961
-3.9648 2.37172 -0.186299 -3.27435
-3.9424 2.36754 -0.186938 -3.26905
-3.92 2.36334 -0.187583 -3.26373
-3.8976 2.35913 -0.188234 -3.25838
-3.8752 2.35491 -0.18889 -3.253
-3.8528 2.35067 -0.189552 -3.24759
-3.8304 2.34642 -0.190221 -3.24215
-3.808 2.34215 -0.190895 -3.23668
-3.7856 2.33787 -0.191576 -3.23119
-3.7632 2.33357 -0.192263 -3.22566
-3.7408 2.32925 -0.192956 -3.22011
-3.7184 2.32492 -0.193656 -3.21452
-3.696 2.32058 -0.194362 -3.2089
-3.6736 2.31622 -0.195075 -3.20326
-3.6512 2.31184 -0.195795 -3.19758
-3.6288 2.30744 -0.196521 -3.19186
-3.6064 2.30303 -0.197255 -3.18612
-3.584 2.29861 -0.197995 -3.18034
-3.5616 2.29416 -0.198743 -3.17453
-3.5392 2.2897 -0.199498 -3.16869
-3.5168 2.28523 -0.20026 -3.16282
-3.4944 2.28073 -0.20103 -3.1569
-3.472 2.27622 -0.201808 -3.15096
-3.4496 2.27169 -0.202593 -3.14498
-3.4272 2.26714 -0.203386 -3.13896
-3.4048 2.26258 -0.204188 -3.13291
-3.3824 2.258 -0.204997 -3.12682
-3.36 2.25339 -0.205814 -3.1207
-3.3376 2.24878 -0.20664 -3.11454
-3.3152 2.24414 -0.207475 -3.10834
-3.2928 2.23948 -0.208318 -3.1021
-3.2704 2.2348 -0.20917 -3.09582
-3.248 2.23011 -0.210031 -3.08951
-3.2256 2.22539 -0.210901 -3.08315
-3.2032 2.22066 -0.21178 -3.07676
-3.1808 2.21591 -0.212669 -3.07032
-3.1584 2.21113 -0.213567 -3.06385
-3.136 2.20634 -0.214475 -3.05733
-3.1136 2.20152 -0.215393 -3.05077
-3.0912 2.19669 -0.216322 -3.04417
-3.0688 2.19183 -0.21726 -3.03752
-3.0464 2.18696 -0.218209 -3.03083
-3.024 2.18206 -0.219168 -3.0241
-3.0016 2.17714 -0.220139 -3.01732
-2.9792 2.1722 -0.22112 -3.01049
-2.9568 2.16723 -0.222113 -3.00362
-2.9344 2.16224 -0.223117 -2.9967
-2.912 2.15724 -0.224132 -2.98974
-2.8896 2.1522 -0.22516 -2.98272
-2.8672 2.14715 -0.2262 -2.97566
-2.8448 2.14207 -0.227252 -2.96855
-2.8224 2.13697 -0.228316 -2.96138
-2.8 2.13184 -0.229393 -2.95417
-2.7776 2.12669 -0.230484 -2.9469
-2.7552 2.12151 -0.231587 -2.93959
-2.7328 2.11631 -0.232705 -2.93221
-2.7104 2.11109 -0.233836 -2.92479
-2.688 2.10584 -0.234981 -2.91731
-2.6656 2.10056 -0.23614 -2.90977
-2.6432 2.09526 -0.237314 -2.90218
-2.6208 2.08993 -0.238503 -2.89453
-2.5984 2.08457 -0.239708 -2.88682
-2.576 2.07919 -0.240928 -2.87905
-2.5536 2.07378 -0.242163 -2.87122
-2.5312 2.06834 -0.243416 -2.86333
-2.5088 2.06288 -0.244684 -2.85538
-2.4864 2.05738 -0.24597 -2.84737
-2.464 2.05186 -0.247273 -2.83929
-2.4416 2.0463 -0.248593 -2.83114
-2.4192 2.04072 -0.249932 -2.82294
-2.3968 2.03511 -0.251289 -2.81466
-2.3744 2.02946 -0.252665 -2.80631
-2.352 2.02379 -0.25406 -2.7979
-2.3296 2.01808 -0.255475 -2.78941
-2.3072 2.01234 -0.25691 -2.78085
-2.2848 2.00657 -0.258365 -2.77222
-2.2624 2.00077 -0.259842 -2.76352
-2.24 1.99493 -0.26134 -2.75474
-2.2176 1.98906 -0.26286 -2.74588
-2.1952 1.98315 -0.264403 -2.73694
-2.1728 1.97721 -0.265969 -2.72793
-2.1504 1.97124 -0.267559 -2.71883
-2.128 1.96523 -0.269173 -2.70965
-2.1056 1.95918 -0.270812 -2.70038
-2.0832 1.95309 -0.272477 -2.69103
-2.0608 1.94697 -0.274167 -2.68159
-2.0384 1.94081 -0.275885 -2.67206
-2.016 1.93461 -0.27763 -2.66245
-1.9936 1.92837 -0.279403 -2.65273
-1.9712 1.92209 -0.281204 -2.64293
-1.9488 1.91577 -0.283036 -2.63303
-1.9264 1.90941 -0.284898 -2.62302
-1.904 1.90301 -0.286791 -2.61292
-1.8816 1.89656 -0.288717 -2.60272
-1.8592 1.89008 -0.290675 -2.59241
-1.8368 1.88354 -0.292668 -2.582
-1.8144 1.87696 -0.294695 -2.57147
-1.792 1.87034 -0.296758 -2.56084
-1.7696 1.86367 -0.298857 -2.55009
-1.7472 1.85695 -0.300995 -2.53923
-1.7248 1.85018 -0.303172 -2.52824
-1.7024 1.84337 -0.305389 -2.51714
-1.68 1.8365 -0.307647 -2.50591
-1.6576 1.82958 -0.309947 -2.49456
-1.6352 1.82262 -0.312292 -2.48307
-1.6128 1.81559 -0.314682 -2.47146
-1.5904 1.80852 -0.317118 -2.4597
-1.568 1.80139 -0.319603 -2.44781
-1.5456 1.7942 -0.322137 -2.43578
-1.5232 1.78695 -0.324722 -2.4236
-1.5008 1.77965 -0.32736 -2.41127
-1.4784 1.77229 -0.330053 -2.39878
-1.456 1.76486 -0.332802 -2.38614
-1.4336 1.75738 -0.335609 -2.37334
-1.4112 1.74983 -0.338477 -2.36037
-1.3888 1.74221 -0.341408 -2.34724
-1.3664 1.73453 -0.344402 -2.33393
-1.344 1.72678 -0.347464 -2.32044
-1.3216 1.71897 -0.350595 -2.30676
-1.2992 1.71108 -0.353798 -2.2929
-1.2768 1.70312 -0.357076 -2.27885
-1.2544 1.69508 -0.360431 -2.26459
-1.232 1.68697 -0.363866 -2.25013
-1.2096 1.67878 -0.367384 -2.23545
-1.1872 1.67051 -0.370989 -2.22056
-1.1648 1.66216 -0.374684 -2.20545
-1.1424 1.65372 -0.378473 -2.1901
-1.12 1.6452 -0.382359 -2.17451
-1.0976 1.63659 -0.386347 -2.15868
-1.0752 1.62789 -0.39044 -2.14259
-1.0528 1.6191 -0.394644 -2.12624
-1.0304 1.61021 -0.398963 -2.10962
-1.008 1.60122 -0.403403 -2.09272
-0.9856 1.59214 -0.407968 -2.07553
-0.9632 1.58295 -0.412665 -2.05803
-0.9408 1.57365 -0.417499 -2.04023
-0.9184 1.56424 -0.422477 -2.0221
-0.896 1.55472 -0.427606 -2.00364
-0.8736 1.54508 -0.432894 -1.98483
-0.8512 1.53533 -0.438348 -1.96566
-0.8288 1.52544 -0.443977 -1.94612
-0.8064 1.51543 -0.449789 -1.92619
-0.784 1.50529 -0.455795 -1.90585
-0.7616 1.49501 -0.462005 -1.88508
-0.7392 1.48459 -0.46843 -1.86388
-0.7168 1.47403 -0.475083 -1.84222
-0.6944 1.46331 -0.481975 -1.82007
-0.672 1.45243 -0.489122 -1.79742
-0.6496 1.44139 -0.496537 -1.77425
-0.6272 1.43018 -0.504239 -1.75053
-0.6048 1.4188 -0.512244 -1.72622
-0.5824 1.40723 -0.520572 -1.70131
-0.56 1.39548 -0.529243 -1.67576
-0.5376 1.38352 -0.538281 -1.64954
-0.5152 1.37136 -0.547711 -1.62261
-0.4928 1.35898 -0.55756 -1.59493
-0.4704 1.34638 -0.567859 -1.56645
-0.448 1.33354 -0.578639 -1.53714
-0.4256 1.32045 -0.589938 -1.50694
-0.4032 1.3071 -0.601795 -1.47578
-0.3808 1.29348 -0.614256 -1.44362
-0.3584 1.27958 -0.627369 -1.41039
-0.336 1.26537 -0.641188 -1.376
-0.3136 1.25085 -0.655775 -1.34037
-0.2912 1.23599 -0.671198 -1.30342
-0.2688 1.22077 -0.687534 -1.26504
-0.2464 1.20518 -0.704867 -1.2251
-0.224 1.18919 -0.723293 -1.18349
-0.2016 1.17277 -0.742922 -1.14005
-0.1792 1.15589 -0.763875 -1.09462
-0.1568 1.13853 -0.786292 -1.047
-0.1344 1.12065 -0.810327 -0.996969
-0.112 1.10222 -0.836158 -0.944274
-0.0896 1.08318 -0.863984 -0.888617
-0.0672 1.06349 -0.894026 -0.829648
-0.0448 1.04311 -0.92653 -0.766957
-0.0224 1.02197 -0.961762 -0.700057
0 1 -1 -0.62837
0.00236 0.997635 -1.00421 -0.620511
0.00472 0.99526 -1.00847 -0.612591
0.00708 0.992875 -1.01276 -0.604608
0.00944 0.99048 -1.01708 -0.596562
0.0118 0.988074 -1.02144 -0.588451
0.01416 0.985659 -1.02585 -0.580275
0.01652 0.983232 -1.03029 -0.572033
0.01888 0.980796 -1.03476 -0.563723
0.02124 0.978348 -1.03928 -0.555345
0.0236 0.97589 -1.04384 -0.546898
0.02596 0.973421 -1.04843 -0.538381
0.02832 0.970942 -1.05306 -0.529792
0.03068 0.968451 -1.05774 -0.52113
0.03304 0.965949 -1.06245 -0.512395
0.0354 0.963436 -1.0672 -0.503585
0.03776 0.960912 -1.07199 -0.494699
0.04012 0.958376 -1.07683 -0.485735
0.04248 0.955829 -1.0817 -0.476694
0.04484 0.953271 -1.08661 -0.467573
0.0472 0.9507 -1.09157 -0.458372
0.04956 0.948118 -1.09656 -0.449088
0.05192 0.945524 -1.10159 -0.439721
0.05428 0.942919 -1.10667 -0.43027
0.05664 0.940301 -1.11178 -0.420733
0.059 0.937671 -1.11694 -0.411108
0.06136 0.935029 -1.12213 -0.401395
0.06372 0.932375 -1.12736 -0.391593
0.06608 0.929708 -1.13264 -0.381699
0.06844 0.927029 -1.13795 -0.371712
0.0708 0.924337 -1.1433 -0.361631
0.07316 0.921632 -1.14869 -0.351455
0.07552 0.918915 -1.15411 -0.341182
0.07788 0.916185 -1.15958 -0.33081
0.08024 0.913442 -1.16508 -0.320338
0.0826 0.910686 -1.17061 -0.309765
0.08496 0.907916 -1.17619 -0.299089
0.08732 0.905134 -1.18179 -0.288309
0.08968 0.902338 -1.18743 -0.277423
0.09204 0.899529 -1.1931 -0.266429
0.0944 0.896707 -1.19881 -0.255326
0.09676 0.893871 -1.20454 -0.244112
0.09912 0.891021 -1.2103 -0.232787
0.10148 0.888158 -1.21609 -0.221348
0.10384 0.885281 -1.22191 -0.209794
0.1062 0.882391 -1.22775 -0.198123
0.10856 0.879486 -1.23361 -0.186333
0.11092 0.876568 -1.23949 -0.174425
0.11328 0.873636 -1.24539 -0.162394
0.11564 0.87069 -1.25131 -0.150242
0.118 0.86773 -1.25724 -0.137965
0.12036 0.864756 -1.26318 -0.125563
0.12272 0.861768 -1.26913 -0.113034
0.12508 0.858765 -1.27509 -0.100377
0.12744 0.855749 -1.28105 -0.0875905
0.1298 0.852719 -1.28701 -0.0746735
0.13216 0.849674 -1.29296 -0.0616247
0.13452 0.846616 -1.29891 -0.0484432
0.13688 0.843544 -1.30484 -0.0351277
0.13924 0.840457 -1.31076 -0.0216776
0.1416 0.837357 -1.31666 -0.0080918
0.14396 0.834243 -1.32254 0.00563033
0.14632 0.831114 -1.32839 0.0194894
0.14868 0.827973 -1.3342 0.0334861
0.15104 0.824817 -1.33998 0.0476207
0.1534 0.821648 -1.34572 0.0618935
0.15576 0.818465 -1.3514 0.0763047
0.15812 0.815269 -1.35703 0.0908544
0.16048 0.81206 -1.36261 0.105542
0.16284 0.808838 -1.36811 0.120368
0.1652 0.805603 -1.37355 0.135332
0.16756 0.802355 -1.3789 0.150432
0.16992 0.799094 -1.38418 0.165668
0.17228 0.795822 -1.38936 0.18104
0.17464 0.792537 -1.39444 0.196546
0.177 0.78924 -1.39942 0.212184
0.17936 0.785931 -1.4043 0.227953
0.18172 0.782612 -1.40905 0.243852
0.18408 0.779281 -1.41368 0.259878
0.18644 0.775939 -1.41818 0.27603
0.1888 0.772587 -1.42255 0.292305
0.19116 0.769225 -1.42677 0.3087
0.19352 0.765853 -1.43084 0.325214
0.19588 0.762471 -1.43476 0.341843
0.19824 0.759081 -1.43851 0.358584
0.2006 0.755682 -1.4421 0.375434
0.20296 0.752274 -1.44551 0.392389
0.20532 0.748859 -1.44875 0.409447
0.20768 0.745436 -1.4518 0.426604
0.21004 0.742007 -1.45467 0.443856
0.2124 0.738571 -1.45734 0.461199
0.21476 0.735128 -1.45981 0.47863
0.21712 0.73168 -1.46208 0.496145
0.21948 0.728227 -1.46415 0.513739
0.22184 0.72477 -1.46601 0.531409
0.2242 0.721308 -1.46766 0.54915
0.22656 0.717843 -1.4691 0.56696
0.22892 0.714374 -1.47033 0.584832
0.23128 0.710903 -1.47134 0.602765
0.23364 0.707429 -1.47214 0.620753
0.236 0.703955 -1.47272 0.638793
0.23836 0.700478 -1.47308 0.656881
0.24072 0.697002 -1.47323 0.675013
0.24308 0.693525 -1.47317 0.693186
0.24544 0.690049 -1.47289 0.711396
0.2478 0.686573 -1.4724 0.729639
0.25016 0.683099 -1.4717 0.747913
0.25252 0.679627 -1.47079 0.766213
0.25488 0.676157 -1.46968 0.784538
0.25724 0.67269 -1.46837 0.802883
0.2596 0.669227 -1.46686 0.821247
0.26196 0.665767 -1.46515 0.839626
0.26432 0.662311 -1.46325 0.858018
0.26668 0.65886 -1.46117 0.87642
0.26904 0.655415 -1.4589 0.894831
0.2714 0.651974 -1.45645 0.913247
0.27376 0.64854 -1.45383 0.931668
0.27612 0.645112 -1.45104 0.950091
0.27848 0.641692 -1.44808 0.968514
0.28084 0.638278 -1.44496 0.986936
0.2832 0.634871 -1.44169 1.00536
0.28556 0.631473 -1.43826 1.02377
0.28792 0.628083 -1.43469 1.04218
0.29028 0.624701 -1.43097 1.06058
0.29264 0.621329 -1.42712 1.07898
0.295 0.617966 -1.42314 1.09737
0.29736 0.614612 -1.41903 1.11574
0.29972 0.611268 -1.4148 1.13411
0.30208 0.607934 -1.41046 1.15247
0.30444 0.60461 -1.40599 1.17081
0.3068 0.601298 -1.40143 1.18915
0.30916 0.597996 -1.39675 1.20747
0.31152 0.594705 -1.39198 1.22578
0.31388 0.591426 -1.38712 1.24407
0.31624 0.588158 -1.38216 1.26235
0.3186 0.584902 -1.37712 1.28062
0.32096 0.581658 -1.372 1.29888
0.32332 0.578426 -1.3668 1.31711
0.32568 0.575207 -1.36152 1.33534
0.32804 0.572 -1.35618 1.35355
0.3304 0.568806 -1.35077 1.37175
0.33276 0.565624 -1.3453 1.38993
0.33512 0.562456 -1.33977 1.4081
0.33748 0.559301 -1.33418 1.42626
0.33984 0.556159 -1.32854 1.4444
0.3422 0.55303 -1.32285 1.46252
0.34456 0.549915 -1.31712 1.48064
0.34692 0.546813 -1.31135 1.49874
0.34928 0.543725 -1.30553 1.51682
0.35164 0.540651 -1.29968 1.5349
0.354 0.537591 -1.29379 1.55296
0.35636 0.534544 -1.28788 1.571
0.35872 0.531512 -1.28193 1.58904
0.36108 0.528494 -1.27596 1.60706
0.36344 0.52549 -1.26997 1.62507
0.3658 0.5225 -1.26395 1.64307
0.36816 0.519524 -1.25791 1.66106
0.37052 0.516562 -1.25186 1.67903
0.37288 0.513615 -1.24579 1.69699
0.37524 0.510682 -1.23971 1.71495
0.3776 0.507764 -1.23361 1.73289
0.37996 0.504859 -1.22751 1.75082
0.38232 0.50197 -1.2214 1.76874
0.38468 0.499094 -1.21529 1.78665
0.38704 0.496234 -1.20917 1.80456
0.3894 0.493387 -1.20304 1.82245
0.39176 0.490555 -1.19692 1.84033
0.39412 0.487738 -1.19079 1.8582
0.39648 0.484935 -1.18467 1.87607
0.39884 0.482146 -1.17855 1.89393
0.4012 0.479372 -1.17244 1.91177
0.40356 0.476612 -1.16633 1.92961
0.40592 0.473867 -1.16022 1.94745
0.40828 0.471136 -1.15412 1.96527
0.41064 0.468419 -1.14804 1.98309
0.413 0.465717 -1.14196 2.0009
0.41536 0.463029 -1.13589 2.0187
0.41772 0.460356 -1.12983 2.0365
0.42008 0.457696 -1.12379 2.05429
0.42244 0.455051 -1.11776 2.07207
0.4248 0.452421 -1.11174 2.08985
0.42716 0.449804 -1.10574 2.10762
0.42952 0.447202 -1.09975 2.12538
0.43188 0.444613 -1.09378 2.14314
0.43424 0.442039 -1.08783 2.16089
0.4366 0.439479 -1.08189 2.17864
0.43896 0.436932 -1.07597 2.19639
0.44132 0.4344 -1.07007 2.21412
0.44368 0.431882 -1.06419 2.23186
0.44604 0.429377 -1.05833 2.24959
0.4484 0.426886 -1.05248 2.26731
0.45076 0.424409 -1.04666 2.28503
0.45312 0.421946 -1.04086 2.30274
0.45548 0.419496 -1.03508 2.32045
0.45784 0.41706 -1.02932 2.33816
0.4602 0.414638 -1.02359 2.35586
0.46256 0.412229 -1.01787 2.37356
0.46492 0.409834 -1.01218 2.39126
0.46728 0.407452 -1.00651 2.40895
0.46964 0.405083 -1.00087 2.42664
0.472 0.402727 -0.995249 2.44432
0.47436 0.400385 -0.989651 2.46201
0.47672 0.398056 -0.984077 2.47968
0.47908 0.39574 -0.978528 2.49736
0.48144 0.393438 -0.973003 2.51503
0.4838 0.391148 -0.967502 2.5327
0.48616 0.388871 -0.962026 2.55037
0.48852 0.386607 -0.956575 2.56804
0.49088 0.384356 -0.951149 2.5857
0.49324 0.382118 -0.945748 2.60336
0.4956 0.379892 -0.940372 2.62101
0.49796 0.377679 -0.935022 2.63867
0.50032 0.375479 -0.929697 2.65632
0.50268 0.373291 -0.924397 2.67397
0.50504 0.371116 -0.919123 2.69162
0.5074 0.368953 -0.913875 2.70927
0.50976 0.366802 -0.908652 2.72691
0.51212 0.364664 -0.903455 2.74456
0.51448 0.362538 -0.898284 2.7622
0.51684 0.360424 -0.893139 2.77983
0.5192 0.358322 -0.88802 2.79747
0.52156 0.356232 -0.882927 2.81511
0.52392 0.354155 -0.877859 2.83274
0.52628 0.352089 -0.872817 2.85037
0.52864 0.350035 -0.867802 2.86801
0.531 0.347993 -0.862812 2.88563
0.53336 0.345962 -0.857848 2.90326
0.53572 0.343944 -0.85291 2.92089
0.53808 0.341937 -0.847997 2.93852
0.54044 0.339941 -0.843111 2.95614
0.5428 0.337957 -0.83825 2.97376
0.54516 0.335985 -0.833415 2.99138
0.54752 0.334023 -0.828606 3.00901
0.54988 0.332074 -0.823822 3.02662
0.55224 0.330135 -0.819064 3.04424
0.5546 0.328208 -0.814331 3.06186
0.55696 0.326291 -0.809624 3.07948
0.55932 0.324386 -0.804943 3.09709
0.56168 0.322492 -0.800286 3.11471
0.56404 0.320609 -0.795655 3.13232
0.5664 0.318736 -0.791049 3.14993
0.56876 0.316875 -0.786469 3.16755
0.57112 0.315024 -0.781913 3.18516
0.57348 0.313184 -0.777382 3.20277
0.57584 0.311355 -0.772877 3.22038
0.5782 0.309536 -0.768396 3.23799
0.58056 0.307728 -0.76394 3.25559
0.58292 0.30593 -0.759508 3.2732
0.58528 0.304143 -0.755101 3.29081
0.58764 0.302366 -0.750719 3.30842
0.59 0.3006 -0.746361 3.32602
0.59236 0.298844 -0.742027 3.34363
0.59472 0.297097 -0.737718 3.36123
0.59708 0.295361 -0.733432 3.37883
0.59944 0.293636 -0.729171 3.39644
0.6018 0.29192 -0.724933 3.41404
0.60416 0.290214 -0.720719 3.43164
0.60652 0.288518 -0.71653 3.44924
0.60888 0.286832 -0.712363 3.46685
0.61124 0.285156 -0.70822 3.48445
0.6136 0.283489 -0.704101 3.50205
0.61596 0.281832 -0.700005 3.51965
0.61832 0.280185 -0.695932 3.53725
0.62068 0.278547 -0.691882 3.55484
0.62304 0.276919 -0.687855 3.57244
0.6254 0.275301 -0.683851 3.59004
0.62776 0.273692 -0.67987 3.60764
0.63012 0.272092 -0.675911 3.62524
0.63248 0.270501 -0.671975 3.64283
0.63484 0.26892 -0.668062 3.66043
0.6372 0.267348 -0.66417 3.67803
0.63956 0.265785 -0.660301 3.69562
0.64192 0.264231 -0.656455 3.71322
0.64428 0.262687 -0.65263 3.73082
0.64664 0.261151 -0.648827 3.74841
0.649 0.259624 -0.645046 3.76601
0.65136 0.258106 -0.641286 3.7836
0.65372 0.256597 -0.637548 3.8012
0.65608 0.255097 -0.633832 3.81879
0.65844 0.253606 -0.630137 3.83638
0.6608 0.252123 -0.626463 3.85398
0.66316 0.250649 -0.622811 3.87157
0.66552 0.249183 -0.619179 3.88917
0.66788 0.247726 -0.615568 3.90676
0.67024 0.246278 -0.611978 3.92435
0.6726 0.244838 -0.608409 3.94194
0.67496 0.243406 -0.604861 3.95954
0.67732 0.241983 -0.601332 3.97713
0.67968 0.240568 -0.597825 3.99472
0.68204 0.239161 -0.594337 4.01231
0.6844 0.237762 -0.59087 4.0299
0.68676 0.236372 -0.587423 4.0475
0.68912 0.23499 -0.583995 4.06509
0.69148 0.233615 -0.580588 4.08268
0.69384 0.232249 -0.5772 4.10027
0.6962 0.230891 -0.573832 4.11786
0.69856 0.229541 -0.570483 4.13545
0.70092 0.228198 -0.567154 4.15304
0.70328 0.226864 -0.563844 4.17063
0.70564 0.225537 -0.560554 4.18822
0.708 0.224218 -0.557282 4.20581
0.71036 0.222907 -0.554029 4.2234
0.71272 0.221603 -0.550796 4.24099
0.71508 0.220307 -0.547581 4.25858
0.71744 0.219018 -0.544384 4.27617
0.7198 0.217737 -0.541207 4.29376
0.72216 0.216464 -0.538047 4.31135
0.72452 0.215198 -0.534906 4.32894
0.72688 0.213939 -0.531784 4.34653
0.72924 0.212688 -0.528679 4.36412
0.7316 0.211444 -0.525593 4.38171
0.73396 0.210207 -0.522524 4.3993
0.73632 0.208977 -0.519474 4.41689
0.73868 0.207755 -0.516441 4.43447
0.74104 0.20654 -0.513425 4.45206
0.7434 0.205332 -0.510428 4.46965
0.74576 0.20413 -0.507448 4.48724
0.74812 0.202936 -0.504485 4.50483
0.75048 0.201749 -0.501539 4.52242
0.75284 0.200569 -0.498611 4.54
0.7552 0.199396 -0.495699 4.55759
0.75756 0.198229 -0.492805 4.57518
0.75992 0.19707 -0.489927 4.59277
0.76228 0.195917 -0.487066 4.61036
0.76464 0.194771 -0.484222 4.62794
0.767 0.193631 -0.481395 4.64553
0.76936 0.192499 -0.478584 4.66312
0.77172 0.191372 -0.475789 4.6807
0.77408 0.190253 -0.473011 4.69829
0.77644 0.18914 -0.470249 4.71588
0.7788 0.188033 -0.467502 4.73347
0.78116 0.186933 -0.464772 4.75105
0.78352 0.18584 -0.462058 4.76864
0.78588 0.184752 -0.45936 4.78623
0.78824 0.183671 -0.456678 4.80381
0.7906 0.182597 -0.454011 4.8214
0.79296 0.181528 -0.45136 4.83899
0.79532 0.180466 -0.448724 4.85657
0.79768 0.17941 -0.446103 4.87416
0.80004 0.178361 -0.443498 4.89174
0.8024 0.177317 -0.440908 4.90933
0.80476 0.17628 -0.438334 4.92692
0.80712 0.175248 -0.435774 4.9445
0.80948 0.174223 -0.433229 4.96209
0.81184 0.173203 -0.430699 4.97967
0.8142 0.17219 -0.428184 4.99726
0.81656 0.171182 -0.425684 5.01485
0.81892 0.170181 -0.423198 5.03243
0.82128 0.169185 -0.420726 5.05002
0.82364 0.168195 -0.41827 5.0676
0.826 0.16721 -0.415827 5.08519
0.82836 0.166232 -0.413399 5.10277
0.83072 0.165259 -0.410985 5.12036
0.83308 0.164292 -0.408585 5.13794
0.83544 0.163331 -0.406199 5.15553
0.8378 0.162375 -0.403827 5.17311
0.84016 0.161425 -0.401469 5.1907
0.84252 0.16048 -0.399125 5.20828
0.84488 0.159541 -0.396794 5.22587
0.84724 0.158607 -0.394477 5.24345
0.8496 0.157679 -0.392174 5.26104
0.85196 0.156756 -0.389884 5.27862
0.85432 0.155839 -0.387607 5.2962
0.85668 0.154926 -0.385344 5.31379
0.85904 0.15402 -0.383094 5.33137
0.8614 0.153118 -0.380857 5.34896
0.86376 0.152222 -0.378633 5.36654
0.86612 0.151331 -0.376422 5.38412
0.86848 0.150445 -0.374224 5.40171
0.87084 0.149565 -0.372039 5.41929
0.8732 0.148689 -0.369867 5.43688
0.87556 0.147819 -0.367708 5.45446
0.87792 0.146954 -0.365561 5.47204
0.88028 0.146094 -0.363427 5.48963
0.88264 0.145238 -0.361305 5.50721
0.885 0.144388 -0.359195 5.52479
0.88736 0.143543 -0.357098 5.54237
0.88972 0.142703 -0.355013 5.55996
0.89208 0.141867 -0.352941 5.57754
0.89444 0.141037 -0.35088 5.59512
0.8968 0.140211 -0.348832 5.61271
0.89916 0.13939 -0.346795 5.63029
0.90152 0.138574 -0.344771 5.64787
0.90388 0.137763 -0.342758 5.66545
0.90624 0.136956 -0.340757 5.68304
0.9086 0.136155 -0.338768 5.70062
0.91096 0.135357 -0.336791 5.7182
0.91332 0.134565 -0.334825 5.73578
0.91568 0.133777 -0.33287 5.75336
0.91804 0.132994 -0.330927 5.77094
0.9204 0.132215 -0.328996 5.78853
0.92276 0.131441 -0.327075 5.80611
0.92512 0.130671 -0.325166 5.82369
0.92748 0.129906 -0.323268 5.84127
0.92984 0.129145 -0.321381 5.85885
0.9322 0.128389 -0.319506 5.87643
0.93456 0.127637 -0.317641 5.89401
0.93692 0.12689 -0.315787 5.91159
0.93928 0.126147 -0.313944 5.92917
0.94164 0.125408 -0.312112 5.94676
0.944 0.124674 -0.31029 5.96434
0.94636 0.123943 -0.308479 5.98192
0.94872 0.123218 -0.306679 5.9995
0.95108 0.122496 -0.304889 6.01708
0.95344 0.121778 -0.30311 6.03466
0.9558 0.121065 -0.301341 6.05224
0.95816 0.120356 -0.299583 6.06982
0.96052 0.119651 -0.297835 6.08739
0.96288 0.11895 -0.296097 6.10497
0.96524 0.118254 -0.294369 6.12255
0.9676 0.117561 -0.292652 6.14013
0.96996 0.116872 -0.290944 6.15771
0.97232 0.116188 -0.289246 6.17529
0.97468 0.115507 -0.287559 6.19287
0.97704 0.11483 -0.285881 6.21045
0.9794 0.114158 -0.284213 6.22803
0.98176 0.113489 -0.282555 6.2456
0.98412 0.112824 -0.280907 6.26318
0.98648 0.112163 -0.279268 6.28076
0.98884 0.111506 -0.277639 6.29834
0.9912 0.110853 -0.276019 6.31592
0.99356 0.110203 -0.274409 6.33349
0.99592 0.109557 -0.272808 6.35107
0.99828 0.108915 -0.271217 6.36865
1.00064 0.108277 -0.269635 6.38623
1.003 0.107643 -0.268062 6.4038
1.00536 0.107012 -0.266499 6.42138
1.00772 0.106385 -0.264944 6.43896
1.01008 0.105761 -0.263399 6.45653
1.01244 0.105142 -0.261863 6.47411
1.0148 0.104525 -0.260336 6.49168
1.01716 0.103913 -0.258818 6.50926
1.01952 0.103304 -0.257308 6.52684
1.02188 0.102698 -0.255808 6.54441
1.02424 0.102096 -0.254316 6.56199
1.0266 0.101498 -0.252833 6.57956
1.02896 0.100903 -0.251359 6.59714
1.03132 0.100311 -0.249893 6.61471
1.03368 0.0997234 -0.248436 6.63229
1.03604 0.0991388 -0.246988 6.64986
1.0384 0.0985576 -0.245548 6.66744
1.04076 0.0979798 -0.244116 6.68501
1.04312 0.0974054 -0.242693 6.70258
1.04548 0.0968343 -0.241278 6.72016
1.04784 0.0962666 -0.239872 6.73773
1.0502 0.0957021 -0.238473 6.7553
1.05256 0.095141 -0.237083 6.77288
1.05492 0.0945831 -0.235701 6.79045
1.05728 0.0940284 -0.234328 6.80802
1.05964 0.093477 -0.232962 6.8256
1.062 0.0929288 -0.231604 6.84317
1.06436 0.0923839 -0.230254 6.86074
1.06672 0.091842 -0.228912 6.87831
1.06908 0.0913034 -0.227578 6.89588
1.07144 0.0907679 -0.226252 6.91346
1.0738 0.0902355 -0.224934 6.93103
1.07616 0.0897062 -0.223623 6.9486
1.07852 0.08918 -0.22232 6.96617
1.08088 0.0886568 -0.221025 6.98374
1.08324 0.0881367 -0.219737 7.00131
1.0856 0.0876196 -0.218457 7.01888
1.08796 0.0871056 -0.217184 7.03645
1.09032 0.0865945 -0.215919 7.05402
1.09268 0.0860864 -0.214661 7.07159
1.09504 0.0855813 -0.213411 7.08916
1.0974 0.0850791 -0.212168 7.10673
1.09976 0.0845799 -0.210932 7.1243
1.10212 0.0840835 -0.209703 7.14186
1.10448 0.0835901 -0.208482 7.15943
1.10684 0.0830995 -0.207268 7.177
1.1092 0.0826118 -0.206061 7.19457
1.11156 0.0821269 -0.204861 7.21213
1.11392 0.0816448 -0.203668 7.2297
1.11628 0.0811656 -0.202482 7.24727
1.11864 0.0806891 -0.201303 7.26483
1.121 0.0802154 -0.200131 7.2824
1.12336 0.0797445 -0.198966 7.29997
1.12572 0.0792763 -0.197808 7.31753
1.12808 0.0788108 -0.196656 7.3351
1.13044 0.0783481 -0.195512 7.35266
1.1328 0.077888 -0.194374 7.37023
1.13516 0.0774306 -0.193242 7.38779
1.13752 0.0769759 -0.192118 7.40536
1.13988 0.0765238 -0.190999 7.42292
1.14224 0.0760744 -0.189888 7.44048
1.1446 0.0756275 -0.188783 7.45805
1.14696 0.0751833 -0.187685 7.47561
1.14932 0.0747417 -0.186592 7.49317
1.15168 0.0743026 -0.185507 7.51073
1.15404 0.0738661 -0.184428 7.5283
1.1564 0.0734321 -0.183355 7.54586
1.15876 0.0730006 -0.182288 7.56342
1.16112 0.0725717 -0.181228 7.58098
1.16348 0.0721452 -0.180174 7.59854
1.16584 0.0717213 -0.179126 7.6161
1.1682 0.0712997 -0.178084 7.63366
1.17056 0.0708807 -0.177048 7.65122
1.17292 0.0704641 -0.176019 7.66878
1.17528 0.0700499 -0.174995 7.68634
1.17764 0.0696381 -0.173978 7.7039
1.18 0.0692287 -0.172966 7.72145
1.18236 0.0688217 -0.171961 7.73901
1.18472 0.068417 -0.170961 7.75657
1.18708 0.0680147 -0.169967 7.77413
1.18944 0.0676148 -0.168979 7.79168
1.1918 0.0672172 -0.167997 7.80924
1.19416 0.0668218 -0.167021 7.82679
1.19652 0.0664288 -0.16605 7.84435
1.19888 0.0660381 -0.165086 7.8619
1.20124 0.0656496 -0.164126 7.87946
1.2036 0.0652634 -0.163173 7.89701
1.20596 0.0648794 -0.162225 7.91457
1.20832 0.0644977 -0.161282 7.93212
1.21068 0.0641182 -0.160346 7.94967
1.21304 0.0637409 -0.159414 7.96722
1.2154 0.0633657 -0.158489 7.98478
1.21776 0.0629928 -0.157568 8.00233
1.22012 0.062622 -0.156653 8.01988
1.22248 0.0622534 -0.155744 8.03743
1.22484 0.0618869 -0.154839 8.05498
1.2272 0.0615225 -0.15394 8.07253
1.22956 0.0611603 -0.153047 8.09008
1.23192 0.0608001 -0.152158 8.10763
1.23428 0.0604421 -0.151275 8.12518
1.23664 0.0600861 -0.150397 8.14272
1.239 0.0597322 -0.149525 8.16027
1.24136 0.0593804 -0.148657 8.17782
1.24372 0.0590305 -0.147795 8.19536
1.24608 0.0586828 -0.146937 8.21291
1.24844 0.058337 -0.146085 8.23045
1.2508 0.0579932 -0.145237 8.248
1.25316 0.0576515 -0.144395 8.26554
1.25552 0.0573117 -0.143558 8.28309
1.25788 0.0569739 -0.142725 8.30063
1.26024 0.056638 -0.141898 8.31817
1.2626 0.0563041 -0.141075 8.33571
1.26496 0.0559721 -0.140257 8.35325
1.26732 0.0556421 -0.139444 8.37079
1.26968 0.055314 -0.138636 8.38833
1.27204 0.0549877 -0.137833 8.40587
1.2744 0.0546634 -0.137034 8.42341
1.27676 0.0543409 -0.13624 8.44095
1.27912 0.0540203 -0.135451 8.45849
1.28148 0.0537016 -0.134666 8.47603
1.28384 0.0533847 -0.133886 8.49356
1.2862 0.0530697 -0.133111 8.5111
1.28856 0.0527564 -0.13234 8.52863
1.29092 0.052445 -0.131574 8.54617
1.29328 0.0521354 -0.130812 8.5637
1.29564 0.0518276 -0.130055 8.58123
1.298 0.0515215 -0.129302 8.59877
1.30036 0.0512173 -0.128553 8.6163
1.30272 0.0509148 -0.127809 8.63383
1.30508 0.050614 -0.12707 8.65136
1.30744 0.050315 -0.126335 8.66889
1.3098 0.0500177 -0.125604 8.68642
1.31216 0.0497221 -0.124877 8.70395
1.31452 0.0494283 -0.124155 8.72148
1.31688 0.0491361 -0.123437 8.739
1.31924 0.0488456 -0.122724 8.75653
1.3216 0.0485569 -0.122014 8.77405
1.32396 0.0482697 -0.121309 8.79158
1.32632 0.0479843 -0.120608 8.8091
1.32868 0.0477005 -0.119911 8.82663
1.33104 0.0474183 -0.119218 8.84415
1.3334 0.0471377 -0.118529 8.86167
1.33576 0.0468588 -0.117845 8.87919
1.33812 0.0465815 -0.117164 8.89671
1.34048 0.0463058 -0.116487 8.91423
1.34284 0.0460317 -0.115815 8.93175
1.3452 0.0457592 -0.115146 8.94927
1.34756 0.0454882 -0.114482 8.96678
1.34992 0.0452188 -0.113821 8.9843
1.35228 0.044951 -0.113164 9.00181
1.35464 0.0446847 -0.112511 9.01933
1.357 0.0444199 -0.111862 9.03684
1.35936 0.0441567 -0.111217 9.05435
1.36172 0.043895 -0.110576 9.07187
1.36408 0.0436348 -0.109938 9.08938
1.36644 0.043376 -0.109304 9.10689
1.3688 0.0431188 -0.108674 9.1244
1.37116 0.0428631 -0.108048 9.1419
1.37352 0.0426088 -0.107425 9.15941
1.37588 0.0423561 -0.106806 9.17692
1.37824 0.0421047 -0.106191 9.19442
1.3806 0.0418548 -0.10558 9.21192
1.38296 0.0416064 -0.104972 9.22943
1.38532 0.0413594 -0.104367 9.24693
1.38768 0.0411138 -0.103767 9.26443
1.39004 0.0408696 -0.10317 9.28193
1.3924 0.0406268 -0.102576 9.29943
1.39476 0.0403854 -0.101986 9.31693
1.39712 0.0401454 -0.101399 9.33442
1.39948 0.0399068 -0.100816 9.35192
1.40184 0.0396696 -0.100237 9.36941
1.4042 0.0394337 -0.0996604 9.38691
1.40656 0.0391992 -0.0990876 9.4044
1.40892 0.038966 -0.0985183 9.42189
1.41128 0.0387342 -0.0979523 9.43938
1.41364 0.0385037 -0.0973897 9.45687
1.416 0.0382745 -0.0968305 9.47436
1.41836 0.0380466 -0.0962746 9.49184
1.42072 0.0378201 -0.095722 9.50933
1.42308 0.0375948 -0.0951727 9.52681
1.42544 0.0373708 -0.0946266 9.5443
1.4278 0.0371482 -0.0940838 9.56178
1.43016 0.0369268 -0.0935443 9.57926
1.43252 0.0367066 -0.0930079 9.59674
1.43488 0.0364878 -0.0924748 9.61422
1.43724 0.0362701 -0.0919448 9.63169
1.4396 0.0360538 -0.091418 9.64917
1.44196 0.0358387 -0.0908944 9.66664
1.44432 0.0356248 -0.0903738 9.68411
1.44668 0.0354121 -0.0898564 9.70159
1.44904 0.0352006 -0.0893421 9.71906
1.4514 0.0349904 -0.0888308 9.73652
1.45376 0.0347813 -0.0883226 9.75399
1.45612 0.0345735 -0.0878174 9.77146
1.45848 0.0343668 -0.0873152 9.78892
1.46084 0.0341614 -0.0868161 9.80639
1.4632 0.0339571 -0.0863199 9.82385
1.46556 0.0337539 -0.0858267 9.84131
1.46792 0.033552 -0.0853365 9.85877
1.47028 0.0333511 -0.0848491 9.87622
1.47264 0.0331515 -0.0843647 9.89368
1.475 0.0329529 -0.0838832 9.91113
1.47736 0.0327555 -0.0834046 9.92858
1.47972 0.0325593 -0.0829289 9.94604
1.48208 0.0323641 -0.082456 9.96348
1.48444 0.0321701 -0.0819859 9.98093
1.4868 0.0319771 -0.0815187 9.99838
1.48916 0.0317853 -0.0810542 10.0158
1.49152 0.0315946 -0.0805926 10.0333
1.49388 0.0314049 -0.0801337 10.0507
1.49624 0.0312163 -0.0796776 10.0681
1.4986 0.0310288 -0.0792242 10.0856
1.50096 0.0308424 -0.0787735 10.103
1.50332 0.030657 -0.0783256 10.1205
1.50568 0.0304727 -0.0778803 10.1379
1.50804 0.0302894 -0.0774377 10.1553
1.5104 0.0301072 -0.0769978 10.1727
1.51276 0.029926 -0.0765605 10.1902
1.51512 0.0297458 -0.0761259 10.2076
1.51748 0.0295667 -0.0756938 10.225
1.51984 0.0293885 -0.0752644 10.2424
1.5222 0.0292114 -0.0748376 10.2599
1.52456 0.0290353 -0.0744133 10.2773
1.52692 0.0288602 -0.0739916 10.2947
1.52928 0.0286861 -0.0735724 10.3121
1.53164 0.0285129 -0.0731558 10.3295
1.534 0.0283408 -0.0727417 10.3469
1.53636 0.0281696 -0.0723301 10.3643
1.53872 0.0279994 -0.0719209 10.3817
1.54108 0.0278301 -0.0715143 10.3992
1.54344 0.0276618 -0.0711101 10.4166
1.5458 0.0274945 -0.0707083 10.434
1.54816 0.0273281 -0.070309 10.4514
1.55052 0.0271626 -0.0699121 10.4687
1.55288 0.0269981 -0.0695176 10.4861
1.55524 0.0268345 -0.0691255 10.5035
1.5576 0.0266718 -0.0687357 10.5209
1.55996 0.0265101 -0.0683484 10.5383
1.56232 0.0263492 -0.0679633 10.5557
1.56468 0.0261893 -0.0675807 10.5731
1.56704 0.0260302 -0.0672003 10.5905
1.5694 0.0258721 -0.0668222 10.6078
1.57176 0.0257148 -0.0664465 10.6252
1.57412 0.0255584 -0.066073 10.6426
1.57648 0.025403 -0.0657018 10.6599
1.57884 0.0252483 -0.0653329 10.6773
1.5812 0.0250946 -0.0649662 10.6947
1.58356 0.0249417 -0.0646017 10.712
1.58592 0.0247897 -0.0642395 10.7294
1.58828 0.0246385 -0.0638794 10.7468
1.59064 0.0244881 -0.0635216 10.7641
1.593 0.0243387 -0.063166 10.7815
1.59536 0.02419 -0.0628125 10.7988
1.59772 0.0240422 -0.0624612 10.8162
1.60008 0.0238952 -0.062112 10.8335
1.60244 0.023749 -0.061765 10.8509
1.6048 0.0236036 -0.06142 10.8682
1.60716 0.0234591 -0.0610772 10.8855
1.60952 0.0233154 -0.0607365 10.9029
1.61188 0.0231724 -0.0603979 10.9202
1.61424 0.0230303 -0.0600614 10.9375
1.6166 0.0228889 -0.0597269 10.9548
1.61896 0.0227484 -0.0593945 10.9722
1.62132 0.0226086 -0.0590641 10.9895
1.62368 0.0224696 -0.0587358 11.0068
1.62604 0.0223314 -0.0584094 11.0241
1.6284 0.0221939 -0.0580851 11.0414
1.63076 0.0220572 -0.0577628 11.0587
1.63312 0.0219213 -0.0574425 11.076
1.63548 0.0217861 -0.0571241 11.0933
1.63784 0.0216516 -0.0568077 11.1106
1.6402 0.0215179 -0.0564933 11.1279
1.64256 0.021385 -0.0561808 11.1452
1.64492 0.0212528 -0.0558702 11.1625
1.64728 0.0211213 -0.0555615 11.1798
1.64964 0.0209905 -0.0552548 11.1971
1.652 0.0208605 -0.05495 11.2144
1.65436 0.0207311 -0.054647 11.2316
1.65672 0.0206025 -0.0543459 11.2489
1.65908 0.0204746 -0.0540467 11.2662
1.66144 0.0203474 -0.0537494 11.2834
1.6638 0.0202209 -0.0534539 11.3007
1.66616 0.0200951 -0.0531602 11.318
1.66852 0.01997 -0.0528684 11.3352
1.67088 0.0198456 -0.0525784 11.3525
1.67324 0.0197218 -0.0522902 11.3697
1.6756 0.0195988 -0.0520038 11.387
1.67796 0.0194764 -0.0517192 11.4042
1.68032 0.0193547 -0.0514363 11.4214
1.68268 0.0192336 -0.0511552 11.4387
1.68504 0.0191132 -0.0508759 11.4559
1.6874 0.0189935 -0.0505984 11.4731
1.68976 0.0188744 -0.0503225 11.4904
1.69212 0.0187559 -0.0500484 11.5076
1.69448 0.0186381 -0.0497761 11.5248
1.69684 0.018521 -0.0495054 11.542
1.6992 0.0184045 -0.0492364 11.5592
1.70156 0.0182886 -0.0489692 11.5764
1.70392 0.0181733 -0.0487036 11.5936
1.70628 0.0180587 -0.0484397 11.6108
1.70864 0.0179447 -0.0481774 11.628
1.711 0.0178313 -0.0479168 11.6452
1.71336 0.0177185 -0.0476579 11.6624
1.71572 0.0176064 -0.0474006 11.6795
1.71808 0.0174948 -0.0471449 11.6967
1.72044 0.0173838 -0.0468909 11.7139
1.7228 0.0172735 -0.0466384 11.731
1.72516 0.0171637 -0.0463876 11.7482
1.72752 0.0170545 -0.0461383 11.7654
1.72988 0.0169459 -0.0458907 11.7825
1.73224 0.0168379 -0.0456446 11.7997
1.7346 0.0167305 -0.0454001 11.8168
1.73696 0.0166236 -0.0451571 11.8339
1.73932 0.0165173 -0.0449157 11.8511
1.74168 0.0164116 -0.0446759 11.8682
1.74404 0.0163065 -0.0444376 11.8853
1.7464 0.0162019 -0.0442008 11.9025
1.74876 0.0160978 -0.0439655 11.9196
1.75112 0.0159944 -0.0437318 11.9367
1.75348 0.0158914 -0.0434995 11.9538
1.75584 0.015789 -0.0432687 11.9709
1.7582 0.0156872 -0.0430395 11.988
1.76056 0.0155859 -0.0428117 12.0051
1.76292 0.0154851 -0.0425854 12.0222
1.76528 0.0153849 -0.0423605 12.0392
1.76764 0.0152852 -0.0421371 12.0563
1.77 0.015186 -0.0419152 12.0734
1.77236 0.0150873 -0.0416947 12.0905
1.77472 0.0149892 -0.0414756 12.1075
1.77708 0.0148916 -0.0412579 12.1246
1.77944 0.0147945 -0.0410417 12.1416
1.7818 0.0146979 -0.0408269 12.1587
1.78416 0.0146018 -0.0406135 12.1757
1.78652 0.0145062 -0.0404014 12.1928
1.78888 0.0144111 -0.0401908 12.2098
1.79124 0.0143165 -0.0399816 12.2268
1.7936 0.0142224 -0.0397737 12.2438
1.79596 0.0141287 -0.0395672 12.2609
1.79832 0.0140356 -0.039362 12.2779
1.80068 0.0139429 -0.0391582 12.2949
1.80304 0.0138508 -0.0389558 12.3119
1.8054 0.0137591 -0.0387547 12.3289
1.80776 0.0136678 -0.0385549 12.3459
1.81012 0.0135771 -0.0383565 12.3628
1.81248 0.0134868 -0.0381593 12.3798
1.81484 0.013397 -0.0379635 12.3968
1.8172 0.0133076 -0.037769 12.4138
1.81956 0.0132187 -0.0375758 12.4307
1.82192 0.0131303 -0.0373839 12.4477
1.82428 0.0130422 -0.0371932 12.4646
1.82664 0.0129547 -0.0370039 12.4816
1.829 0.0128676 -0.0368158 12.4985
1.83136 0.0127809 -0.0366289 12.5154
1.83372 0.0126947 -0.0364434 12.5324
1.83608 0.0126089 -0.0362591 12.5493
1.83844 0.0125236 -0.036076 12.5662
1.8408 0.0124386 -0.0358942 12.5831
1.84316 0.0123541 -0.0357136 12.6
1.84552 0.0122701 -0.0355342 12.6169
1.84788 0.0121864 -0.0353561 12.6338
1.85024 0.0121032 -0.0351792 12.6507
1.8526 0.0120204 -0.0350035 12.6676
1.85496 0.011938 -0.0348289 12.6844
1.85732 0.011856 -0.0346556 12.7013
1.85968 0.0117744 -0.0344835 12.7182
1.86204 0.0116932 -0.0343126 12.735
1.8644 0.0116124 -0.0341428 12.7519
1.86676 0.0115321 -0.0339742 12.7687
1.86912 0.0114521 -0.0338068 12.7856
1.87148 0.0113725 -0.0336406 12.8024
1.87384 0.0112933 -0.0334755 12.8192
1.8762 0.0112145 -0.0333115 12.8361
1.87856 0.0111361 -0.0331487 12.8529
1.88092 0.011058 -0.0329871 12.8697
1.88328 0.0109804 -0.0328265 12.8865
1.88564 0.0109031 -0.0326671 12.9033
1.888 0.0108262 -0.0325089 12.9201
1.89036 0.0107496 -0.0323517 12.9369
1.89272 0.0106735 -0.0321957 12.9536
1.89508 0.0105977 -0.0320407 12.9704
1.89744 0.0105222 -0.0318869 12.9872
1.8998 0.0104472 -0.0317342 13.0039
1.90216 0.0103724 -0.0315825 13.0207
1.90452 0.0102981 -0.0314319 13.0375
1.90688 0.0102241 -0.0312825 13.0542
1.90924 0.0101504 -0.0311341 13.0709
1.9116 0.0100771 -0.0309867 13.0877
1.91396 0.0100042 -0.0308404 13.1044
1.91632 0.00993157 -0.0306952 13.1211
1.91868 0.0098593 -0.0305511 13.1378
1.92104 0.00978736 -0.030408 13.1546
1.9234 0.00971577 -0.0302659 13.1713
1.92576 0.00964451 -0.0301249 13.188
1.92812 0.00957358 -0.0299849 13.2047
1.93048 0.00950298 -0.029846 13.2214
1.93284 0.00943271 -0.029708 13.238
1.9352 0.00936276 -0.0295711 13.2547
1.93756 0.00929313 -0.0294352 13.2714
1.93992 0.00922382 -0.0293004 13.2881
1.94228 0.00915483 -0.0291665 13.3047
1.94464 0.00908615 -0.0290336 13.3214
1.947 0.00901779 -0.0289018 13.3381
1.94936 0.00894974 -0.0287709 13.3547
1.95172 0.00888199 -0.028641 13.3714
1.95408 0.00881455 -0.0285121 13.388
1.95644 0.00874741 -0.0283842 13.4046
1.9588 0.00868058 -0.0282572 13.4213
1.96116 0.00861404 -0.0281313 13.4379
1.96352 0.0085478 -0.0280063 13.4545
1.96588 0.00848185 -0.0278822 13.4712
1.96824 0.00841619 -0.0277591 13.4878
1.9706 0.00835082 -0.027637 13.5044
1.97296 0.00828574 -0.0275158 13.521
1.97532 0.00822095 -0.0273956 13.5376
1.97768 0.00815644 -0.0272763 13.5542
1.98004 0.0080922 -0.0271579 13.5708
1.9824 0.00802825 -0.0270405 13.5874
1.98476 0.00796457 -0.026924 13.604
1.98712 0.00790117 -0.0268085 13.6206
1.98948 0.00783804 -0.0266938 13.6372
1.99184 0.00777517 -0.0265801 13.6538
1.9942 0.00771258 -0.0264673 13.6704
1.99656 0.00765025 -0.0263554 13.687
1.99892 0.00758818 -0.0262444 13.7036
2.00128 0.00752637 -0.0261343 13.7202
2.00364 0.00746482 -0.0260251 13.7367
2.006 0.00740353 -0.0259168 13.7533
2.00836 0.0073425 -0.0258094 13.7699
2.01072 0.00728171 -0.0257029 13.7865
2.01308 0.00722118 -0.0255972 13.8031
2.01544 0.00716089 -0.0254925 13.8197
2.0178 0.00710085 -0.0253886 13.8362
2.02016 0.00704106 -0.0252856 13.8528
2.02252 0.0069815 -0.0251835 13.8694
2.02488 0.00692219 -0.0250822 13.886
2.02724 0.00686312 -0.0249818 13.9026
2.0296 0.00680428 -0.0248822 13.9192
2.03196 0.00674567 -0.0247835 13.9358
2.03432 0.0066873 -0.0246857 13.9524
2.03668 0.00662915 -0.0245887 13.969
2.03904 0.00657124 -0.0244925 13.9856
2.0414 0.00651355 -0.0243972 14.0022
2.04376 0.00645608 -0.0243027 14.0189
2.04612 0.00639884 -0.0242091 14.0355
2.04848 0.00634181 -0.0241163 14.0521
2.05084 0.00628501 -0.0240243 14.0688
2.0532 0.00622842 -0.0239332 14.0854
2.05556 0.00617204 -0.0238429 14.1021
2.05792 0.00611588 -0.0237534 14.1187
2.06028 0.00605993 -0.0236647 14.1354
2.06264 0.00600418 -0.0235768 14.1521
2.065 0.00594864 -0.0234897 14.1688
2.06736 0.00589331 -0.0234035 14.1855
2.06972 0.00583818 -0.023318 14.2022
2.07208 0.00578325 -0.0232334 14.2189
2.07444 0.00572852 -0.0231495 14.2357
2.0768 0.00567398 -0.0230665 14.2524
2.07916 0.00561964 -0.0229842 14.2692
2.08152 0.0055655 -0.0229027 14.286
2.08388 0.00551154 -0.0228221 14.3028
2.08624 0.00545778 -0.0227422 14.3196
2.0886 0.0054042 -0.022663 14.3364
2.09096 0.00535081 -0.0225847 14.3533
2.09332 0.0052976 -0.0225071 14.3701
2.09568 0.00524457 -0.0224303 14.387
2.09804 0.00519173 -0.0223543 14.404
2.1004 0.00513906 -0.0222791 14.4209
2.10276 0.00508657 -0.0222046 14.4379
2.10512 0.00503425 -0.0221309 14.4549
2.10748 0.00498211 -0.0220579 14.4719
2.10984 0.00493014 -0.0219857 14.4889
2.1122 0.00487834 -0.0219143 14.506
2.11456 0.0048267 -0.0218436 14.5231
2.11692 0.00477523 -0.0217736 14.5402
2.11928 0.00472393 -0.0217045 14.5574
2.12164 0.00467279 -0.021636 14.5746
2.124 0.00462181 -0.0215683 14.5918
2.12636 0.00457098 -0.0215013 14.6091
2.12872 0.00452032 -0.0214351 14.6264
2.13108 0.00446981 -0.0213696 14.6438
2.13344 0.00441945 -0.0213049 14.6612
2.1358 0.00436925 -0.0212409 14.6786
2.13816 0.0043192 -0.0211776 14.6961
2.14052 0.00426929 -0.021115 14.7136
2.14288 0.00421953 -0.0210532 14.7312
2.14524 0.00416992 -0.0209921 14.7489
2.1476 0.00412045 -0.0209317 14.7666
2.14996 0.00407112 -0.020872 14.7843
2.15232 0.00402193 -0.0208131 14.8021
2.15468 0.00397288 -0.0207549 14.82
2.15704 0.00392397 -0.0206973 14.838
2.1594 0.00387519 -0.0206405 14.856
2.16176 0.00382655 -0.0205844 14.874
2.16412 0.00377803 -0.020529 14.8922
2.16648 0.00372965 -0.0204744 14.9104
2.16884 0.00368139 -0.0204204 14.9287
2.1712 0.00363326 -0.0203671 14.9471
2.17356 0.00358526 -0.0203145 14.9656
2.17592 0.00353738 -0.0202626 14.9841
2.17828 0.00348962 -0.0202115 15.0028
2.18064 0.00344198 -0.020161 15.0215
2.183 0.00339446 -0.0201112 15.0404
2.18536 0.00334705 -0.0200621 15.0593
2.18772 0.00329977 -0.0200136 15.0784
2.19008 0.00325259 -0.0199659 15.0976
2.19244 0.00320553 -0.0199189 15.1169
2.1948 0.00315857 -0.0198725 15.1363
2.19716 0.00311173 -0.0198269 15.1558
2.19952 0.00306499 -0.0197819 15.1755
2.20188 0.00301836 -0.0197375 15.1953
2.20424 0.00297183 -0.0196939 15.2153
2.2066 0.0029254 -0.019651 15.2354
2.20896 0.00287907 -0.0196087 15.2557
2.21132 0.00283285 -0.0195671 15.2761
2.21368 0.00278672 -0.0195261 15.2967
2.21604 0.00274068 -0.0194859 15.3175
2.2184 0.00269474 -0.0194463 15.3384
2.22076 0.0026489 -0.0194074 15.3596
2.22312 0.00260314 -0.0193691 15.381
2.22548 0.00255747 -0.0193315 15.4026
2.22784 0.00251189 -0.0192946 15.4244
2.2302 0.0024664 -0.0192583 15.4464
2.23256 0.00242099 -0.0192227 15.4687
2.23492 0.00237567 -0.0191878 15.4912
2.23728 0.00233043 -0.0191535 15.514
2.23964 0.00228527 -0.0191199 15.5371
2.242 0.00224018 -0.0190869 15.5605
2.24436 0.00219517 -0.0190546 15.5842
2.24672 0.00215024 -0.019023 15.6082
2.24908 0.00210539 -0.018992 15.6325
2.25144 0.0020606 -0.0189616 15.6572
2.2538 0.00201589 -0.0189319 15.6823
2.25616 0.00197124 -0.0189029 15.7078
2.25852 0.00192666 -0.0188745 15.7336
2.26088 0.00188215 -0.0188468 15.76
2.26324 0.00183771 -0.0188197 15.7867
2.2656 0.00179332 -0.0187932 15.814
2.26796 0.001749 -0.0187674 15.8418
2.27032 0.00170474 -0.0187423 15.8701
2.27268 0.00166054 -0.0187178 15.899
2.27504 0.00161639 -0.0186939 15.9285
2.2774 0.0015723 -0.0186707 15.9586
2.27976 0.00152827 -0.0186481 15.9894
2.28212 0.00148428 -0.0186261 16.021
2.28448 0.00144035 -0.0186048 16.0533
2.28684 0.00139647 -0.0185842 16.0865
2.2892 0.00135263 -0.0185641 16.1205
2.29156 0.00130884 -0.0185448 16.1555
2.29392 0.0012651 -0.018526 16.1916
2.29628 0.0012214 -0.0185079 16.2287
2.29864 0.00117774 -0.0184904 16.267
2.301 0.00113413 -0.0184736 16.3065
2.30336 0.00109055 -0.0184574 16.3475
2.30572 0.00104701 -0.0184418 16.3899
2.30808 0.0010035 -0.0184269 16.4339
2.31044 0.000960031 -0.0184126 16.4798
2.3128 0.000916594 -0.0183989 16.5276
2.31516 0.000873188 -0.0183859 16.5775
2.31752 0.000829812 -0.0183735 16.6298
2.31988 0.000786465 -0.0183617 16.6847
2.32224 0.000743145 -0.0183505 16.7426
2.3246 0.00069985 -0.01834 16.8038
2.32696 0.000656579 -0.0183302 16.8687
2.32932 0.000613331 -0.0183209 16.9378
2.33168 0.000570104 -0.0183123 17.0119
2.33404 0.000526897 -0.0183043 17.0915
2.3364 0.000483707 -0.0182969 17.1779
2.33876 0.000440535 -0.0182902 17.2721
2.34112 0.000397377 -0.0182841 17.3759
2.34348 0.000354233 -0.0182786 17.4914
2.34584 0.000311101 -0.0182738 17.6218
2.3482 0.00026798 -0.0182696 17.7714
2.35056 0.000224869 -0.018266 17.9472
2.35292 0.000181765 -0.018263 18.1604
2.35528 0.000138667 -0.0182607 18.4312
2.35764 9.55737e-05 -0.018259 18.8036
2.36 5.2484e-05 -0.0182579 19.4031
