-3.2896 0.000367426 0.000912877 23.4491 7.29921e-17
-3.28631 0.000370441 0.000920369 23.4246 7.48029e-17
-3.28302 0.000373481 0.000927922 23.4 7.66569e-17
-3.27973 0.000376546 0.000935537 23.3755 7.85556e-17
-3.27644 0.000379636 0.000943214 23.351 8.05004e-17
-3.27315 0.000382752 0.000950955 23.3265 8.24928e-17
-3.26986 0.000385893 0.000958759 23.302 8.45341e-17
-3.26657 0.00038906 0.000966627 23.2774 8.66258e-17
-3.26328 0.000392253 0.00097456 23.2529 8.87692e-17
-3.25999 0.000395472 0.000982557 23.2284 9.09659e-17
-3.2567 0.000398717 0.000990621 23.2039 9.32172e-17
-3.25341 0.000401989 0.000998751 23.1794 9.55245e-17
-3.25012 0.000405288 0.00100695 23.1549 9.78894e-17
-3.24684 0.000408614 0.00101521 23.1303 1.00313e-16
-3.24355 0.000411968 0.00102354 23.1058 1.02798e-16
-3.24026 0.000415348 0.00103194 23.0813 1.05344e-16
-3.23697 0.000418757 0.00104041 23.0568 1.07954e-16
-3.23368 0.000422194 0.00104895 23.0323 1.1063e-16
-3.23039 0.000425658 0.00105756 23.0077 1.13372e-16
-3.2271 0.000429152 0.00106624 22.9832 1.16182e-16
-3.22381 0.000432673 0.00107499 22.9587 1.19062e-16
-3.22052 0.000436224 0.00108381 22.9342 1.22015e-16
-3.21723 0.000439804 0.0010927 22.9097 1.25041e-16
-3.21394 0.000443413 0.00110167 22.8851 1.28142e-16
-3.21065 0.000447052 0.00111071 22.8606 1.31321e-16
-3.20736 0.000450721 0.00111983 22.8361 1.34579e-16
-3.20407 0.00045442 0.00112902 22.8116 1.37918e-16
-3.20078 0.000458149 0.00113828 22.7871 1.4134e-16
-3.19749 0.000461909 0.00114762 22.7625 1.44847e-16
-3.1942 0.0004657 0.00115704 22.738 1.48441e-16
-3.19091 0.000469521 0.00116654 22.7135 1.52125e-16
-3.18762 0.000473375 0.00117611 22.689 1.559e-16
-3.18433 0.000477259 0.00118576 22.6645 1.59769e-16
-3.18104 0.000481176 0.00119549 22.6399 1.63734e-16
-3.17775 0.000485125 0.0012053 22.6154 1.67798e-16
-3.17446 0.000489106 0.00121519 22.5909 1.71963e-16
-3.17117 0.00049312 0.00122517 22.5664 1.76231e-16
-3.16788 0.000497167 0.00123522 22.5419 1.80605e-16
-3.1646 0.000501247 0.00124536 22.5174 1.85088e-16
-3.16131 0.00050536 0.00125558 22.4928 1.89682e-16
-3.15802 0.000509508 0.00126588 22.4683 1.9439e-16
-3.15473 0.000513689 0.00127627 22.4438 1.99215e-16
-3.15144 0.000517905 0.00128674 22.4193 2.0416e-16
-3.14815 0.000522155 0.0012973 22.3948 2.09228e-16
-3.14486 0.00052644 0.00130795 22.3702 2.14421e-16
-3.14157 0.00053076 0.00131868 22.3457 2.19744e-16
-3.13828 0.000535116 0.00132951 22.3212 2.25198e-16
-3.13499 0.000539507 0.00134042 22.2967 2.30788e-16
-3.1317 0.000543935 0.00135142 22.2722 2.36517e-16
-3.12841 0.000548399 0.00136251 22.2476 2.42387e-16
-3.12512 0.000552899 0.00137369 22.2231 2.48404e-16
-3.12183 0.000557437 0.00138496 22.1986 2.5457e-16
-3.11854 0.000562011 0.00139633 22.1741 2.60889e-16
-3.11525 0.000566623 0.00140779 22.1496 2.67365e-16
-3.11196 0.000571273 0.00141934 22.125 2.74001e-16
-3.10867 0.000575962 0.00143099 22.1005 2.80803e-16
-3.10538 0.000580688 0.00144273 22.076 2.87773e-16
-3.10209 0.000585454 0.00145457 22.0515 2.94916e-16
-3.0988 0.000590258 0.00146651 22.027 3.02237e-16
-3.09551 0.000595102 0.00147854 22.0024 3.09739e-16
-3.09222 0.000599986 0.00149068 21.9779 3.17427e-16
-3.08893 0.00060491 0.00150291 21.9534 3.25307e-16
-3.08564 0.000609874 0.00151524 21.9289 3.33381e-16
-3.08236 0.000614879 0.00152768 21.9044 3.41657e-16
-3.07907 0.000619925 0.00154022 21.8799 3.50137e-16
-3.07578 0.000625013 0.00155286 21.8553 3.58829e-16
-3.07249 0.000630142 0.0015656 21.8308 3.67736e-16
-3.0692 0.000635313 0.00157845 21.8063 3.76864e-16
-3.06591 0.000640527 0.0015914 21.7818 3.86218e-16
-3.06262 0.000645783 0.00160446 21.7573 3.95805e-16
-3.05933 0.000651083 0.00161763 21.7327 4.0563e-16
-3.05604 0.000656426 0.0016309 21.7082 4.15698e-16
-3.05275 0.000661813 0.00164429 21.6837 4.26017e-16
-3.04946 0.000667244 0.00165778 21.6592 4.36592e-16
-3.04617 0.00067272 0.00167139 21.6347 4.47429e-16
-3.04288 0.000678241 0.0016851 21.6101 4.58535e-16
-3.03959 0.000683807 0.00169893 21.5856 4.69917e-16
-3.0363 0.000689419 0.00171287 21.5611 4.81581e-16
-3.03301 0.000695076 0.00172693 21.5366 4.93535e-16
-3.02972 0.000700781 0.0017411 21.5121 5.05786e-16
-3.02643 0.000706532 0.00175539 21.4875 5.18341e-16
-3.02314 0.00071233 0.0017698 21.463 5.31207e-16
-3.01985 0.000718176 0.00178432 21.4385 5.44393e-16
-3.01656 0.000724069 0.00179896 21.414 5.57906e-16
-3.01327 0.000730011 0.00181373 21.3895 5.71754e-16
-3.00998 0.000736002 0.00182861 21.3649 5.85947e-16
-3.00669 0.000742042 0.00184362 21.3404 6.00491e-16
-3.0034 0.000748132 0.00185875 21.3159 6.15397e-16
-3.00012 0.000754272 0.001874 21.2914 6.30672e-16
-2.99683 0.000760462 0.00188938 21.2669 6.46327e-16
-2.99354 0.000766702 0.00190489 21.2424 6.6237e-16
-2.99025 0.000772994 0.00192052 21.2178 6.78812e-16
-2.98696 0.000779338 0.00193628 21.1933 6.95662e-16
-2.98367 0.000785734 0.00195217 21.1688 7.1293e-16
-2.98038 0.000792182 0.00196819 21.1443 7.30626e-16
-2.97709 0.000798683 0.00198434 21.1198 7.48762e-16
-2.9738 0.000805237 0.00200063 21.0952 7.67349e-16
-2.97051 0.000811846 0.00201705 21.0707 7.86396e-16
-2.96722 0.000818508 0.0020336 21.0462 8.05917e-16
-2.96393 0.000825225 0.00205029 21.0217 8.25922e-16
-2.96064 0.000831997 0.00206711 20.9972 8.46424e-16
-2.95735 0.000838825 0.00208408 20.9726 8.67436e-16
-2.95406 0.000845709 0.00210118 20.9481 8.88968e-16
-2.95077 0.00085265 0.00211842 20.9236 9.11036e-16
-2.94748 0.000859647 0.00213581 20.8991 9.33652e-16
-2.94419 0.000866702 0.00215334 20.8746 9.56829e-16
-2.9409 0.000873814 0.00217101 20.85 9.80582e-16
-2.93761 0.000880985 0.00218883 20.8255 1.00492e-15
-2.93432 0.000888215 0.00220679 20.801 1.02987e-15
-2.93103 0.000895504 0.0022249 20.7765 1.05544e-15
-2.92774 0.000902853 0.00224316 20.752 1.08164e-15
-2.92445 0.000910263 0.00226157 20.7274 1.10849e-15
-2.92116 0.000917733 0.00228013 20.7029 1.13601e-15
-2.91788 0.000925264 0.00229884 20.6784 1.16422e-15
-2.91459 0.000932857 0.0023177 20.6539 1.19312e-15
-2.9113 0.000940513 0.00233672 20.6294 1.22274e-15
-2.90801 0.000948231 0.0023559 20.6049 1.2531e-15
-2.90472 0.000956013 0.00237523 20.5803 1.28421e-15
-2.90143 0.000963859 0.00239473 20.5558 1.3161e-15
-2.89814 0.000971769 0.00241438 20.5313 1.34877e-15
-2.89485 0.000979744 0.00243419 20.5068 1.38226e-15
-2.89156 0.000987784 0.00245417 20.4823 1.41658e-15
-2.88827 0.00099589 0.00247431 20.4577 1.45175e-15
-2.88498 0.00100406 0.00249461 20.4332 1.48779e-15
-2.88169 0.0010123 0.00251509 20.4087 1.52473e-15
-2.8784 0.00102061 0.00253573 20.3842 1.56258e-15
-2.87511 0.00102899 0.00255654 20.3597 1.60138e-15
-2.87182 0.00103743 0.00257752 20.3351 1.64113e-15
-2.86853 0.00104594 0.00259867 20.3106 1.68174e-15
-2.86524 0.00105453 0.00262 20.2861 1.71995e-15
-2.86195 0.00106318 0.0026415 20.2616 1.75484e-15
-2.85866 0.00107191 0.00266317 20.2371 1.78711e-15
-2.85537 0.0010807 0.00268503 20.2125 1.81736e-15
-2.85208 0.00108957 0.00270707 20.188 1.84614e-15
-2.84879 0.00109851 0.00272928 20.1635 1.87392e-15
-2.8455 0.00110753 0.00275168 20.139 1.90113e-15
-2.84221 0.00111662 0.00277426 20.1145 1.92814e-15
-2.83892 0.00112578 0.00279703 20.0899 1.95526e-15
-2.83564 0.00113502 0.00281998 20.0654 1.98279e-15
-2.83235 0.00114434 0.00284312 20.0409 2.01098e-15
-2.82906 0.00115373 0.00286646 20.0164 2.04002e-15
-2.82577 0.00116319 0.00288998 19.9919 2.07012e-15
-2.82248 0.00117274 0.0029137 19.9674 2.10144e-15
-2.81919 0.00118236 0.00293761 19.9428 2.1341e-15
-2.8159 0.00119207 0.00296172 19.9183 2.16824e-15
-2.81261 0.00120185 0.00298602 19.8938 2.20394e-15
-2.80932 0.00121171 0.00301053 19.8693 2.24131e-15
-2.80603 0.00122166 0.00303523 19.8448 2.2804e-15
-2.80274 0.00123168 0.00306014 19.8202 2.32129e-15
-2.79945 0.00124179 0.00308526 19.7957 2.36403e-15
-2.79616 0.00125198 0.00311057 19.7712 2.40865e-15
-2.79287 0.00126226 0.0031361 19.7467 2.45521e-15
-2.78958 0.00127262 0.00316184 19.7222 2.50373e-15
-2.78629 0.00128306 0.00318779 19.6976 2.55425e-15
-2.783 0.00129359 0.00321395 19.6731 2.60678e-15
-2.77971 0.0013042 0.00324032 19.6486 2.66135e-15
-2.77642 0.00131491 0.00326691 19.6241 2.71798e-15
-2.77313 0.0013257 0.00329372 19.5996 2.7767e-15
-2.76984 0.00133658 0.00332075 19.575 2.83751e-15
-2.76655 0.00134755 0.00334801 19.5505 2.90044e-15
-2.76326 0.00135861 0.00337548 19.526 2.96551e-15
-2.75997 0.00136975 0.00340318 19.5015 3.03273e-15
-2.75668 0.001381 0.00343111 19.477 3.10213e-15
-2.7534 0.00139233 0.00345927 19.4524 3.17373e-15
-2.75011 0.00140376 0.00348766 19.4279 3.24755e-15
-2.74682 0.00141528 0.00351628 19.4034 3.32362e-15
-2.74353 0.00142689 0.00354514 19.3789 3.40196e-15
-2.74024 0.0014386 0.00357423 19.3544 3.4826e-15
-2.73695 0.00145041 0.00360356 19.3299 3.56557e-15
-2.73366 0.00146231 0.00363313 19.3053 3.65091e-15
-2.73037 0.00147431 0.00366295 19.2808 3.73865e-15
-2.72708 0.00148641 0.00369301 19.2563 3.82882e-15
-2.72379 0.00149861 0.00372332 19.2318 3.92147e-15
-2.7205 0.0015109 0.00375387 19.2073 4.01663e-15
-2.71721 0.0015233 0.00378468 19.1827 4.11435e-15
-2.71392 0.00153581 0.00381574 19.1582 4.21469e-15
-2.71063 0.00154841 0.00384705 19.1337 4.31767e-15
-2.70734 0.00156112 0.00387862 19.1092 4.42337e-15
-2.70405 0.00157393 0.00391045 19.0847 4.53182e-15
-2.70076 0.00158684 0.00394255 19.0601 4.6431e-15
-2.69747 0.00159987 0.0039749 19.0356 4.75725e-15
-2.69418 0.001613 0.00400752 19.0111 4.87433e-15
-2.69089 0.00162623 0.00404041 18.9866 4.99441e-15
-2.6876 0.00163958 0.00407357 18.9621 5.11756e-15
-2.68431 0.00165303 0.004107 18.9375 5.24384e-15
-2.68102 0.0016666 0.0041407 18.913 5.37333e-15
-2.67773 0.00168028 0.00417468 18.8885 5.50609e-15
-2.67444 0.00169407 0.00420894 18.864 5.6422e-15
-2.67116 0.00170797 0.00424348 18.8395 5.78175e-15
-2.66787 0.00172199 0.00427831 18.8149 5.9248e-15
-2.66458 0.00173612 0.00431342 18.7904 6.07144e-15
-2.66129 0.00175036 0.00434882 18.7659 6.22177e-15
-2.658 0.00176473 0.0043845 18.7414 6.37585e-15
-2.65471 0.00177921 0.00442049 18.7169 6.5338e-15
-2.65142 0.00179381 0.00445676 18.6924 6.69569e-15
-2.64813 0.00180853 0.00449334 18.6678 6.86162e-15
-2.64484 0.00182338 0.00453021 18.6433 7.0317e-15
-2.64155 0.00183834 0.00456739 18.6188 7.20601e-15
-2.63826 0.00185343 0.00460487 18.5943 7.38468e-15
-2.63497 0.00186864 0.00464266 18.5698 7.56779e-15
-2.63168 0.00188397 0.00468076 18.5452 7.75547e-15
-2.62839 0.00189943 0.00471918 18.5207 7.94782e-15
-2.6251 0.00191502 0.0047579 18.4962 8.14496e-15
-2.62181 0.00193074 0.00479695 18.4717 8.347e-15
-2.61852 0.00194658 0.00483632 18.4472 8.55406e-15
-2.61523 0.00196255 0.00487601 18.4226 8.76628e-15
-2.61194 0.00197866 0.00491602 18.3981 8.98378e-15
-2.60865 0.0019949 0.00495637 18.3736 9.20668e-15
-2.60536 0.00201127 0.00499704 18.3491 9.43512e-15
-2.60207 0.00202778 0.00503805 18.3246 9.66924e-15
-2.59878 0.00204442 0.00507939 18.3 9.90917e-15
-2.59549 0.00206119 0.00512108 18.2755 1.01551e-14
-2.5922 0.00207811 0.00516311 18.251 1.04071e-14
-2.58892 0.00209516 0.00520548 18.2265 1.06653e-14
-2.58563 0.00211236 0.0052482 18.202 1.093e-14
-2.58234 0.00212969 0.00529127 18.1774 1.12013e-14
-2.57905 0.00214717 0.00533469 18.1529 1.14793e-14
-2.57576 0.00216479 0.00537847 18.1284 1.17642e-14
-2.57247 0.00218256 0.00542261 18.1039 1.20562e-14
-2.56918 0.00220047 0.00546711 18.0794 1.23554e-14
-2.56589 0.00221853 0.00551197 18.0549 1.2662e-14
-2.5626 0.00223673 0.00555721 18.0303 1.29763e-14
-2.55931 0.00225509 0.00560281 18.0058 1.32984e-14
-2.55602 0.0022736 0.00564879 17.9813 1.36285e-14
-2.55273 0.00229225 0.00569515 17.9568 1.39667e-14
-2.54944 0.00231107 0.00574189 17.9323 1.43134e-14
-2.54615 0.00233003 0.00578901 17.9077 1.46687e-14
-2.54286 0.00234915 0.00583652 17.8832 1.50328e-14
-2.53957 0.00236843 0.00588442 17.8587 1.54059e-14
-2.53628 0.00238787 0.00593271 17.8342 1.57883e-14
-2.53299 0.00240746 0.00598139 17.8097 1.61802e-14
-2.5297 0.00242722 0.00603048 17.7851 1.65818e-14
-2.52641 0.00244714 0.00607997 17.7606 1.69934e-14
-2.52312 0.00246722 0.00612987 17.7361 1.74152e-14
-2.51983 0.00248747 0.00618017 17.7116 1.78475e-14
-2.51654 0.00250788 0.00623089 17.6871 1.82905e-14
-2.51325 0.00252847 0.00628202 17.6625 1.87445e-14
-2.50996 0.00254922 0.00633358 17.638 1.92098e-14
-2.50668 0.00257014 0.00638555 17.6135 1.96866e-14
-2.50339 0.00259123 0.00643796 17.589 2.01753e-14
-2.5001 0.00261249 0.00649079 17.5645 2.0676e-14
-2.49681 0.00263393 0.00654406 17.5399 2.11893e-14
-2.49352 0.00265555 0.00659776 17.5154 2.17152e-14
-2.49023 0.00267734 0.00665191 17.4909 2.22543e-14
-2.48694 0.00269931 0.0067065 17.4664 2.28067e-14
-2.48365 0.00272146 0.00676153 17.4419 2.33728e-14
-2.48036 0.0027438 0.00681702 17.4174 2.39529e-14
-2.47707 0.00276632 0.00687297 17.3928 2.45475e-14
-2.47378 0.00278902 0.00692937 17.3683 2.51568e-14
-2.47049 0.00281191 0.00698624 17.3438 2.57813e-14
-2.4672 0.00283498 0.00704357 17.3193 2.64212e-14
-2.46391 0.00285825 0.00710137 17.2948 2.70771e-14
-2.46062 0.0028817 0.00715965 17.2702 2.77492e-14
-2.45733 0.00290535 0.00721841 17.2457 2.8438e-14
-2.45404 0.0029292 0.00727765 17.2212 2.91439e-14
-2.45075 0.00295323 0.00733737 17.1967 2.98673e-14
-2.44746 0.00297747 0.00739758 17.1722 3.06087e-14
-2.44417 0.00300191 0.00745829 17.1476 3.13684e-14
-2.44088 0.00302654 0.0075195 17.1231 3.21471e-14
-2.43759 0.00305138 0.00758121 17.0986 3.2945e-14
-2.4343 0.00307642 0.00764343 17.0741 3.37628e-14
-2.43101 0.00310167 0.00770615 17.0496 3.46009e-14
-2.42772 0.00312712 0.00776939 17.025 3.54597e-14
-2.42444 0.00315278 0.00783315 17.0005 3.63399e-14
-2.42115 0.00317866 0.00789744 16.976 3.7242e-14
-2.41786 0.00320474 0.00796225 16.9515 3.81664e-14
-2.41457 0.00323104 0.00802759 16.927 3.91138e-14
-2.41128 0.00325756 0.00809347 16.9024 4.00847e-14
-2.40799 0.00328429 0.00815989 16.8779 4.10796e-14
-2.4047 0.00331124 0.00822685 16.8534 4.20993e-14
-2.40141 0.00333842 0.00829437 16.8289 4.31443e-14
-2.39812 0.00336582 0.00836244 16.8044 4.42153e-14
-2.39483 0.00339344 0.00843106 16.7799 4.53128e-14
-2.39154 0.00342129 0.00850025 16.7553 4.64375e-14
-2.38825 0.00344936 0.00857001 16.7308 4.75902e-14
-2.38496 0.00347767 0.00864034 16.7063 4.87715e-14
-2.38167 0.00350621 0.00871125 16.6818 4.99821e-14
-2.37838 0.00353498 0.00878274 16.6573 5.12227e-14
-2.37509 0.00356399 0.00885481 16.6327 5.24942e-14
-2.3718 0.00359324 0.00892748 16.6082 5.37972e-14
-2.36851 0.00362273 0.00900075 16.5837 5.51325e-14
-2.36522 0.00365246 0.00907461 16.5592 5.6501e-14
-2.36193 0.00368243 0.00914908 16.5347 5.79035e-14
-2.35864 0.00371265 0.00922416 16.5101 5.93407e-14
-2.35535 0.00374312 0.00929986 16.4856 6.08137e-14
-2.35206 0.00377384 0.00937618 16.4611 6.23231e-14
-2.34877 0.00380481 0.00945313 16.4366 6.38701e-14
-2.34548 0.00383604 0.00953071 16.4121 6.54555e-14
-2.3422 0.00386752 0.00960892 16.3875 6.70802e-14
-2.33891 0.00389926 0.00968778 16.363 6.87452e-14
-2.33562 0.00393125 0.00976728 16.3385 7.04515e-14
-2.33233 0.00396352 0.00984744 16.314 7.22002e-14
-2.32904 0.00399604 0.00992825 16.2895 7.39923e-14
-2.32575 0.00402884 0.0100097 16.2649 7.58289e-14
-2.32246 0.0040619 0.0100919 16.2404 7.77111e-14
-2.31917 0.00409523 0.0101747 16.2159 7.964e-14
-2.31588 0.00412884 0.0102582 16.1914 8.16167e-14
-2.31259 0.00416273 0.0103424 16.1669 8.36425e-14
-2.3093 0.00419689 0.0104273 16.1424 8.57186e-14
-2.30601 0.00423133 0.0105128 16.1178 8.78463e-14
-2.30272 0.00426605 0.0105991 16.0933 9.00267e-14
-2.29943 0.00430106 0.0106861 16.0688 9.22612e-14
-2.29614 0.00433636 0.0107738 16.0443 9.45512e-14
-2.29285 0.00437195 0.0108622 16.0198 9.68981e-14
-2.28956 0.00440783 0.0109513 15.9952 9.93031e-14
-2.28627 0.004444 0.0110412 15.9707 1.01768e-13
-2.28298 0.00448047 0.0111318 15.9462 1.04294e-13
-2.27969 0.00451724 0.0112232 15.9217 1.06883e-13
-2.2764 0.00455431 0.0113153 15.8972 1.09535e-13
-2.27311 0.00459169 0.0114081 15.8726 1.12254e-13
-2.26982 0.00462937 0.0115018 15.8481 1.1504e-13
-2.26653 0.00466736 0.0115961 15.8236 1.17896e-13
-2.26324 0.00470566 0.0116913 15.7991 1.20822e-13
-2.25996 0.00474428 0.0117873 15.7746 1.23821e-13
-2.25667 0.00478321 0.011884 15.75 1.26894e-13
-2.25338 0.00482247 0.0119815 15.7255 1.30044e-13
-2.25009 0.00486204 0.0120798 15.701 1.33272e-13
-2.2468 0.00490194 0.012179 15.6765 1.3658e-13
-2.24351 0.00494217 0.0122789 15.652 1.3997e-13
-2.24022 0.00498273 0.0123797 15.6274 1.43444e-13
-2.23693 0.00502362 0.0124813 15.6029 1.47004e-13
-2.23364 0.00506485 0.0125837 15.5784 1.50653e-13
-2.23035 0.00510641 0.012687 15.5539 1.54393e-13
-2.22706 0.00514832 0.0127911 15.5294 1.58225e-13
-2.22377 0.00519057 0.0128961 15.5049 1.62153e-13
-2.22048 0.00523317 0.0130019 15.4803 1.66178e-13
-2.21719 0.00527611 0.0131086 15.4558 1.70303e-13
-2.2139 0.00531941 0.0132162 15.4313 1.7453e-13
-2.21061 0.00536306 0.0133246 15.4068 1.78863e-13
-2.20732 0.00540708 0.013434 15.3823 1.83303e-13
-2.20403 0.00545145 0.0135442 15.3577 1.87854e-13
-2.20074 0.00549619 0.0136554 15.3332 1.92517e-13
-2.19745 0.00554129 0.0137675 15.3087 1.97297e-13
-2.19416 0.00558677 0.0138804 15.2842 2.02195e-13
-2.19087 0.00563262 0.0139943 15.2597 2.07215e-13
-2.18758 0.00567884 0.0141092 15.2351 2.1236e-13
-2.18429 0.00572544 0.014225 15.2106 2.17633e-13
-2.181 0.00577243 0.0143417 15.1861 2.23037e-13
-2.17772 0.0058198 0.0144594 15.1616 2.28576e-13
-2.17443 0.00586756 0.0145781 15.1371 2.34252e-13
-2.17114 0.00591572 0.0146977 15.1125 2.40069e-13
-2.16785 0.00596426 0.0148183 15.088 2.46032e-13
-2.16456 0.00601321 0.0149399 15.0635 2.52143e-13
-2.16127 0.00606256 0.0150625 15.039 2.58405e-13
-2.15798 0.00611231 0.0151862 15.0145 2.64824e-13
-2.15469 0.00616247 0.0153108 14.9899 2.71403e-13
-2.1514 0.00621304 0.0154364 14.9654 2.78145e-13
-2.14811 0.00626403 0.0155631 14.9409 2.85056e-13
-2.14482 0.00631544 0.0156908 14.9164 2.92138e-13
-2.14153 0.00636727 0.0158196 14.8919 2.99397e-13
-2.13824 0.00641952 0.0159494 14.8674 3.06837e-13
-2.13495 0.0064722 0.0160803 14.8428 3.14463e-13
-2.13166 0.00652532 0.0162123 14.8183 3.22278e-13
-2.12837 0.00657887 0.0163453 14.7938 3.30288e-13
-2.12508 0.00663286 0.0164795 14.7693 3.38498e-13
-2.12179 0.00668729 0.0166147 14.7448 3.46912e-13
-2.1185 0.00674217 0.0167511 14.7202 3.55536e-13
-2.11521 0.0067975 0.0168885 14.6957 3.64375e-13
-2.11192 0.00685328 0.0170271 14.6712 3.73434e-13
-2.10863 0.00690953 0.0171669 14.6467 3.82719e-13
-2.10534 0.00696623 0.0173077 14.6222 3.92234e-13
-2.10205 0.0070234 0.0174498 14.5976 4.01987e-13
-2.09876 0.00708104 0.017593 14.5731 4.11982e-13
-2.09548 0.00713915 0.0177374 14.5486 4.22225e-13
-2.09219 0.00719774 0.0178829 14.5241 4.32723e-13
-2.0889 0.0072568 0.0180297 14.4996 4.43482e-13
-2.08561 0.00731636 0.0181776 14.475 4.54507e-13
-2.08232 0.0073764 0.0183268 14.4505 4.65806e-13
-2.07903 0.00743693 0.0184772 14.426 4.77384e-13
-2.07574 0.00749797 0.0186288 14.4015 4.89248e-13
-2.07245 0.0075595 0.0187817 14.377 5.01406e-13
-2.06916 0.00762154 0.0189359 14.3524 5.13863e-13
-2.06587 0.00768408 0.0190913 14.3279 5.26626e-13
-2.06258 0.00774714 0.0192479 14.3034 5.39702e-13
-2.05929 0.00781072 0.0194059 14.2789 5.53099e-13
-2.056 0.00787482 0.0195651 14.2544 5.66823e-13
-2.05271 0.00793944 0.0197257 14.2299 5.80883e-13
-2.04942 0.0080046 0.0198876 14.2053 5.95289e-13
-2.04613 0.00807029 0.0200508 14.1808 6.1005e-13
-2.04284 0.00813652 0.0202153 14.1563 6.25175e-13
-2.03955 0.00820329 0.0203812 14.1318 6.40676e-13
-2.03626 0.00827061 0.0205485 14.1073 6.5656e-13
-2.03297 0.00833849 0.0207171 14.0827 6.72839e-13
-2.02968 0.00840692 0.0208872 14.0582 6.89522e-13
-2.02639 0.00847591 0.0210586 14.0337 7.06619e-13
-2.0231 0.00854547 0.0212314 14.0092 7.24142e-13
-2.01981 0.0086156 0.0214056 13.9847 7.42101e-13
-2.01652 0.0086863 0.0215813 13.9601 7.60506e-13
-2.01324 0.00875759 0.0217584 13.9356 7.79369e-13
-2.00995 0.00882946 0.021937 13.9111 7.98701e-13
-2.00666 0.00890191 0.022117 13.8866 8.18515e-13
-2.00337 0.00897497 0.0222985 13.8621 8.38821e-13
-2.00008 0.00904862 0.0224815 13.8375 8.59632e-13
-1.99679 0.00912288 0.022666 13.813 8.80961e-13
-1.9935 0.00919775 0.022852 13.7885 9.0282e-13
-1.99021 0.00927323 0.0230395 13.764 9.25222e-13
-1.98692 0.00934933 0.0232286 13.7395 9.48182e-13
-1.98363 0.00942606 0.0234192 13.7149 9.71712e-13
-1.98034 0.00950341 0.0236114 13.6904 9.95826e-13
-1.97705 0.0095814 0.0238052 13.6659 1.02054e-12
-1.97376 0.00966003 0.0240005 13.6414 1.04587e-12
-1.97047 0.00973931 0.0241975 13.6169 1.07183e-12
-1.96718 0.00981924 0.0243961 13.5924 1.09843e-12
-1.96389 0.00989982 0.0245963 13.5678 1.12569e-12
-1.9606 0.00998106 0.0247981 13.5433 1.15363e-12
-1.95731 0.010063 0.0250017 13.5188 1.18226e-12
-1.95402 0.0101456 0.0252068 13.4943 1.21161e-12
-1.95073 0.0102288 0.0254137 13.4698 1.24168e-12
-1.94744 0.0103128 0.0256223 13.4452 1.2725e-12
-1.94415 0.0103974 0.0258325 13.4207 1.30409e-12
-1.94086 0.0104827 0.0260445 13.3962 1.33646e-12
-1.93757 0.0105687 0.0262583 13.3717 1.36963e-12
-1.93428 0.0106555 0.0264737 13.3472 1.40362e-12
-1.931 0.0107429 0.026691 13.3226 1.43847e-12
-1.92771 0.0108311 0.02691 13.2981 1.47417e-12
-1.92442 0.01092 0.0271309 13.2736 1.51076e-12
-1.92113 0.0110096 0.0273535 13.2491 1.54826e-12
-1.91784 0.0110999 0.027578 13.2246 1.58669e-12
-1.91455 0.011191 0.0278043 13.2 1.62608e-12
-1.91126 0.0112829 0.0280325 13.1755 1.66644e-12
-1.90797 0.0113755 0.0282626 13.151 1.70781e-12
-1.90468 0.0114688 0.0284945 13.1265 1.7502e-12
-1.90139 0.0115629 0.0287283 13.102 1.79364e-12
-1.8981 0.0116578 0.0289641 13.0774 1.83816e-12
-1.89481 0.0117535 0.0292018 13.0529 1.88379e-12
-1.89152 0.01185 0.0294415 13.0284 1.93055e-12
-1.88823 0.0119472 0.0296831 13.0039 1.97847e-12
-1.88494 0.0120452 0.0299267 12.9794 2.02758e-12
-1.88165 0.0121441 0.0301723 12.9549 2.07791e-12
-1.87836 0.0122438 0.0304199 12.9303 2.12949e-12
-1.87507 0.0123442 0.0306695 12.9058 2.18235e-12
-1.87178 0.0124455 0.0309212 12.8813 2.23652e-12
-1.86849 0.0125477 0.031175 12.8568 2.29203e-12
-1.8652 0.0126507 0.0314308 12.8323 2.34893e-12
-1.86191 0.0127545 0.0316887 12.8077 2.40723e-12
-1.85862 0.0128591 0.0319488 12.7832 2.46699e-12
-1.85533 0.0129647 0.032211 12.7587 2.52822e-12
-1.85204 0.0130711 0.0324753 12.7342 2.59098e-12
-1.84876 0.0131783 0.0327418 12.7097 2.65529e-12
-1.84547 0.0132865 0.0330105 12.6851 2.7212e-12
-1.84218 0.0133955 0.0332814 12.6606 2.78875e-12
-1.83889 0.0135055 0.0335546 12.6361 2.85797e-12
-1.8356 0.0136163 0.0338299 12.6116 2.92891e-12
-1.83231 0.013728 0.0341076 12.5871 3.00162e-12
-1.82902 0.0138407 0.0343875 12.5625 3.07612e-12
-1.82573 0.0139543 0.0346697 12.538 3.15248e-12
-1.82244 0.0140688 0.0349542 12.5135 3.23073e-12
-1.81915 0.0141842 0.035241 12.489 3.31093e-12
-1.81586 0.0143006 0.0355302 12.4645 3.39311e-12
-1.81257 0.014418 0.0358218 12.4399 3.47734e-12
-1.80928 0.0145363 0.0361158 12.4154 3.56365e-12
-1.80599 0.0146556 0.0364122 12.3909 3.65211e-12
-1.8027 0.0147759 0.036711 12.3664 3.74276e-12
-1.79941 0.0148972 0.0370123 12.3419 3.83567e-12
-1.79612 0.0150194 0.037316 12.3174 3.93088e-12
-1.79283 0.0151427 0.0376223 12.2928 4.02845e-12
-1.78954 0.0152669 0.037931 12.2683 4.12845e-12
-1.78625 0.0153922 0.0382423 12.2438 4.23092e-12
-1.78296 0.0155185 0.0385561 12.2193 4.33595e-12
-1.77967 0.0156459 0.0388725 12.1948 4.44357e-12
-1.77638 0.0157743 0.0391916 12.1702 4.55387e-12
-1.77309 0.0159037 0.0395132 12.1457 4.66691e-12
-1.7698 0.0160343 0.0398374 12.1212 4.78275e-12
-1.76652 0.0161659 0.0401644 12.0967 4.90147e-12
-1.76323 0.0162985 0.040494 12.0722 5.02314e-12
-1.75994 0.0164323 0.0408263 12.0476 5.14782e-12
-1.75665 0.0165671 0.0411614 12.0231 5.27561e-12
-1.75336 0.0167031 0.0414991 11.9986 5.40656e-12
-1.75007 0.0168402 0.0418397 11.9741 5.54076e-12
-1.74678 0.0169784 0.0421831 11.9496 5.6783e-12
-1.74349 0.0171177 0.0425292 11.925 5.81924e-12
-1.7402 0.0172582 0.0428783 11.9005 5.96369e-12
-1.73691 0.0173998 0.0432302 11.876 6.11172e-12
-1.73362 0.0175426 0.0435849 11.8515 6.26343e-12
-1.73033 0.0176866 0.0439426 11.827 6.4189e-12
-1.72704 0.0178317 0.0443032 11.8024 6.57823e-12
-1.72375 0.017978 0.0446668 11.7779 6.74152e-12
-1.72046 0.0181256 0.0450334 11.7534 6.90886e-12
-1.71717 0.0182743 0.0454029 11.7289 7.08035e-12
-1.71388 0.0184243 0.0457755 11.7044 7.25611e-12
-1.71059 0.0185755 0.0461512 11.6799 7.43622e-12
-1.7073 0.0187279 0.0465299 11.6553 7.6208e-12
-1.70401 0.0188816 0.0469118 11.6308 7.80997e-12
-1.70072 0.0190366 0.0472968 11.6063 8.00383e-12
-1.69743 0.0191928 0.0476849 11.5818 8.2025e-12
-1.69414 0.0193503 0.0480762 11.5573 8.40611e-12
-1.69085 0.0195091 0.0484708 11.5327 8.61477e-12
-1.68756 0.0196692 0.0488686 11.5082 8.8286e-12
-1.68428 0.0198306 0.0492696 11.4837 9.04775e-12
-1.68099 0.0199934 0.0496739 11.4592 9.27234e-12
-1.6777 0.0201575 0.0500816 11.4347 9.5025e-12
-1.67441 0.0203229 0.0504926 11.4101 9.73837e-12
-1.67112 0.0204897 0.050907 11.3856 9.9801e-12
-1.66783 0.0206578 0.0513247 11.3611 1.02278e-11
-1.66454 0.0208273 0.0517459 11.3366 1.04817e-11
-1.66125 0.0209983 0.0521706 11.3121 1.07419e-11
-1.65796 0.0211706 0.0525987 11.2875 1.10085e-11
-1.65467 0.0213443 0.0530304 11.263 1.12818e-11
-1.65138 0.0215195 0.0534656 11.2385 1.15618e-11
-1.64809 0.0216961 0.0539044 11.214 1.18488e-11
-1.6448 0.0218741 0.0543467 11.1895 1.21429e-11
-1.64151 0.0220536 0.0547927 11.1649 1.24444e-11
-1.63822 0.0222346 0.0552424 11.1404 1.27533e-11
-1.63493 0.0224171 0.0556957 11.1159 1.30698e-11
-1.63164 0.0226011 0.0561528 11.0914 1.33943e-11
-1.62835 0.0227865 0.0566136 11.0669 1.37267e-11
-1.62506 0.0229735 0.0570782 11.0424 1.40675e-11
-1.62177 0.0231621 0.0575466 11.0178 1.44167e-11
-1.61848 0.0233522 0.0580189 10.9933 1.47745e-11
-1.61519 0.0235438 0.058495 10.9688 1.51413e-11
-1.6119 0.023737 0.0589751 10.9443 1.55172e-11
-1.60861 0.0239318 0.0594591 10.9198 1.59023e-11
-1.60532 0.0241282 0.059947 10.8952 1.62971e-11
-1.60204 0.0243262 0.060439 10.8707 1.67016e-11
-1.59875 0.0245259 0.060935 10.8462 1.71162e-11
-1.59546 0.0247271 0.061435 10.8217 1.75411e-11
-1.59217 0.0249301 0.0619392 10.7972 1.79765e-11
-1.58888 0.0251346 0.0624475 10.7726 1.84228e-11
-1.58559 0.0253409 0.06296 10.7481 1.88801e-11
-1.5823 0.0255489 0.0634767 10.7236 1.93488e-11
-1.57901 0.0257585 0.0639976 10.6991 1.98291e-11
-1.57572 0.0259699 0.0645228 10.6746 2.03213e-11
-1.57243 0.0261831 0.0650523 10.65 2.08257e-11
-1.56914 0.0263979 0.0655862 10.6255 2.13427e-11
-1.56585 0.0266146 0.0661244 10.601 2.18724e-11
-1.56256 0.026833 0.0666671 10.5765 2.24154e-11
-1.55927 0.0270532 0.0672142 10.552 2.29717e-11
-1.55598 0.0272752 0.0677658 10.5274 2.35419e-11
-1.55269 0.027499 0.0683219 10.5029 2.41262e-11
-1.5494 0.0277247 0.0688826 10.4784 2.4725e-11
-1.54611 0.0279522 0.0694479 10.4539 2.53386e-11
-1.54282 0.0281816 0.0700178 10.4294 2.59675e-11
-1.53953 0.0284129 0.0705924 10.4049 2.6612e-11
-1.53624 0.0286461 0.0711717 10.3803 2.72724e-11
-1.53295 0.0288812 0.0717558 10.3558 2.79493e-11
-1.52966 0.0291182 0.0723447 10.3313 2.8643e-11
-1.52637 0.0293571 0.0729384 10.3068 2.93539e-11
-1.52308 0.0295981 0.073537 10.2823 3.00825e-11
-1.5198 0.029841 0.0741404 10.2577 3.08291e-11
-1.51651 0.0300858 0.0747489 10.2332 3.15943e-11
-1.51322 0.0303327 0.0753623 10.2087 3.23785e-11
-1.50993 0.0305817 0.0759808 10.1842 3.31822e-11
-1.50664 0.0308326 0.0766043 10.1597 3.40058e-11
-1.50335 0.0310857 0.077233 10.1351 3.48499e-11
-1.50006 0.0313408 0.0778668 10.1106 3.57149e-11
-1.49677 0.031598 0.0785058 10.0861 3.66014e-11
-1.49348 0.0318573 0.0791501 10.0616 3.75099e-11
-1.49019 0.0321187 0.0797996 10.0371 3.8441e-11
-1.4869 0.0323823 0.0804545 10.0125 3.93952e-11
-1.48361 0.0326481 0.0811148 9.98802 4.0373e-11
-1.48032 0.032916 0.0817804 9.9635 4.13752e-11
-1.47703 0.0331861 0.0824516 9.93899 4.24022e-11
-1.47374 0.0334585 0.0831282 9.91447 4.34547e-11
-1.47045 0.033733 0.0838104 9.88995 4.45334e-11
-1.46716 0.0340099 0.0844982 9.86543 4.56388e-11
-1.46387 0.034289 0.0851917 9.84091 4.67716e-11
-1.46058 0.0345704 0.0858908 9.81639 4.79326e-11
-1.45729 0.0348541 0.0865957 9.79187 4.91224e-11
-1.454 0.0351401 0.0873063 9.76735 5.03417e-11
-1.45071 0.0354285 0.0880228 9.74283 5.15913e-11
-1.44742 0.0357192 0.0887452 9.71831 5.28719e-11
-1.44413 0.0360124 0.0894735 9.69379 5.41843e-11
-1.44084 0.0363079 0.0902077 9.66927 5.55293e-11
-1.43756 0.0366059 0.090948 9.64475 5.69077e-11
-1.43427 0.0369063 0.0916944 9.62024 5.83203e-11
-1.43098 0.0372092 0.0924469 9.59572 5.97679e-11
-1.42769 0.0375145 0.0932056 9.5712 6.12515e-11
-1.4244 0.0378224 0.0939705 9.54668 6.27719e-11
-1.42111 0.0381328 0.0947416 9.52216 6.433e-11
-1.41782 0.0384457 0.0955191 9.49764 6.59269e-11
-1.41453 0.0387612 0.096303 9.47312 6.75633e-11
-1.41124 0.0390793 0.0970933 9.4486 6.92404e-11
-1.40795 0.0394 0.0978901 9.42408 7.09591e-11
-1.40466 0.0397234 0.0986935 9.39956 7.27205e-11
-1.40137 0.0400494 0.0995034 9.37504 7.45256e-11
-1.39808 0.040378 0.10032 9.35052 7.63754e-11
-1.39479 0.0407094 0.101143 9.326 7.82713e-11
-1.3915 0.0410435 0.101973 9.30149 8.02141e-11
-1.38821 0.0413803 0.10281 9.27697 8.22052e-11
-1.38492 0.0417199 0.103654 9.25245 8.42458e-11
-1.38163 0.0420623 0.104505 9.22793 8.63369e-11
-1.37834 0.0424075 0.105362 9.20341 8.848e-11
-1.37505 0.0427555 0.106227 9.17889 9.06763e-11
-1.37176 0.0431063 0.107099 9.15437 9.29271e-11
-1.36847 0.0434601 0.107977 9.12985 9.52337e-11
-1.36518 0.0438168 0.108864 9.10533 9.75977e-11
-1.36189 0.0441763 0.109757 9.08081 1.0002e-10
-1.3586 0.0445389 0.110658 9.05629 1.02503e-10
-1.35532 0.0449044 0.111566 9.03177 1.05047e-10
-1.35203 0.0452729 0.112481 9.00725 1.07655e-10
-1.34874 0.0456444 0.113405 8.98274 1.10327e-10
-1.34545 0.046019 0.114335 8.95822 1.13066e-10
-1.34216 0.0463967 0.115273 8.9337 1.15872e-10
-1.33887 0.0467774 0.116219 8.90918 1.18748e-10
-1.33558 0.0471613 0.117173 8.88466 1.21696e-10
-1.33229 0.0475484 0.118135 8.86014 1.24717e-10
-1.329 0.0479386 0.119104 8.83562 1.27813e-10
-1.32571 0.048332 0.120082 8.8111 1.30985e-10
-1.32242 0.0487286 0.121067 8.78658 1.34237e-10
-1.31913 0.0491285 0.122061 8.76206 1.37569e-10
-1.31584 0.0495317 0.123062 8.73754 1.40983e-10
-1.31255 0.0499382 0.124072 8.71302 1.44483e-10
-1.30926 0.050348 0.125091 8.6885 1.48069e-10
-1.30597 0.0507612 0.126117 8.66399 1.51745e-10
-1.30268 0.0511777 0.127152 8.63947 1.55511e-10
-1.29939 0.0515977 0.128196 8.61495 1.59372e-10
-1.2961 0.0520212 0.129248 8.59043 1.63328e-10
-1.29281 0.0524481 0.130308 8.56591 1.67382e-10
-1.28952 0.0528785 0.131378 8.54139 1.71537e-10
-1.28623 0.0533125 0.132456 8.51687 1.75795e-10
-1.28294 0.05375 0.133543 8.49235 1.80158e-10
-1.27965 0.0541911 0.134639 8.46783 1.8463e-10
-1.27636 0.0546358 0.135744 8.44331 1.89213e-10
-1.27308 0.0550842 0.136858 8.41879 1.9391e-10
-1.26979 0.0555362 0.137981 8.39427 1.98723e-10
-1.2665 0.055992 0.139113 8.36975 2.03656e-10
-1.26321 0.0564515 0.140255 8.34524 2.08712e-10
-1.25992 0.0569148 0.141406 8.32072 2.13892e-10
-1.25663 0.0573818 0.142566 8.2962 2.19202e-10
-1.25334 0.0578528 0.143736 8.27168 2.24643e-10
-1.25005 0.0583275 0.144916 8.24716 2.30219e-10
-1.24676 0.0588062 0.146105 8.22264 2.35934e-10
-1.24347 0.0592888 0.147304 8.19812 2.4179e-10
-1.24018 0.0597753 0.148513 8.1736 2.47792e-10
-1.23689 0.0602659 0.149732 8.14908 2.53943e-10
-1.2336 0.0607605 0.150961 8.12456 2.60247e-10
-1.23031 0.0612591 0.152199 8.10004 2.66706e-10
-1.22702 0.0617618 0.153449 8.07552 2.73327e-10
-1.22373 0.0622687 0.154708 8.051 2.80111e-10
-1.22044 0.0627797 0.155977 8.02649 2.87064e-10
-1.21715 0.0632949 0.157257 8.00197 2.9419e-10
-1.21386 0.0638143 0.158548 7.97745 3.01492e-10
-1.21057 0.064338 0.159849 7.95293 3.08976e-10
-1.20728 0.064866 0.161161 7.92841 3.16645e-10
-1.20399 0.0653984 0.162484 7.90389 3.24505e-10
-1.2007 0.0659351 0.163817 7.87937 3.3256e-10
-1.19741 0.0664762 0.165161 7.85485 3.40815e-10
-1.19412 0.0670217 0.166517 7.83033 3.49275e-10
-1.19084 0.0675717 0.167883 7.80581 3.57945e-10
-1.18755 0.0681262 0.169261 7.78129 3.6683e-10
-1.18426 0.0686853 0.17065 7.75677 3.75935e-10
-1.18097 0.069249 0.17205 7.73225 3.85267e-10
-1.17768 0.0698173 0.173462 7.70774 3.9483e-10
-1.17439 0.0703903 0.174886 7.68322 4.0463e-10
-1.1711 0.0709679 0.176321 7.6587 4.14674e-10
-1.16781 0.0715503 0.177768 7.63418 4.24967e-10
-1.16452 0.0721375 0.179227 7.60966 4.35516e-10
-1.16123 0.0727295 0.180698 7.58514 4.46327e-10
-1.15794 0.0733264 0.182181 7.56062 4.57405e-10
-1.15465 0.0739281 0.183676 7.5361 4.68759e-10
-1.15136 0.0745348 0.185183 7.51158 4.80395e-10
-1.14807 0.0751465 0.186703 7.48706 4.92319e-10
-1.14478 0.0757632 0.188235 7.46254 5.0454e-10
-1.14149 0.0763849 0.18978 7.43802 5.17064e-10
-1.1382 0.0770118 0.191337 7.4135 5.29898e-10
-1.13491 0.0776438 0.192908 7.38899 5.43052e-10
-1.13162 0.078281 0.194491 7.36447 5.56531e-10
-1.12833 0.0789234 0.196087 7.33995 5.70346e-10
-1.12504 0.0795711 0.197696 7.31543 5.84503e-10
-1.12175 0.0802241 0.199318 7.29091 5.99012e-10
-1.11846 0.0808825 0.200954 7.26639 6.1388e-10
-1.11517 0.0815462 0.202603 7.24187 6.29118e-10
-1.11188 0.0822155 0.204266 7.21735 6.44734e-10
-1.1086 0.0828902 0.205942 7.19283 6.60738e-10
-1.10531 0.0835704 0.207632 7.16831 6.77139e-10
-1.10202 0.0842562 0.209336 7.14379 6.93947e-10
-1.09873 0.0849477 0.211054 7.11927 7.11172e-10
-1.09544 0.0856448 0.212786 7.09475 7.28825e-10
-1.09215 0.0863477 0.214532 7.07024 7.46916e-10
-1.08886 0.0870563 0.216293 7.04572 7.65456e-10
-1.08557 0.0877707 0.218068 7.0212 7.84457e-10
-1.08228 0.088491 0.219858 6.99668 8.03929e-10
-1.07899 0.0892172 0.221662 6.97216 8.23884e-10
-1.0757 0.0899494 0.223481 6.94764 8.44334e-10
-1.07241 0.0906876 0.225315 6.92312 8.65293e-10
-1.06912 0.0914318 0.227164 6.8986 8.86771e-10
-1.06583 0.0921821 0.229028 6.87408 9.08783e-10
-1.06254 0.0929386 0.230908 6.84956 9.3134e-10
-1.05925 0.0937013 0.232803 6.82504 9.54458e-10
-1.05596 0.0944703 0.234713 6.80052 9.7815e-10
-1.05267 0.0952456 0.236639 6.776 1.00243e-09
-1.04938 0.0960272 0.238581 6.75148 1.02731e-09
-1.04609 0.0968153 0.240539 6.72697 1.05281e-09
-1.0428 0.0976098 0.242513 6.70245 1.07895e-09
-1.03951 0.0984108 0.244503 6.67793 1.10573e-09
-1.03622 0.0992184 0.24651 6.65341 1.13317e-09
-1.03293 0.100033 0.248533 6.62889 1.1613e-09
-1.02964 0.100854 0.250572 6.60437 1.19013e-09
-1.02636 0.101681 0.252629 6.57985 1.21967e-09
-1.02307 0.102516 0.254702 6.55533 1.24994e-09
-1.01978 0.103357 0.256792 6.53081 1.28097e-09
-1.01649 0.104205 0.2589 6.50629 1.31276e-09
-1.0132 0.10506 0.261024 6.48177 1.34535e-09
-1.00991 0.105923 0.263166 6.45725 1.37874e-09
-1.00662 0.106792 0.265326 6.43273 1.41297e-09
-1.00333 0.107668 0.267503 6.40822 1.44804e-09
-1.00004 0.108552 0.269699 6.3837 1.48398e-09
-0.996749 0.109443 0.271912 6.35918 1.52082e-09
-0.993459 0.110341 0.274143 6.33466 1.55857e-09
-0.99017 0.111246 0.276393 6.31014 1.59725e-09
-0.98688 0.112159 0.278661 6.28562 1.6369e-09
-0.98359 0.11308 0.280948 6.2611 1.67753e-09
-0.980301 0.114008 0.283254 6.23658 1.71917e-09
-0.977011 0.114943 0.285578 6.21206 1.76184e-09
-0.973722 0.115887 0.287922 6.18754 1.80557e-09
-0.970432 0.116838 0.290284 6.16302 1.85039e-09
-0.967142 0.117796 0.292667 6.1385 1.89632e-09
-0.963853 0.118763 0.295068 6.11398 1.94339e-09
-0.960563 0.119738 0.29749 6.08946 1.99163e-09
-0.957274 0.12072 0.299931 6.06495 2.04106e-09
-0.953984 0.121711 0.302392 6.04043 2.09173e-09
-0.950694 0.12271 0.304874 6.01591 2.14365e-09
-0.947405 0.123717 0.307376 5.99139 2.19685e-09
-0.944115 0.124732 0.309898 5.96687 2.25138e-09
-0.940826 0.125756 0.312441 5.94235 2.30726e-09
-0.937536 0.126788 0.315005 5.91783 2.36453e-09
-0.934246 0.127828 0.31759 5.89331 2.42322e-09
-0.930957 0.128877 0.320197 5.86879 2.48337e-09
-0.927667 0.129935 0.322824 5.84427 2.54501e-09
-0.924378 0.131001 0.325473 5.81975 2.60818e-09
-0.921088 0.132076 0.328144 5.79523 2.67292e-09
-0.917798 0.13316 0.330837 5.77071 2.73926e-09
-0.914509 0.134253 0.333552 5.74619 2.80725e-09
-0.911219 0.135355 0.336289 5.72167 2.87693e-09
-0.90793 0.136466 0.339049 5.69715 2.94833e-09
-0.90464 0.137586 0.341831 5.67263 3.02151e-09
-0.90135 0.138715 0.344636 5.64812 3.09651e-09
-0.898061 0.139853 0.347464 5.6236 3.17336e-09
-0.894771 0.141001 0.350315 5.59908 3.25213e-09
-0.891482 0.142158 0.35319 5.57456 3.33284e-09
-0.888192 0.143324 0.356088 5.55004 3.41556e-09
-0.884902 0.144501 0.35901 5.52552 3.50034e-09
-0.881613 0.145686 0.361956 5.501 3.58721e-09
-0.878323 0.146882 0.364927 5.47648 3.67625e-09
-0.875034 0.148087 0.367921 5.45196 3.76749e-09
-0.871744 0.149303 0.37094 5.42744 3.861e-09
-0.868454 0.150528 0.373984 5.40292 3.95682e-09
-0.865165 0.151763 0.377053 5.3784 4.05503e-09
-0.861875 0.153009 0.380147 5.35388 4.15567e-09
-0.858586 0.154264 0.383266 5.32936 4.2588e-09
-0.855296 0.15553 0.386411 5.30484 4.3645e-09
-0.852006 0.156807 0.389582 5.28032 4.47282e-09
-0.848717 0.158093 0.392778 5.2558 4.58382e-09
-0.845427 0.159391 0.396001 5.23128 4.69758e-09
-0.842138 0.160699 0.399251 5.20676 4.81416e-09
-0.838848 0.162018 0.402527 5.18224 4.93364e-09
-0.835558 0.163347 0.405829 5.15772 5.05608e-09
-0.832269 0.164688 0.409159 5.1332 5.18155e-09
-0.828979 0.166039 0.412516 5.10868 5.31014e-09
-0.82569 0.167402 0.415901 5.08416 5.44192e-09
-0.8224 0.168775 0.419314 5.05964 5.57696e-09
-0.81911 0.17016 0.422754 5.03512 5.71536e-09
-0.815821 0.171557 0.426222 5.0106 5.85718e-09
-0.812531 0.172965 0.429719 4.98608 6.00253e-09
-0.809242 0.174384 0.433245 4.96156 6.15147e-09
-0.805952 0.175815 0.4368 4.93704 6.30412e-09
-0.802662 0.177258 0.440383 4.91252 6.46054e-09
-0.799373 0.178713 0.443996 4.888 6.62085e-09
-0.796083 0.180179 0.447639 4.86348 6.78513e-09
-0.792794 0.181658 0.451311 4.83896 6.95348e-09
-0.789504 0.183148 0.455014 4.81444 7.12601e-09
-0.786214 0.184651 0.458747 4.78992 7.30282e-09
-0.782925 0.186167 0.46251 4.7654 7.484e-09
-0.779635 0.187694 0.466304 4.74088 7.66968e-09
-0.776346 0.189235 0.470129 4.71636 7.85996e-09
-0.773056 0.190787 0.473986 4.69184 8.05495e-09
-0.769766 0.192353 0.477874 4.66732 8.25478e-09
-0.766477 0.193932 0.481794 4.6428 8.45956e-09
-0.763187 0.195523 0.485746 4.61828 8.66941e-09
-0.759898 0.197127 0.48973 4.59376 8.88446e-09
-0.756608 0.198745 0.493747 4.56923 9.10484e-09
-0.753318 0.200376 0.497796 4.54471 9.33067e-09
-0.750029 0.20202 0.501879 4.52019 9.5621e-09
-0.746739 0.203678 0.505995 4.49567 9.79926e-09
-0.74345 0.205349 0.510145 4.47115 1.00423e-08
-0.74016 0.207034 0.514329 4.44663 1.02913e-08
-0.73687 0.208733 0.518546 4.42211 1.05466e-08
-0.733581 0.210446 0.522799 4.39758 1.08081e-08
-0.730291 0.212173 0.527086 4.37306 1.10761e-08
-0.727002 0.213914 0.531408 4.34854 1.13507e-08
-0.723712 0.215669 0.535765 4.32402 1.16322e-08
-0.720422 0.217439 0.540157 4.29949 1.19205e-08
-0.717133 0.219223 0.544586 4.27497 1.22161e-08
-0.713843 0.221022 0.54905 4.25045 1.25189e-08
-0.710554 0.222835 0.553551 4.22593 1.28292e-08
-0.707264 0.224664 0.558089 4.2014 1.31472e-08
-0.703974 0.226507 0.562664 4.17688 1.3473e-08
-0.700685 0.228366 0.567275 4.15236 1.38069e-08
-0.697395 0.230239 0.571925 4.12783 1.4149e-08
-0.694106 0.232128 0.576612 4.10331 1.44996e-08
-0.690816 0.234033 0.581337 4.07878 1.48589e-08
-0.687526 0.235953 0.5861 4.05426 1.5227e-08
-0.684237 0.237889 0.590903 4.02973 1.56042e-08
-0.680947 0.239841 0.595744 4.00521 1.59907e-08
-0.677658 0.241809 0.600624 3.98068 1.63867e-08
-0.674368 0.243793 0.605544 3.95616 1.67925e-08
-0.671078 0.245793 0.610504 3.93163 1.72082e-08
-0.667789 0.247809 0.615504 3.90711 1.76343e-08
-0.664499 0.249842 0.620544 3.88258 1.80708e-08
-0.66121 0.251892 0.625625 3.85805 1.8518e-08
-0.65792 0.253958 0.630747 3.83352 1.89763e-08
-0.65463 0.256042 0.635911 3.809 1.94458e-08
-0.651341 0.258142 0.641116 3.78447 1.99268e-08
-0.648051 0.26026 0.646363 3.75994 2.04197e-08
-0.644762 0.262395 0.651652 3.73541 2.09247e-08
-0.641472 0.264547 0.656983 3.71088 2.14421e-08
-0.638182 0.266717 0.662358 3.68635 2.19721e-08
-0.634893 0.268905 0.667776 3.66182 2.25152e-08
-0.631603 0.271111 0.673236 3.63729 2.30715e-08
-0.628314 0.273334 0.678741 3.61276 2.36415e-08
-0.625024 0.275576 0.68429 3.58822 2.42254e-08
-0.621734 0.277837 0.689883 3.56369 2.48236e-08
-0.618445 0.280115 0.69552 3.53916 2.54363e-08
-0.615155 0.282413 0.701202 3.51462 2.60641e-08
-0.611866 0.284729 0.70693 3.49009 2.67071e-08
-0.608576 0.287064 0.712703 3.46555 2.73658e-08
-0.605286 0.289418 0.718521 3.44101 2.80406e-08
-0.601997 0.291791 0.724386 3.41647 2.87317e-08
-0.598707 0.294184 0.730297 3.39194 2.94396e-08
-0.595418 0.296596 0.736254 3.3674 3.01647e-08
-0.592128 0.299028 0.742258 3.34285 3.09074e-08
-0.588838 0.301479 0.748309 3.31831 3.1668e-08
-0.585549 0.303951 0.754407 3.29377 3.2447e-08
-0.582259 0.306443 0.760553 3.26922 3.32448e-08
-0.57897 0.308955 0.766747 3.24468 3.40619e-08
-0.57568 0.311487 0.772988 3.22013 3.48986e-08
-0.57239 0.314041 0.779278 3.19558 3.57554e-08
-0.569101 0.316615 0.785617 3.17103 3.66328e-08
-0.565811 0.319209 0.792004 3.14648 3.75311e-08
-0.562522 0.321825 0.79844 3.12193 3.8451e-08
-0.559232 0.324463 0.804925 3.09737 3.93928e-08
-0.555942 0.327121 0.811459 3.07282 4.0357e-08
-0.552653 0.329801 0.818043 3.04826 4.13441e-08
-0.549363 0.332503 0.824676 3.0237 4.23546e-08
-0.546074 0.335227 0.831359 2.99913 4.3389e-08
-0.542784 0.337973 0.838092 2.97457 4.44477e-08
-0.539494 0.340741 0.844875 2.95 4.55314e-08
-0.536205 0.343532 0.851707 2.92543 4.66406e-08
-0.532915 0.346345 0.858591 2.90086 4.77756e-08
-0.529626 0.349181 0.865524 2.87629 4.89371e-08
-0.526336 0.352039 0.872508 2.85171 5.01257e-08
-0.523046 0.354921 0.879541 2.82713 5.13417e-08
-0.519757 0.357826 0.886626 2.80255 5.25858e-08
-0.516467 0.360754 0.89376 2.77796 5.38586e-08
-0.513178 0.363706 0.900945 2.75337 5.51604e-08
-0.509888 0.366682 0.90818 2.72878 5.6492e-08
-0.506598 0.369681 0.915465 2.70418 5.78538e-08
-0.503309 0.372705 0.9228 2.67958 5.92463e-08
-0.500019 0.375753 0.930184 2.65498 6.06702e-08
-0.49673 0.378825 0.937618 2.63037 6.2126e-08
-0.49344 0.381922 0.945102 2.60576 6.36141e-08
-0.49015 0.385043 0.952634 2.58114 6.51351e-08
-0.486861 0.388189 0.960216 2.55652 6.66896e-08
-0.483571 0.391361 0.967845 2.53189 6.8278e-08
-0.480282 0.394557 0.975523 2.50726 6.99008e-08
-0.476992 0.397779 0.983248 2.48262 7.15586e-08
-0.473702 0.401026 0.99102 2.45797 7.32519e-08
-0.470413 0.404299 0.998838 2.43332 7.4981e-08
-0.467123 0.407598 1.0067 2.40867 7.67464e-08
-0.463834 0.410922 1.01461 2.384 7.85487e-08
-0.460544 0.414273 1.02257 2.35933 8.03881e-08
-0.457254 0.41765 1.03056 2.33466 8.2265e-08
-0.453965 0.421053 1.0386 2.30997 8.41799e-08
-0.450675 0.424483 1.04668 2.28528 8.6133e-08
-0.447386 0.42794 1.0548 2.26058 8.81246e-08
-0.444096 0.431423 1.06297 2.23587 9.01549e-08
-0.440806 0.434933 1.07117 2.21115 9.22243e-08
-0.437517 0.43847 1.0794 2.18642 9.43328e-08
-0.434227 0.442035 1.08767 2.16168 9.64805e-08
-0.430938 0.445626 1.09598 2.13693 9.86676e-08
-0.427648 0.449246 1.10431 2.11217 1.00894e-07
-0.424358 0.452892 1.11268 2.0874 1.0316e-07
-0.421069 0.456566 1.12108 2.06262 1.05465e-07
-0.417779 0.460268 1.1295 2.03782 1.07809e-07
-0.41449 0.463997 1.13795 2.01301 1.10191e-07
-0.4112 0.467755 1.14641 1.98819 1.12612e-07
-0.40791 0.47154 1.1549 1.96336 1.15071e-07
-0.404621 0.475353 1.1634 1.93851 1.17568e-07
-0.401331 0.479194 1.17192 1.91364 1.20101e-07
-0.398042 0.483063 1.18045 1.88876 1.2267e-07
-0.394752 0.48696 1.18898 1.86386 1.25274e-07
-0.391462 0.490886 1.19752 1.83895 1.27913e-07
-0.388173 0.494839 1.20605 1.81402 1.30585e-07
-0.384883 0.498821 1.21459 1.78907 1.33289e-07
-0.381594 0.50283 1.22311 1.7641 1.36023e-07
-0.378304 0.506868 1.23163 1.73911 1.38787e-07
-0.375014 0.510933 1.24012 1.7141 1.41578e-07
-0.371725 0.515027 1.2486 1.68908 1.44395e-07
-0.368435 0.519148 1.25704 1.66402 1.47235e-07
-0.365146 0.523297 1.26546 1.63895 1.50097e-07
-0.361856 0.527474 1.27383 1.61386 1.52979e-07
-0.358566 0.531678 1.28216 1.58874 1.55877e-07
-0.355277 0.535909 1.29044 1.56359 1.58789e-07
-0.351987 0.540168 1.29867 1.53843 1.61712e-07
-0.348698 0.544453 1.30682 1.51323 1.64644e-07
-0.345408 0.548766 1.31491 1.48802 1.67581e-07
-0.342118 0.553104 1.32291 1.46277 1.70519e-07
-0.338829 0.557469 1.33083 1.4375 1.73456e-07
-0.335539 0.56186 1.33864 1.4122 1.76386e-07
-0.33225 0.566276 1.34636 1.38687 1.79307e-07
-0.32896 0.570718 1.35395 1.36152 1.82214e-07
-0.32567 0.575184 1.36143 1.33614 1.85102e-07
-0.322381 0.579675 1.36876 1.31073 1.87967e-07
-0.319091 0.584189 1.37595 1.2853 1.90805e-07
-0.315802 0.588727 1.38298 1.25983 1.93611e-07
-0.312512 0.593288 1.38985 1.23434 1.96379e-07
-0.309222 0.597871 1.39654 1.20883 1.99104e-07
-0.305933 0.602476 1.40303 1.18329 2.01781e-07
-0.302643 0.607102 1.40932 1.15772 2.04406e-07
-0.299354 0.611748 1.41539 1.13214 2.06972e-07
-0.296064 0.616414 1.42124 1.10653 2.09474e-07
-0.292774 0.621098 1.42684 1.0809 2.11906e-07
-0.289485 0.625801 1.43219 1.05526 2.14264e-07
-0.286195 0.630521 1.43727 1.0296 2.16541e-07
-0.282906 0.635257 1.44207 1.00393 2.18733e-07
-0.279616 0.640008 1.44657 0.978257 2.20834e-07
-0.276326 0.644774 1.45077 0.952577 2.22839e-07
-0.273037 0.649553 1.45464 0.926898 2.24743e-07
-0.269747 0.654344 1.45819 0.901223 2.26542e-07
-0.266458 0.659146 1.46138 0.875559 2.28231e-07
-0.263168 0.663958 1.46422 0.849911 2.29806e-07
-0.259878 0.668779 1.4667 0.824286 2.31264e-07
-0.256589 0.673607 1.46879 0.79869 2.326e-07
-0.253299 0.678442 1.4705 0.77313 2.33811e-07
-0.25001 0.683282 1.47181 0.747615 2.34896e-07
-0.24672 0.688125 1.47272 0.722152 2.35852e-07
-0.24343 0.69297 1.47322 0.696751 2.36678e-07
-0.240141 0.697817 1.47331 0.67142 2.37372e-07
-0.236851 0.702663 1.47298 0.64617 2.37933e-07
-0.233562 0.707508 1.47223 0.62101 2.38362e-07
-0.230272 0.712349 1.47106 0.595951 2.38659e-07
-0.226982 0.717186 1.46948 0.571003 2.38826e-07
-0.223693 0.722016 1.46747 0.546177 2.38863e-07
-0.220403 0.72684 1.46506 0.521484 2.38773e-07
-0.217114 0.731655 1.46224 0.496934 2.38558e-07
-0.213824 0.73646 1.45903 0.472539 2.38222e-07
-0.210534 0.741254 1.45543 0.448309 2.37768e-07
-0.207245 0.746035 1.45145 0.424255 2.37199e-07
-0.203955 0.750803 1.4471 0.400387 2.36521e-07
-0.200666 0.755555 1.44241 0.376715 2.35738e-07
-0.197376 0.760292 1.43737 0.353247 2.34854e-07
-0.194086 0.765012 1.43202 0.329994 2.33875e-07
-0.190797 0.769713 1.42636 0.306962 2.32805e-07
-0.187507 0.774396 1.42041 0.284161 2.31652e-07
-0.184218 0.779058 1.41418 0.261597 2.30419e-07
-0.180928 0.7837 1.40771 0.239275 2.29112e-07
-0.177638 0.788319 1.401 0.217203 2.27738e-07
-0.174349 0.792917 1.39406 0.195385 2.26301e-07
-0.171059 0.797491 1.38693 0.173824 2.24806e-07
-0.16777 0.802042 1.37962 0.152525 2.2326e-07
-0.16448 0.806568 1.37214 0.13149 2.21667e-07
-0.16119 0.811069 1.36452 0.110722 2.20032e-07
-0.157901 0.815545 1.35676 0.0902216 2.1836e-07
-0.154611 0.819995 1.34889 0.0699898 2.16655e-07
-0.151322 0.824419 1.34091 0.050027 2.14923e-07
-0.148032 0.828817 1.33285 0.0303329 2.13166e-07
-0.144742 0.833189 1.32472 0.0109066 2.1139e-07
-0.141453 0.837533 1.31653 -0.008253 2.09597e-07
-0.138163 0.84185 1.3083 -0.0271477 2.07791e-07
-0.134874 0.84614 1.30003 -0.0457796 2.05976e-07
-0.131584 0.850403 1.29174 -0.064151 2.04154e-07
-0.128294 0.854639 1.28343 -0.0822648 2.02328e-07
-0.125005 0.858847 1.27512 -0.100124 2.00501e-07
-0.121715 0.863028 1.26681 -0.117732 1.98675e-07
-0.118426 0.867182 1.25852 -0.135091 1.96852e-07
-0.115136 0.871308 1.25025 -0.152207 1.95035e-07
-0.111846 0.875408 1.24201 -0.169081 1.93225e-07
-0.108557 0.87948 1.2338 -0.185719 1.91423e-07
-0.105267 0.883525 1.22563 -0.202125 1.89632e-07
-0.101978 0.887543 1.2175 -0.218301 1.87852e-07
-0.098688 0.891535 1.20942 -0.234254 1.86086e-07
-0.0953984 0.895501 1.2014 -0.249985 1.84333e-07
-0.0921088 0.89944 1.19344 -0.265501 1.82595e-07
-0.0888192 0.903352 1.18553 -0.280804 1.80872e-07
-0.0855296 0.907239 1.17769 -0.2959 1.79166e-07
-0.08224 0.911101 1.16992 -0.310792 1.77477e-07
-0.0789504 0.914937 1.16221 -0.325484 1.75806e-07
-0.0756608 0.918747 1.15457 -0.33998 1.74152e-07
-0.0723712 0.922533 1.14701 -0.354285 1.72517e-07
-0.0690816 0.926294 1.13952 -0.368403 1.70901e-07
-0.065792 0.93003 1.13211 -0.382336 1.69304e-07
-0.0625024 0.933742 1.12477 -0.39609 1.67727e-07
-0.0592128 0.93743 1.11751 -0.409668 1.66169e-07
-0.0559232 0.941095 1.11032 -0.423073 1.6463e-07
-0.0526336 0.944735 1.10322 -0.43631 1.63111e-07
-0.049344 0.948353 1.09619 -0.449381 1.61611e-07
-0.0460544 0.951948 1.08924 -0.462291 1.60132e-07
-0.0427648 0.955519 1.08237 -0.475043 1.58672e-07
-0.0394752 0.959069 1.07557 -0.48764 1.57231e-07
-0.0361856 0.962596 1.06886 -0.500085 1.5581e-07
-0.032896 0.966101 1.06222 -0.512382 1.54409e-07
-0.0296064 0.969585 1.05566 -0.524533 1.53026e-07
-0.0263168 0.973047 1.04917 -0.536543 1.51663e-07
-0.0230272 0.976487 1.04277 -0.548413 1.50318e-07
-0.0197376 0.979907 1.03643 -0.560146 1.48993e-07
-0.016448 0.983306 1.03018 -0.571746 1.47686e-07
-0.0131584 0.986685 1.024 -0.583216 1.46397e-07
-0.0098688 0.990043 1.01789 -0.594557 1.45126e-07
-0.0065792 0.993382 1.01185 -0.605772 1.43874e-07
-0.0032896 0.996701 1.00589 -0.616865 1.42639e-07
0 1 1 -0.627837 1.41421e-07
0.0224 1.02197 0.961725 -0.69953 1.33577e-07
0.0448 1.04311 0.926459 -0.766432 1.26456e-07
0.0672 1.06349 0.893922 -0.829122 1.19982e-07
0.0896 1.08317 0.86385 -0.888087 1.14083e-07
0.112 1.10221 0.835996 -0.943739 1.08697e-07
0.1344 1.12064 0.810137 -0.996426 1.03764e-07
0.1568 1.13852 0.786076 -1.04645 9.9236e-08
0.1792 1.15587 0.763635 -1.09406 9.50674e-08
0.2016 1.17274 0.742659 -1.13948 9.12199e-08
0.224 1.18915 0.723007 -1.1829 8.76597e-08
0.2464 1.20514 0.704559 -1.2245 8.43573e-08
0.2688 1.22072 0.687206 -1.26442 8.12868e-08
0.2912 1.23593 0.67085 -1.30279 7.84254e-08
0.3136 1.25078 0.655408 -1.33972 7.57533e-08
0.336 1.2653 0.640802 -1.37533 7.32528e-08
0.3584 1.2795 0.626964 -1.4097 7.09084e-08
0.3808 1.29339 0.613834 -1.44292 6.87062e-08
0.4032 1.307 0.601356 -1.47506 6.6634e-08
0.4256 1.32034 0.589482 -1.50619 6.46809e-08
0.448 1.33342 0.578167 -1.53638 6.2837e-08
0.4704 1.34624 0.567371 -1.56567 6.10937e-08
0.4928 1.35884 0.557057 -1.59412 5.9443e-08
0.5152 1.3712 0.547193 -1.62178 5.78779e-08
0.5376 1.38335 0.537748 -1.64869 5.6392e-08
0.56 1.3953 0.528695 -1.67489 5.49796e-08
0.5824 1.40704 0.520009 -1.70042 5.36353e-08
0.6048 1.4186 0.511667 -1.72531 5.23544e-08
0.6272 1.42997 0.503648 -1.74958 5.11326e-08
0.6496 1.44116 0.495933 -1.77329 4.9966e-08
0.672 1.45219 0.488504 -1.79643 4.88509e-08
0.6944 1.46305 0.481344 -1.81906 4.7784e-08
0.7168 1.47375 0.474438 -1.84118 4.67623e-08
0.7392 1.48431 0.467773 -1.86281 4.5783e-08
0.7616 1.49471 0.461335 -1.88399 4.48436e-08
0.784 1.50498 0.455113 -1.90473 4.39416e-08
0.8064 1.5151 0.449094 -1.92504 4.30749e-08
0.8288 1.5251 0.44327 -1.94495 4.22415e-08
0.8512 1.53496 0.437629 -1.96447 4.14396e-08
0.8736 1.5447 0.432163 -1.98361 4.06673e-08
0.896 1.55432 0.426863 -2.00239 3.99231e-08
0.9184 1.56383 0.421722 -2.02083 3.92054e-08
0.9408 1.57322 0.416732 -2.03892 3.8513e-08
0.9632 1.5825 0.411887 -2.0567 3.78444e-08
0.9856 1.59167 0.407179 -2.07417 3.71986e-08
1.008 1.60074 0.402602 -2.09133 3.65743e-08
1.0304 1.60971 0.398151 -2.1082 3.59705e-08
1.0528 1.61858 0.393821 -2.1248 3.53862e-08
1.0752 1.62735 0.389606 -2.14112 3.48205e-08
1.0976 1.63603 0.385502 -2.15717 3.42725e-08
1.12 1.64463 0.381503 -2.17298 3.37415e-08
1.1424 1.65313 0.377606 -2.18853 3.32265e-08
1.1648 1.66154 0.373807 -2.20385 3.2727e-08
1.1872 1.66987 0.370101 -2.21894 3.22422e-08
1.2096 1.67812 0.366486 -2.2338 3.17715e-08
1.232 1.68629 0.362957 -2.24844 3.13143e-08
1.2544 1.69438 0.359511 -2.26288 3.08701e-08
1.2768 1.7024 0.356146 -2.2771 3.04382e-08
1.2992 1.71034 0.352859 -2.29113 3.00182e-08
1.3216 1.71821 0.349646 -2.30496 2.96095e-08
1.344 1.72601 0.346504 -2.3186 2.92118e-08
1.3664 1.73373 0.343432 -2.33206 2.88247e-08
1.3888 1.74139 0.340428 -2.34534 2.84476e-08
1.4112 1.74898 0.337487 -2.35844 2.80802e-08
1.4336 1.75651 0.33461 -2.37138 2.77222e-08
1.456 1.76398 0.331792 -2.38415 2.73731e-08
1.4784 1.77138 0.329034 -2.39676 2.70328e-08
1.5008 1.77872 0.326331 -2.40921 2.67007e-08
1.5232 1.786 0.323683 -2.4215 2.63767e-08
1.5456 1.79322 0.321089 -2.43365 2.60604e-08
1.568 1.80038 0.318545 -2.44565 2.57516e-08
1.5904 1.80749 0.316051 -2.45751 2.54501e-08
1.6128 1.81454 0.313605 -2.46923 2.51555e-08
1.6352 1.82154 0.311206 -2.48082 2.48676e-08
1.6576 1.82848 0.308852 -2.49227 2.45862e-08
1.68 1.83538 0.306542 -2.50359 2.43111e-08
1.7024 1.84222 0.304275 -2.51478 2.40421e-08
1.7248 1.84901 0.302049 -2.52586 2.37789e-08
1.7472 1.85575 0.299863 -2.5368 2.35214e-08
1.7696 1.86244 0.297716 -2.54763 2.32695e-08
1.792 1.86909 0.295608 -2.55835 2.30228e-08
1.8144 1.87569 0.293536 -2.56895 2.27814e-08
1.8368 1.88224 0.291499 -2.57944 2.25449e-08
1.8592 1.88874 0.289498 -2.58982 2.23133e-08
1.8816 1.89521 0.287531 -2.60009 2.20864e-08
1.904 1.90163 0.285597 -2.61026 2.1864e-08
1.9264 1.908 0.283695 -2.62033 2.16461e-08
1.9488 1.91434 0.281824 -2.63029 2.14324e-08
1.9712 1.92063 0.279983 -2.64016 2.1223e-08
1.9936 1.92688 0.278173 -2.64993 2.10175e-08
2.016 1.93309 0.276391 -2.65961 2.08161e-08
2.0384 1.93926 0.274638 -2.66919 2.06184e-08
2.0608 1.94539 0.272912 -2.67868 2.04244e-08
2.0832 1.95149 0.271213 -2.68808 2.02341e-08
2.1056 1.95754 0.26954 -2.6974 2.00473e-08
2.128 1.96356 0.267892 -2.70663 1.98638e-08
2.1504 1.96955 0.26627 -2.71577 1.96837e-08
2.1728 1.97549 0.264671 -2.72483 1.95069e-08
2.1952 1.9814 0.263097 -2.73381 1.93331e-08
2.2176 1.98728 0.261545 -2.74272 1.91625e-08
2.24 1.99312 0.260017 -2.75154 1.89948e-08
2.2624 1.99893 0.25851 -2.76028 1.883e-08
2.2848 2.0047 0.257025 -2.76895 1.86681e-08
2.3072 2.01044 0.255561 -2.77754 1.85089e-08
2.3296 2.01615 0.254118 -2.78606 1.83524e-08
2.352 2.02183 0.252695 -2.79451 1.81985e-08
2.3744 2.02747 0.251292 -2.80289 1.80472e-08
2.3968 2.03309 0.249908 -2.8112 1.78984e-08
2.4192 2.03867 0.248543 -2.81944 1.7752e-08
2.4416 2.04422 0.247196 -2.82761 1.76079e-08
2.464 2.04974 0.245867 -2.83572 1.74662e-08
2.4864 2.05524 0.244556 -2.84376 1.73268e-08
2.5088 2.0607 0.243263 -2.85173 1.71895e-08
2.5312 2.06613 0.241986 -2.85965 1.70544e-08
2.5536 2.07154 0.240726 -2.8675 1.69215e-08
2.576 2.07692 0.239482 -2.87529 1.67905e-08
2.5984 2.08227 0.238255 -2.88302 1.66616e-08
2.6208 2.08759 0.237042 -2.89069 1.65347e-08
2.6432 2.09289 0.235845 -2.8983 1.64096e-08
2.6656 2.09816 0.234663 -2.90586 1.62865e-08
2.688 2.1034 0.233496 -2.91335 1.61651e-08
2.7104 2.10862 0.232343 -2.9208 1.60456e-08
2.7328 2.11381 0.231204 -2.92818 1.59278e-08
2.7552 2.11898 0.230079 -2.93552 1.58117e-08
2.7776 2.12412 0.228968 -2.94279 1.56973e-08
2.8 2.12924 0.22787 -2.95002 1.55846e-08
2.8224 2.13433 0.226785 -2.9572 1.54734e-08
2.8448 2.1394 0.225713 -2.96432 1.53639e-08
2.8672 2.14444 0.224653 -2.97139 1.52558e-08
2.8896 2.14946 0.223606 -2.97842 1.51493e-08
2.912 2.15446 0.222571 -2.98539 1.50443e-08
2.9344 2.15943 0.221547 -2.99232 1.49407e-08
2.9568 2.16438 0.220536 -2.9992 1.48385e-08
2.9792 2.16931 0.219536 -3.00603 1.47377e-08
3.0016 2.17422 0.218547 -3.01281 1.46382e-08
3.024 2.1791 0.217569 -3.01955 1.45401e-08
3.0464 2.18397 0.216602 -3.02625 1.44433e-08
3.0688 2.18881 0.215645 -3.0329 1.43478e-08
3.0912 2.19363 0.2147 -3.0395 1.42535e-08
3.1136 2.19843 0.213764 -3.04606 1.41605e-08
3.136 2.2032 0.212839 -3.05258 1.40687e-08
3.1584 2.20796 0.211923 -3.05906 1.3978e-08
3.1808 2.2127 0.211017 -3.0655 1.38885e-08
3.2032 2.21741 0.210121 -3.07189 1.38002e-08
3.2256 2.22211 0.209235 -3.07824 1.37129e-08
3.248 2.22679 0.208357 -3.08456 1.36268e-08
3.2704 2.23145 0.207489 -3.09083 1.35417e-08
3.2928 2.23608 0.20663 -3.09707 1.34577e-08
3.3152 2.2407 0.205779 -3.10326 1.33747e-08
3.3376 2.2453 0.204938 -3.10942 1.32928e-08
3.36 2.24988 0.204104 -3.11554 1.32118e-08
3.3824 2.25445 0.20328 -3.12162 1.31318e-08
3.4048 2.25899 0.202463 -3.12767 1.30528e-08
3.4272 2.26352 0.201655 -3.13368 1.29747e-08
3.4496 2.26802 0.200854 -3.13965 1.28976e-08
3.472 2.27252 0.200062 -3.14559 1.28213e-08
3.4944 2.27699 0.199277 -3.1515 1.2746e-08
3.5168 2.28144 0.1985 -3.15737 1.26715e-08
3.5392 2.28588 0.197731 -3.1632 1.25979e-08
3.5616 2.2903 0.196969 -3.169 1.25252e-08
3.584 2.2947 0.196214 -3.17477 1.24533e-08
3.6064 2.29909 0.195466 -3.1805 1.23822e-08
3.6288 2.30346 0.194726 -3.1862 1.23119e-08
3.6512 2.30782 0.193992 -3.19187 1.22424e-08
3.6736 2.31215 0.193265 -3.19751 1.21737e-08
3.696 2.31647 0.192545 -3.20312 1.21057e-08
3.7184 2.32078 0.191832 -3.20869 1.20386e-08
3.7408 2.32507 0.191125 -3.21423 1.19721e-08
3.7632 2.32934 0.190425 -3.21975 1.19064e-08
3.7856 2.3336 0.189731 -3.22523 1.18414e-08
3.808 2.33784 0.189044 -3.23068 1.17771e-08
3.8304 2.34207 0.188362 -3.2361 1.17135e-08
3.8528 2.34628 0.187687 -3.2415 1.16505e-08
3.8752 2.35048 0.187018 -3.24686 1.15883e-08
3.8976 2.35466 0.186354 -3.2522 1.15267e-08
3.92 2.35883 0.185697 -3.25751 1.14658e-08
3.9424 2.36298 0.185045 -3.26279 1.14055e-08
3.9648 2.36712 0.184399 -3.26804 1.13458e-08
3.9872 2.37124 0.183759 -3.27326 1.12868e-08
4.0096 2.37535 0.183124 -3.27846 1.12283e-08
4.032 2.37944 0.182494 -3.28363 1.11705e-08
4.0544 2.38352 0.18187 -3.28878 1.11132e-08
4.0768 2.38759 0.181252 -3.29389 1.10566e-08
4.0992 2.39164 0.180638 -3.29898 1.10005e-08
4.1216 2.39568 0.18003 -3.30405 1.0945e-08
4.144 2.39971 0.179426 -3.30909 1.089e-08
4.1664 2.40372 0.178828 -3.31411 1.08356e-08
4.1888 2.40772 0.178235 -3.3191 1.07817e-08
4.2112 2.41171 0.177646 -3.32406 1.07284e-08
4.2336 2.41568 0.177063 -3.329 1.06756e-08
4.256 2.41964 0.176484 -3.33392 1.06233e-08
4.2784 2.42359 0.17591 -3.33881 1.05715e-08
4.3008 2.42752 0.175341 -3.34368 1.05202e-08
4.3232 2.43144 0.174776 -3.34852 1.04694e-08
4.3456 2.43535 0.174215 -3.35334 1.04191e-08
4.368 2.43925 0.173659 -3.35814 1.03693e-08
4.3904 2.44313 0.173108 -3.36292 1.032e-08
4.4128 2.447 0.172561 -3.36767 1.02711e-08
4.4352 2.45086 0.172018 -3.3724 1.02227e-08
4.4576 2.45471 0.17148 -3.37711 1.01747e-08
4.48 2.45854 0.170945 -3.3818 1.01272e-08
4.5024 2.46237 0.170415 -3.38646 1.00801e-08
4.5248 2.46618 0.169889 -3.3911 1.00335e-08
4.5472 2.46998 0.169367 -3.39572 9.98727e-09
4.5696 2.47377 0.168849 -3.40032 9.94148e-09
4.592 2.47754 0.168334 -3.4049 9.89611e-09
4.6144 2.48131 0.167824 -3.40946 9.85116e-09
4.6368 2.48506 0.167318 -3.414 9.80661e-09
4.6592 2.4888 0.166815 -3.41851 9.76246e-09
4.6816 2.49253 0.166316 -3.42301 9.7187e-09
4.704 2.49625 0.165821 -3.42748 9.67534e-09
4.7264 2.49996 0.16533 -3.43194 9.63236e-09
4.7488 2.50366 0.164842 -3.43638 9.58976e-09
4.7712 2.50735 0.164358 -3.44079 9.54754e-09
4.7936 2.51102 0.163877 -3.44519 9.50569e-09
4.816 2.51469 0.1634 -3.44957 9.4642e-09
4.8384 2.51834 0.162926 -3.45393 9.42307e-09
4.8608 2.52199 0.162455 -3.45827 9.3823e-09
4.8832 2.52562 0.161989 -3.46259 9.34188e-09
4.9056 2.52925 0.161525 -3.46689 9.30181e-09
4.928 2.53286 0.161065 -3.47118 9.26208e-09
4.9504 2.53646 0.160607 -3.47544 9.22268e-09
4.9728 2.54005 0.160154 -3.47969 9.18362e-09
4.9952 2.54364 0.159703 -3.48392 9.14489e-09
5.0176 2.54721 0.159255 -3.48813 9.10649e-09
5.04 2.55077 0.158811 -3.49233 9.0684e-09
5.0624 2.55432 0.15837 -3.4965 9.03063e-09
5.0848 2.55787 0.157932 -3.50066 8.99318e-09
5.1072 2.5614 0.157496 -3.50481 8.95604e-09
5.1296 2.56492 0.157064 -3.50893 8.9192e-09
5.152 2.56843 0.156635 -3.51304 8.88266e-09
5.1744 2.57194 0.156209 -3.51713 8.84642e-09
5.1968 2.57543 0.155785 -3.52121 8.81047e-09
5.2192 2.57892 0.155364 -3.52526 8.77482e-09
5.2416 2.58239 0.154947 -3.52931 8.73945e-09
5.264 2.58586 0.154532 -3.53333 8.70437e-09
5.2864 2.58932 0.154119 -3.53734 8.66957e-09
5.3088 2.59276 0.15371 -3.54133 8.63504e-09
5.3312 2.5962 0.153303 -3.54531 8.60079e-09
5.3536 2.59963 0.152899 -3.54927 8.56681e-09
5.376 2.60305 0.152498 -3.55322 8.5331e-09
5.3984 2.60646 0.152099 -3.55715 8.49965e-09
5.4208 2.60987 0.151703 -3.56106 8.46646e-09
5.4432 2.61326 0.151309 -3.56496 8.43353e-09
5.4656 2.61665 0.150918 -3.56885 8.40085e-09
5.488 2.62002 0.150529 -3.57272 8.36843e-09
5.5104 2.62339 0.150143 -3.57657 8.33626e-09
5.5328 2.62675 0.149759 -3.58041 8.30433e-09
5.5552 2.6301 0.149378 -3.58424 8.27264e-09
5.5776 2.63344 0.148999 -3.58805 8.2412e-09
5.6 2.63677 0.148623 -3.59185 8.21e-09
5.6224 2.6401 0.148249 -3.59563 8.17903e-09
5.6448 2.64341 0.147877 -3.5994 8.14829e-09
5.6672 2.64672 0.147508 -3.60315 8.11778e-09
5.6896 2.65002 0.147141 -3.60689 8.0875e-09
5.712 2.65332 0.146776 -3.61061 8.05745e-09
5.7344 2.6566 0.146414 -3.61433 8.02762e-09
5.7568 2.65987 0.146053 -3.61802 7.99801e-09
5.7792 2.66314 0.145695 -3.62171 7.96861e-09
5.8016 2.6664 0.145339 -3.62538 7.93943e-09
5.824 2.66965 0.144986 -3.62904 7.91047e-09
5.8464 2.6729 0.144634 -3.63268 7.88171e-09
5.8688 2.67613 0.144285 -3.63631 7.85316e-09
5.8912 2.67936 0.143937 -3.63993 7.82482e-09
5.9136 2.68258 0.143592 -3.64353 7.79668e-09
5.936 2.68579 0.143249 -3.64713 7.76875e-09
5.9584 2.689 0.142907 -3.6507 7.74101e-09
5.9808 2.6922 0.142568 -3.65427 7.71347e-09
6.0032 2.69539 0.142231 -3.65782 7.68613e-09
6.0256 2.69857 0.141896 -3.66136 7.65898e-09
6.048 2.70174 0.141563 -3.66489 7.63202e-09
6.0704 2.70491 0.141231 -3.66841 7.60525e-09
6.0928 2.70807 0.140902 -3.67191 7.57866e-09
6.1152 2.71122 0.140575 -3.6754 7.55227e-09
6.1376 2.71437 0.140249 -3.67888 7.52605e-09
6.16 2.71751 0.139926 -3.68235 7.50002e-09
6.1824 2.72064 0.139604 -3.68581 7.47416e-09
6.2048 2.72376 0.139284 -3.68925 7.44849e-09
6.2272 2.72688 0.138966 -3.69268 7.42298e-09
6.2496 2.72999 0.138649 -3.6961 7.39766e-09
6.272 2.73309 0.138335 -3.69951 7.3725e-09
6.2944 2.73618 0.138022 -3.7029 7.34752e-09
6.3168 2.73927 0.137711 -3.70629 7.3227e-09
6.3392 2.74235 0.137402 -3.70966 7.29805e-09
6.3616 2.74543 0.137095 -3.71303 7.27357e-09
6.384 2.74849 0.136789 -3.71638 7.24925e-09
6.4064 2.75156 0.136485 -3.71972 7.22509e-09
6.4288 2.75461 0.136182 -3.72304 7.2011e-09
6.4512 2.75766 0.135882 -3.72636 7.17726e-09
6.4736 2.7607 0.135582 -3.72967 7.15358e-09
6.496 2.76373 0.135285 -3.73296 7.13005e-09
6.5184 2.76676 0.134989 -3.73625 7.10668e-09
6.5408 2.76978 0.134695 -3.73952 7.08346e-09
6.5632 2.77279 0.134402 -3.74279 7.0604e-09
6.5856 2.7758 0.134111 -3.74604 7.03748e-09
6.608 2.7788 0.133822 -3.74928 7.01471e-09
6.6304 2.78179 0.133534 -3.75251 6.99209e-09
6.6528 2.78478 0.133248 -3.75574 6.96961e-09
6.6752 2.78776 0.132963 -3.75895 6.94728e-09
6.6976 2.79074 0.13268 -3.76215 6.92509e-09
6.72 2.79371 0.132398 -3.76534 6.90304e-09
6.7424 2.79667 0.132118 -3.76852 6.88113e-09
6.7648 2.79963 0.131839 -3.77169 6.85936e-09
6.7872 2.80258 0.131561 -3.77485 6.83773e-09
6.8096 2.80552 0.131285 -3.778 6.81623e-09
6.832 2.80846 0.131011 -3.78114 6.79487e-09
6.8544 2.81139 0.130738 -3.78427 6.77364e-09
6.8768 2.81432 0.130466 -3.78739 6.75254e-09
6.8992 2.81723 0.130196 -3.7905 6.73157e-09
6.9216 2.82015 0.129927 -3.7936 6.71074e-09
6.944 2.82306 0.12966 -3.7967 6.69003e-09
6.9664 2.82596 0.129394 -3.79978 6.66945e-09
6.9888 2.82885 0.129129 -3.80285 6.649e-09
7.0112 2.83174 0.128866 -3.80591 6.62867e-09
7.0336 2.83463 0.128604 -3.80897 6.60846e-09
7.056 2.8375 0.128343 -3.81201 6.58838e-09
7.0784 2.84038 0.128084 -3.81505 6.56842e-09
7.1008 2.84324 0.127826 -3.81808 6.54858e-09
7.1232 2.8461 0.127569 -3.82109 6.52886e-09
7.1456 2.84896 0.127313 -3.8241 6.50926e-09
7.168 2.85181 0.127059 -3.8271 6.48977e-09
7.1904 2.85465 0.126806 -3.83009 6.4704e-09
7.2128 2.85749 0.126555 -3.83307 6.45115e-09
7.2352 2.86032 0.126304 -3.83604 6.43201e-09
7.2576 2.86314 0.126055 -3.83901 6.41299e-09
7.28 2.86597 0.125807 -3.84196 6.39407e-09
7.3024 2.86878 0.12556 -3.84491 6.37527e-09
7.3248 2.87159 0.125315 -3.84785 6.35658e-09
7.3472 2.8744 0.12507 -3.85077 6.338e-09
7.3696 2.87719 0.124827 -3.8537 6.31952e-09
7.392 2.87999 0.124585 -3.85661 6.30115e-09
7.4144 2.88278 0.124344 -3.85951 6.28289e-09
7.4368 2.88556 0.124105 -3.86241 6.26474e-09
7.4592 2.88834 0.123866 -3.86529 6.24669e-09
7.4816 2.89111 0.123629 -3.86817 6.22874e-09
7.504 2.89387 0.123392 -3.87104 6.2109e-09
7.5264 2.89664 0.123157 -3.8739 6.19316e-09
7.5488 2.89939 0.122923 -3.87676 6.17551e-09
7.5712 2.90214 0.12269 -3.8796 6.15797e-09
7.5936 2.90489 0.122459 -3.88244 6.14053e-09
7.616 2.90763 0.122228 -3.88527 6.12319e-09
7.6384 2.91036 0.121998 -3.88809 6.10594e-09
7.6608 2.91309 0.12177 -3.8909 6.0888e-09
7.6832 2.91582 0.121542 -3.89371 6.07174e-09
7.7056 2.91854 0.121316 -3.89651 6.05479e-09
7.728 2.92125 0.121091 -3.8993 6.03792e-09
7.7504 2.92396 0.120866 -3.90208 6.02115e-09
7.7728 2.92667 0.120643 -3.90485 6.00448e-09
7.7952 2.92937 0.120421 -3.90762 5.98789e-09
7.8176 2.93206 0.120199 -3.91038 5.9714e-09
7.84 2.93475 0.119979 -3.91313 5.955e-09
7.8624 2.93744 0.11976 -3.91587 5.93869e-09
7.8848 2.94012 0.119542 -3.91861 5.92246e-09
7.9072 2.94279 0.119325 -3.92134 5.90633e-09
7.9296 2.94546 0.119108 -3.92406 5.89028e-09
7.952 2.94813 0.118893 -3.92678 5.87432e-09
7.9744 2.95079 0.118679 -3.92948 5.85845e-09
7.9968 2.95345 0.118465 -3.93218 5.84266e-09
8.0192 2.9561 0.118253 -3.93487 5.82695e-09
8.0416 2.95874 0.118042 -3.93756 5.81134e-09
8.064 2.96139 0.117831 -3.94024 5.7958e-09
8.0864 2.96402 0.117622 -3.94291 5.78035e-09
8.1088 2.96666 0.117413 -3.94557 5.76498e-09
8.1312 2.96928 0.117205 -3.94823 5.74969e-09
8.1536 2.97191 0.116999 -3.95088 5.73448e-09
8.176 2.97453 0.116793 -3.95352 5.71935e-09
8.1984 2.97714 0.116588 -3.95616 5.7043e-09
8.2208 2.97975 0.116384 -3.95878 5.68933e-09
8.2432 2.98235 0.11618 -3.96141 5.67444e-09
8.2656 2.98495 0.115978 -3.96402 5.65963e-09
8.288 2.98755 0.115777 -3.96663 5.64489e-09
8.3104 2.99014 0.115576 -3.96923 5.63023e-09
8.3328 2.99273 0.115377 -3.97182 5.61565e-09
8.3552 2.99531 0.115178 -3.97441 5.60114e-09
8.3776 2.99789 0.11498 -3.97699 5.5867e-09
8.4 3.00046 0.114783 -3.97957 5.57234e-09
8.4224 3.00303 0.114586 -3.98214 5.55806e-09
8.4448 3.00559 0.114391 -3.9847 5.54384e-09
8.4672 3.00815 0.114196 -3.98725 5.5297e-09
8.4896 3.01071 0.114003 -3.9898 5.51564e-09
8.512 3.01326 0.11381 -3.99234 5.50164e-09
8.5344 3.01581 0.113617 -3.99488 5.48771e-09
8.5568 3.01835 0.113426 -3.99741 5.47386e-09
8.5792 3.02089 0.113236 -3.99993 5.46007e-09
8.6016 3.02342 0.113046 -4.00244 5.44635e-09
8.624 3.02595 0.112857 -4.00495 5.4327e-09
8.6464 3.02848 0.112669 -4.00746 5.41912e-09
8.6688 3.031 0.112481 -4.00996 5.40561e-09
8.6912 3.03352 0.112295 -4.01245 5.39217e-09
8.7136 3.03603 0.112109 -4.01493 5.37879e-09
8.736 3.03854 0.111924 -4.01741 5.36548e-09
8.7584 3.04105 0.11174 -4.01988 5.35223e-09
8.7808 3.04355 0.111556 -4.02235 5.33905e-09
8.8032 3.04604 0.111373 -4.02481 5.32593e-09
8.8256 3.04854 0.111191 -4.02726 5.31288e-09
8.848 3.05103 0.11101 -4.02971 5.29989e-09
8.8704 3.05351 0.110829 -4.03215 5.28697e-09
8.8928 3.05599 0.11065 -4.03459 5.27411e-09
8.9152 3.05847 0.11047 -4.03702 5.26131e-09
8.9376 3.06094 0.110292 -4.03945 5.24857e-09
8.96 3.06341 0.110114 -4.04187 5.23589e-09
8.9824 3.06587 0.109937 -4.04428 5.22328e-09
9.0048 3.06833 0.109761 -4.04669 5.21072e-09
9.0272 3.07079 0.109586 -4.04909 5.19823e-09
9.0496 3.07324 0.109411 -4.05148 5.18579e-09
9.072 3.07569 0.109237 -4.05387 5.17342e-09
9.0944 3.07814 0.109063 -4.05626 5.1611e-09
9.1168 3.08058 0.10889 -4.05863 5.14884e-09
9.1392 3.08302 0.108718 -4.06101 5.13664e-09
9.1616 3.08545 0.108547 -4.06337 5.1245e-09
9.184 3.08788 0.108376 -4.06574 5.11242e-09
9.2064 3.0903 0.108206 -4.06809 5.10039e-09
9.2288 3.09273 0.108037 -4.07044 5.08842e-09
9.2512 3.09514 0.107868 -4.07279 5.0765e-09
9.2736 3.09756 0.1077 -4.07513 5.06464e-09
9.296 3.09997 0.107533 -4.07746 5.05284e-09
9.3184 3.10238 0.107366 -4.07979 5.04109e-09
9.3408 3.10478 0.1072 -4.08211 5.02939e-09
9.3632 3.10718 0.107034 -4.08443 5.01775e-09
9.3856 3.10957 0.106869 -4.08674 5.00617e-09
9.408 3.11197 0.106705 -4.08905 4.99463e-09
9.4304 3.11435 0.106542 -4.09135 4.98315e-09
9.4528 3.11674 0.106379 -4.09365 4.97172e-09
9.4752 3.11912 0.106216 -4.09594 4.96035e-09
9.4976 3.1215 0.106055 -4.09823 4.94902e-09
9.52 3.12387 0.105893 -4.10051 4.93775e-09
9.5424 3.12624 0.105733 -4.10278 4.92653e-09
9.5648 3.12861 0.105573 -4.10505 4.91536e-09
9.5872 3.13097 0.105414 -4.10732 4.90424e-09
9.6096 3.13333 0.105255 -4.10958 4.89317e-09
9.632 3.13569 0.105097 -4.11183 4.88215e-09
9.6544 3.13804 0.10494 -4.11408 4.87118e-09
9.6768 3.14039 0.104783 -4.11633 4.86026e-09
9.6992 3.14273 0.104626 -4.11857 4.84939e-09
9.7216 3.14508 0.104471 -4.1208 4.83857e-09
9.744 3.14741 0.104315 -4.12303 4.82779e-09
9.7664 3.14975 0.104161 -4.12526 4.81706e-09
9.7888 3.15208 0.104007 -4.12748 4.80638e-09
9.8112 3.15441 0.103853 -4.12969 4.79575e-09
9.8336 3.15673 0.1037 -4.1319 4.78517e-09
9.856 3.15905 0.103548 -4.13411 4.77463e-09
9.8784 3.16137 0.103396 -4.13631 4.76413e-09
9.9008 3.16369 0.103245 -4.13851 4.75369e-09
9.9232 3.166 0.103095 -4.1407 4.74329e-09
9.9456 3.16831 0.102944 -4.14288 4.73293e-09
9.968 3.17061 0.102795 -4.14506 4.72262e-09
9.9904 3.17291 0.102646 -4.14724 4.71235e-09
10.0128 3.17521 0.102497 -4.14941 4.70213e-09
10.0352 3.1775 0.102349 -4.15158 4.69196e-09
10.0576 3.17979 0.102202 -4.15374 4.68182e-09
10.08 3.18208 0.102055 -4.1559 4.67173e-09
10.1024 3.18437 0.101909 -4.15805 4.66169e-09
10.1248 3.18665 0.101763 -4.1602 4.65169e-09
10.1472 3.18892 0.101618 -4.16235 4.64173e-09
10.1696 3.1912 0.101473 -4.16449 4.63181e-09
10.192 3.19347 0.101328 -4.16662 4.62193e-09
10.2144 3.19574 0.101185 -4.16875 4.6121e-09
10.2368 3.198 0.101041 -4.17088 4.60231e-09
10.2592 3.20026 0.100899 -4.173 4.59256e-09
10.2816 3.20252 0.100756 -4.17511 4.58285e-09
10.304 3.20478 0.100615 -4.17723 4.57318e-09
10.3264 3.20703 0.100473 -4.17933 4.56356e-09
10.3488 3.20928 0.100333 -4.18144 4.55397e-09
10.3712 3.21153 0.100192 -4.18354 4.54442e-09
10.3936 3.21377 0.100053 -4.18563 4.53492e-09
10.416 3.21601 0.0999133 -4.18772 4.52545e-09
10.4384 3.21824 0.0997745 -4.18981 4.51602e-09
10.4608 3.22048 0.0996362 -4.19189 4.50663e-09
10.4832 3.22271 0.0994984 -4.19397 4.49728e-09
10.5056 3.22494 0.099361 -4.19604 4.48797e-09
10.528 3.22716 0.0992241 -4.19811 4.4787e-09
10.5504 3.22938 0.0990876 -4.20017 4.46947e-09
10.5728 3.2316 0.0989517 -4.20223 4.46027e-09
10.5952 3.23381 0.0988162 -4.20429 4.45112e-09
10.6176 3.23603 0.0986812 -4.20634 4.44199e-09
10.64 3.23823 0.0985466 -4.20839 4.43291e-09
10.6624 3.24044 0.0984125 -4.21043 4.42387e-09
10.6848 3.24264 0.0982788 -4.21247 4.41486e-09
10.7072 3.24484 0.0981456 -4.2145 4.40588e-09
10.7296 3.24704 0.0980128 -4.21653 4.39695e-09
10.752 3.24923 0.0978805 -4.21856 4.38805e-09
10.7744 3.25143 0.0977487 -4.22058 4.37918e-09
10.7968 3.25361 0.0976172 -4.2226 4.37035e-09
10.8192 3.2558 0.0974863 -4.22461 4.36156e-09
10.8416 3.25798 0.0973557 -4.22663 4.3528e-09
10.864 3.26016 0.0972256 -4.22863 4.34408e-09
10.8864 3.26234 0.0970959 -4.23063 4.33539e-09
10.9088 3.26451 0.0969667 -4.23263 4.32674e-09
10.9312 3.26668 0.0968379 -4.23463 4.31812e-09
10.9536 3.26885 0.0967095 -4.23662 4.30954e-09
10.976 3.27101 0.0965816 -4.2386 4.30099e-09
10.9984 3.27318 0.096454 -4.24059 4.29247e-09
11.0208 3.27533 0.0963269 -4.24256 4.28399e-09
11.0432 3.27749 0.0962002 -4.24454 4.27554e-09
11.0656 3.27964 0.0960739 -4.24651 4.26712e-09
11.088 3.2818 0.095948 -4.24848 4.25874e-09
11.1104 3.28394 0.0958226 -4.25044 4.25039e-09
11.1328 3.28609 0.0956975 -4.2524 4.24207e-09
11.1552 3.28823 0.0955729 -4.25435 4.23379e-09
11.1776 3.29037 0.0954487 -4.2563 4.22554e-09
11.2 3.29251 0.0953248 -4.25825 4.21732e-09
11.2224 3.29464 0.0952014 -4.2602 4.20913e-09
11.2448 3.29677 0.0950784 -4.26214 4.20097e-09
11.2672 3.2989 0.0949557 -4.26407 4.19285e-09
11.2896 3.30103 0.0948335 -4.26601 4.18475e-09
11.312 3.30315 0.0947116 -4.26793 4.17669e-09
11.3344 3.30527 0.0945902 -4.26986 4.16866e-09
11.3568 3.30739 0.0944691 -4.27178 4.16066e-09
11.3792 3.3095 0.0943484 -4.2737 4.15269e-09
11.4016 3.31161 0.0942281 -4.27561 4.14475e-09
11.424 3.31372 0.0941082 -4.27752 4.13684e-09
11.4464 3.31583 0.0939887 -4.27943 4.12896e-09
11.4688 3.31793 0.0938695 -4.28133 4.12111e-09
11.4912 3.32003 0.0937507 -4.28323 4.11329e-09
11.5136 3.32213 0.0936323 -4.28513 4.1055e-09
11.536 3.32423 0.0935143 -4.28702 4.09774e-09
11.5584 3.32632 0.0933966 -4.28891 4.09001e-09
11.5808 3.32841 0.0932793 -4.29079 4.08231e-09
11.6032 3.3305 0.0931624 -4.29268 4.07463e-09
11.6256 3.33259 0.0930459 -4.29455 4.06699e-09
11.648 3.33467 0.0929297 -4.29643 4.05937e-09
11.6704 3.33675 0.0928138 -4.2983 4.05179e-09
11.6928 3.33883 0.0926984 -4.30017 4.04423e-09
11.7152 3.3409 0.0925832 -4.30203 4.0367e-09
11.7376 3.34298 0.0924685 -4.30389 4.0292e-09
11.76 3.34505 0.0923541 -4.30575 4.02172e-09
11.7824 3.34711 0.09224 -4.3076 4.01427e-09
11.8048 3.34918 0.0921263 -4.30945 4.00685e-09
11.8272 3.35124 0.092013 -4.3113 3.99946e-09
11.8496 3.3533 0.0919 -4.31314 3.9921e-09
11.872 3.35536 0.0917873 -4.31498 3.98476e-09
11.8944 3.35741 0.091675 -4.31682 3.97745e-09
11.9168 3.35946 0.0915631 -4.31865 3.97016e-09
11.9392 3.36151 0.0914514 -4.32048 3.9629e-09
11.9616 3.36356 0.0913402 -4.32231 3.95567e-09
11.984 3.36561 0.0912292 -4.32413 3.94847e-09
12.0064 3.36765 0.0911186 -4.32595 3.94129e-09
12.0288 3.36969 0.0910083 -4.32777 3.93414e-09
12.0512 3.37173 0.0908984 -4.32958 3.92701e-09
12.0736 3.37376 0.0907888 -4.3314 3.91991e-09
12.096 3.37579 0.0906795 -4.3332 3.91283e-09
12.1184 3.37782 0.0905705 -4.33501 3.90578e-09
12.1408 3.37985 0.0904619 -4.33681 3.89876e-09
12.1632 3.38188 0.0903536 -4.3386 3.89176e-09
12.1856 3.3839 0.0902456 -4.3404 3.88479e-09
12.208 3.38592 0.090138 -4.34219 3.87784e-09
12.2304 3.38794 0.0900306 -4.34398 3.87091e-09
12.2528 3.38995 0.0899236 -4.34576 3.86401e-09
12.2752 3.39197 0.0898169 -4.34754 3.85714e-09
12.2976 3.39398 0.0897105 -4.34932 3.85029e-09
12.32 3.39598 0.0896045 -4.35109 3.84346e-09
12.3424 3.39799 0.0894987 -4.35287 3.83666e-09
12.3648 3.39999 0.0893933 -4.35463 3.82988e-09
12.3872 3.402 0.0892881 -4.3564 3.82313e-09
12.4096 3.40399 0.0891833 -4.35816 3.8164e-09
12.432 3.40599 0.0890788 -4.35992 3.80969e-09
12.4544 3.40798 0.0889746 -4.36168 3.80301e-09
12.4768 3.40998 0.0888707 -4.36343 3.79635e-09
12.4992 3.41197 0.0887671 -4.36518 3.78971e-09
12.5216 3.41395 0.0886637 -4.36693 3.7831e-09
12.544 3.41594 0.0885607 -4.36867 3.7765e-09
12.5664 3.41792 0.088458 -4.37041 3.76994e-09
12.5888 3.4199 0.0883556 -4.37215 3.76339e-09
12.6112 3.42188 0.0882535 -4.37388 3.75687e-09
12.6336 3.42385 0.0881517 -4.37562 3.75037e-09
12.656 3.42583 0.0880502 -4.37734 3.74389e-09
12.6784 3.4278 0.0879489 -4.37907 3.73744e-09
12.7008 3.42977 0.087848 -4.38079 3.73101e-09
12.7232 3.43174 0.0877473 -4.38251 3.7246e-09
12.7456 3.4337 0.087647 -4.38423 3.71821e-09
12.768 3.43566 0.0875469 -4.38594 3.71184e-09
12.7904 3.43762 0.0874471 -4.38765 3.7055e-09
12.8128 3.43958 0.0873476 -4.38936 3.69917e-09
12.8352 3.44153 0.0872484 -4.39107 3.69287e-09
12.8576 3.44349 0.0871494 -4.39277 3.68659e-09
12.88 3.44544 0.0870507 -4.39447 3.68033e-09
12.9024 3.44739 0.0869524 -4.39617 3.6741e-09
12.9248 3.44933 0.0868542 -4.39786 3.66788e-09
12.9472 3.45128 0.0867564 -4.39955 3.66168e-09
12.9696 3.45322 0.0866589 -4.40124 3.65551e-09
12.992 3.45516 0.0865616 -4.40292 3.64936e-09
13.0144 3.4571 0.0864646 -4.40461 3.64322e-09
13.0368 3.45903 0.0863678 -4.40629 3.63711e-09
13.0592 3.46097 0.0862713 -4.40796 3.63102e-09
13.0816 3.4629 0.0861751 -4.40964 3.62495e-09
13.104 3.46483 0.0860792 -4.41131 3.61889e-09
13.1264 3.46676 0.0859835 -4.41297 3.61286e-09
13.1488 3.46868 0.0858881 -4.41464 3.60685e-09
13.1712 3.4706 0.085793 -4.4163 3.60086e-09
13.1936 3.47252 0.0856981 -4.41796 3.59489e-09
13.216 3.47444 0.0856035 -4.41962 3.58894e-09
13.2384 3.47636 0.0855092 -4.42127 3.58301e-09
13.2608 3.47827 0.0854151 -4.42293 3.57709e-09
13.2832 3.48019 0.0853212 -4.42458 3.5712e-09
13.3056 3.4821 0.0852276 -4.42622 3.56533e-09
13.328 3.484 0.0851343 -4.42786 3.55947e-09
13.3504 3.48591 0.0850413 -4.42951 3.55364e-09
13.3728 3.48781 0.0849484 -4.43114 3.54782e-09
13.3952 3.48972 0.0848559 -4.43278 3.54203e-09
13.4176 3.49162 0.0847636 -4.43441 3.53625e-09
13.44 3.49351 0.0846715 -4.43604 3.53049e-09
13.4624 3.49541 0.0845797 -4.43767 3.52475e-09
13.4848 3.4973 0.0844882 -4.43929 3.51903e-09
13.5072 3.49919 0.0843968 -4.44092 3.51332e-09
13.5296 3.50108 0.0843058 -4.44254 3.50764e-09
13.552 3.50297 0.084215 -4.44415 3.50197e-09
13.5744 3.50486 0.0841244 -4.44577 3.49632e-09
13.5968 3.50674 0.084034 -4.44738 3.49069e-09
13.6192 3.50862 0.083944 -4.44899 3.48508e-09
13.6416 3.5105 0.0838541 -4.4506 3.47949e-09
13.664 3.51238 0.0837645 -4.4522 3.47391e-09
13.6864 3.51425 0.0836751 -4.4538 3.46835e-09
13.7088 3.51613 0.083586 -4.4554 3.46281e-09
13.7312 3.518 0.0834971 -4.457 3.45729e-09
13.7536 3.51987 0.0834084 -4.45859 3.45179e-09
13.776 3.52173 0.08332 -4.46018 3.4463e-09
13.7984 3.5236 0.0832318 -4.46177 3.44083e-09
13.8208 3.52546 0.0831439 -4.46336 3.43537e-09
13.8432 3.52732 0.0830561 -4.46494 3.42994e-09
13.8656 3.52918 0.0829686 -4.46652 3.42452e-09
13.888 3.53104 0.0828814 -4.4681 3.41912e-09
13.9104 3.5329 0.0827943 -4.46968 3.41374e-09
13.9328 3.53475 0.0827075 -4.47125 3.40837e-09
13.9552 3.5366 0.0826209 -4.47282 3.40302e-09
13.9776 3.53845 0.0825346 -4.47439 3.39768e-09
14 3.5403 0.0824485 -4.47596 3.39237e-09
14.0224 3.54215 0.0823626 -4.47752 3.38707e-09
14.0448 3.54399 0.0822769 -4.47908 3.38178e-09
14.0672 3.54583 0.0821914 -4.48064 3.37652e-09
14.0896 3.54767 0.0821062 -4.4822 3.37126e-09
14.112 3.54951 0.0820212 -4.48375 3.36603e-09
14.1344 3.55135 0.0819364 -4.4853 3.36081e-09
14.1568 3.55318 0.0818518 -4.48685 3.35561e-09
14.1792 3.55501 0.0817674 -4.4884 3.35042e-09
14.2016 3.55684 0.0816833 -4.48994 3.34525e-09
14.224 3.55867 0.0815994 -4.49149 3.3401e-09
14.2464 3.5605 0.0815156 -4.49302 3.33496e-09
14.2688 3.56233 0.0814321 -4.49456 3.32984e-09
14.2912 3.56415 0.0813489 -4.4961 3.32473e-09
14.3136 3.56597 0.0812658 -4.49763 3.31964e-09
14.336 3.56779 0.0811829 -4.49916 3.31456e-09
14.3584 3.56961 0.0811003 -4.50069 3.3095e-09
14.3808 3.57142 0.0810178 -4.50221 3.30446e-09
14.4032 3.57324 0.0809356 -4.50374 3.29943e-09
14.4256 3.57505 0.0808536 -4.50526 3.29441e-09
14.448 3.57686 0.0807718 -4.50678 3.28941e-09
14.4704 3.57867 0.0806902 -4.50829 3.28443e-09
14.4928 3.58047 0.0806088 -4.50981 3.27946e-09
14.5152 3.58228 0.0805276 -4.51132 3.27451e-09
14.5376 3.58408 0.0804466 -4.51283 3.26957e-09
14.56 3.58588 0.0803658 -4.51434 3.26465e-09
14.5824 3.58768 0.0802852 -4.51584 3.25974e-09
14.6048 3.58948 0.0802048 -4.51734 3.25484e-09
14.6272 3.59127 0.0801246 -4.51884 3.24996e-09
14.6496 3.59307 0.0800447 -4.52034 3.2451e-09
14.672 3.59486 0.0799649 -4.52184 3.24025e-09
14.6944 3.59665 0.0798853 -4.52333 3.23541e-09
14.7168 3.59844 0.0798059 -4.52482 3.23059e-09
14.7392 3.60023 0.0797267 -4.52631 3.22578e-09
14.7616 3.60201 0.0796477 -4.5278 3.22099e-09
14.784 3.60379 0.0795689 -4.52929 3.21621e-09
14.8064 3.60558 0.0794903 -4.53077 3.21145e-09
14.8288 3.60736 0.0794119 -4.53225 3.20669e-09
14.8512 3.60913 0.0793337 -4.53373 3.20196e-09
14.8736 3.61091 0.0792556 -4.5352 3.19724e-09
14.896 3.61268 0.0791778 -4.53668 3.19253e-09
14.9184 3.61446 0.0791002 -4.53815 3.18783e-09
14.9408 3.61623 0.0790227 -4.53962 3.18315e-09
14.9632 3.618 0.0789455 -4.54109 3.17848e-09
14.9856 3.61976 0.0788684 -4.54255 3.17383e-09
15.008 3.62153 0.0787915 -4.54401 3.16919e-09
15.0304 3.62329 0.0787148 -4.54548 3.16456e-09
15.0528 3.62506 0.0786383 -4.54693 3.15995e-09
15.0752 3.62682 0.0785619 -4.54839 3.15535e-09
15.0976 3.62858 0.0784858 -4.54985 3.15077e-09
15.12 3.63033 0.0784098 -4.5513 3.14619e-09
15.1424 3.63209 0.0783341 -4.55275 3.14163e-09
15.1648 3.63384 0.0782585 -4.5542 3.13709e-09
15.1872 3.6356 0.0781831 -4.55564 3.13255e-09
15.2096 3.63735 0.0781078 -4.55709 3.12803e-09
15.232 3.63909 0.0780328 -4.55853 3.12353e-09
15.2544 3.64084 0.0779579 -4.55997 3.11903e-09
15.2768 3.64259 0.0778832 -4.56141 3.11455e-09
15.2992 3.64433 0.0778087 -4.56284 3.11008e-09
15.3216 3.64607 0.0777344 -4.56428 3.10563e-09
15.344 3.64781 0.0776602 -4.56571 3.10118e-09
15.3664 3.64955 0.0775862 -4.56714 3.09675e-09
15.3888 3.65129 0.0775124 -4.56857 3.09234e-09
15.4112 3.65302 0.0774388 -4.56999 3.08793e-09
15.4336 3.65476 0.0773654 -4.57142 3.08354e-09
15.456 3.65649 0.0772921 -4.57284 3.07916e-09
15.4784 3.65822 0.077219 -4.57426 3.07479e-09
15.5008 3.65995 0.077146 -4.57567 3.07044e-09
15.5232 3.66168 0.0770733 -4.57709 3.06609e-09
15.5456 3.6634 0.0770007 -4.5785 3.06176e-09
15.568 3.66513 0.0769283 -4.57992 3.05744e-09
15.5904 3.66685 0.076856 -4.58132 3.05314e-09
15.6128 3.66857 0.0767839 -4.58273 3.04884e-09
15.6352 3.67029 0.076712 -4.58414 3.04456e-09
15.6576 3.67201 0.0766403 -4.58554 3.04029e-09
15.68 3.67372 0.0765687 -4.58694 3.03603e-09
15.7024 3.67544 0.0764973 -4.58834 3.03179e-09
15.7248 3.67715 0.0764261 -4.58974 3.02755e-09
15.7472 3.67886 0.076355 -4.59114 3.02333e-09
15.7696 3.68057 0.0762841 -4.59253 3.01912e-09
15.792 3.68228 0.0762133 -4.59392 3.01492e-09
15.8144 3.68398 0.0761427 -4.59531 3.01073e-09
15.8368 3.68569 0.0760723 -4.5967 3.00656e-09
15.8592 3.68739 0.0760021 -4.59809 3.00239e-09
15.8816 3.68909 0.075932 -4.59947 2.99824e-09
15.904 3.69079 0.075862 -4.60085 2.9941e-09
15.9264 3.69249 0.0757923 -4.60223 2.98997e-09
15.9488 3.69419 0.0757226 -4.60361 2.98585e-09
15.9712 3.69589 0.0756532 -4.60499 2.98175e-09
15.9936 3.69758 0.0755839 -4.60636 2.97765e-09
16.016 3.69927 0.0755148 -4.60774 2.97356e-09
16.0384 3.70096 0.0754458 -4.60911 2.96949e-09
16.0608 3.70265 0.075377 -4.61048 2.96543e-09
16.0832 3.70434 0.0753083 -4.61184 2.96138e-09
16.1056 3.70603 0.0752398 -4.61321 2.95734e-09
16.128 3.70771 0.0751714 -4.61457 2.95331e-09
16.1504 3.70939 0.0751032 -4.61593 2.94929e-09
16.1728 3.71107 0.0750352 -4.61729 2.94528e-09
16.1952 3.71275 0.0749673 -4.61865 2.94129e-09
16.2176 3.71443 0.0748996 -4.62001 2.9373e-09
16.24 3.71611 0.074832 -4.62136 2.93333e-09
16.2624 3.71779 0.0747645 -4.62271 2.92936e-09
16.2848 3.71946 0.0746973 -4.62406 2.92541e-09
16.3072 3.72113 0.0746301 -4.62541 2.92147e-09
16.3296 3.7228 0.0745632 -4.62676 2.91754e-09
16.352 3.72447 0.0744963 -4.6281 2.91361e-09
16.3744 3.72614 0.0744297 -4.62945 2.9097e-09
16.3968 3.72781 0.0743631 -4.63079 2.9058e-09
16.4192 3.72947 0.0742967 -4.63213 2.90191e-09
16.4416 3.73114 0.0742305 -4.63347 2.89803e-09
16.464 3.7328 0.0741644 -4.6348 2.89417e-09
16.4864 3.73446 0.0740985 -4.63614 2.89031e-09
16.5088 3.73612 0.0740327 -4.63747 2.88646e-09
16.5312 3.73777 0.0739671 -4.6388 2.88262e-09
16.5536 3.73943 0.0739016 -4.64013 2.87879e-09
16.576 3.74109 0.0738362 -4.64146 2.87497e-09
16.5984 3.74274 0.073771 -4.64278 2.87117e-09
16.6208 3.74439 0.0737059 -4.64411 2.86737e-09
16.6432 3.74604 0.073641 -4.64543 2.86358e-09
16.6656 3.74769 0.0735762 -4.64675 2.8598e-09
16.688 3.74934 0.0735116 -4.64807 2.85603e-09
16.7104 3.75098 0.0734471 -4.64938 2.85228e-09
16.7328 3.75263 0.0733827 -4.6507 2.84853e-09
16.7552 3.75427 0.0733185 -4.65201 2.84479e-09
16.7776 3.75591 0.0732544 -4.65332 2.84106e-09
16.8 3.75755 0.0731905 -4.65463 2.83734e-09
16.8224 3.75919 0.0731267 -4.65594 2.83363e-09
16.8448 3.76083 0.073063 -4.65725 2.82994e-09
16.8672 3.76246 0.0729995 -4.65855 2.82625e-09
16.8896 3.7641 0.0729361 -4.65986 2.82257e-09
16.912 3.76573 0.0728729 -4.66116 2.8189e-09
16.9344 3.76736 0.0728098 -4.66246 2.81523e-09
16.9568 3.76899 0.0727468 -4.66375 2.81158e-09
16.9792 3.77062 0.072684 -4.66505 2.80794e-09
17.0016 3.77225 0.0726213 -4.66634 2.80431e-09
17.024 3.77388 0.0725587 -4.66764 2.80069e-09
17.0464 3.7755 0.0724963 -4.66893 2.79707e-09
17.0688 3.77712 0.072434 -4.67022 2.79347e-09
17.0912 3.77875 0.0723718 -4.67151 2.78987e-09
17.1136 3.78037 0.0723098 -4.67279 2.78629e-09
17.136 3.78198 0.0722479 -4.67408 2.78271e-09
17.1584 3.7836 0.0721861 -4.67536 2.77914e-09
17.1808 3.78522 0.0721245 -4.67664 2.77558e-09
17.2032 3.78683 0.072063 -4.67792 2.77203e-09
17.2256 3.78845 0.0720016 -4.6792 2.76849e-09
17.248 3.79006 0.0719404 -4.68048 2.76496e-09
17.2704 3.79167 0.0718793 -4.68175 2.76144e-09
17.2928 3.79328 0.0718183 -4.68302 2.75793e-09
17.3152 3.79489 0.0717575 -4.6843 2.75442e-09
17.3376 3.79649 0.0716967 -4.68557 2.75093e-09
17.36 3.7981 0.0716361 -4.68683 2.74744e-09
17.3824 3.7997 0.0715757 -4.6881 2.74396e-09
17.4048 3.80131 0.0715153 -4.68937 2.74049e-09
17.4272 3.80291 0.0714551 -4.69063 2.73703e-09
17.4496 3.80451 0.0713951 -4.69189 2.73358e-09
17.472 3.80611 0.0713351 -4.69315 2.73014e-09
17.4944 3.8077 0.0712753 -4.69441 2.72671e-09
17.5168 3.8093 0.0712156 -4.69567 2.72328e-09
17.5392 3.81089 0.071156 -4.69692 2.71986e-09
17.5616 3.81249 0.0710965 -4.69818 2.71646e-09
17.584 3.81408 0.0710372 -4.69943 2.71306e-09
17.6064 3.81567 0.070978 -4.70068 2.70966e-09
17.6288 3.81726 0.0709189 -4.70193 2.70628e-09
17.6512 3.81885 0.0708599 -4.70318 2.70291e-09
17.6736 3.82043 0.0708011 -4.70442 2.69954e-09
17.696 3.82202 0.0707424 -4.70567 2.69618e-09
17.7184 3.8236 0.0706838 -4.70691 2.69283e-09
17.7408 3.82519 0.0706253 -4.70815 2.68949e-09
17.7632 3.82677 0.0705669 -4.70939 2.68616e-09
17.7856 3.82835 0.0705087 -4.71063 2.68284e-09
17.808 3.82993 0.0704506 -4.71187 2.67952e-09
17.8304 3.8315 0.0703926 -4.7131 2.67621e-09
17.8528 3.83308 0.0703347 -4.71434 2.67291e-09
17.8752 3.83465 0.0702769 -4.71557 2.66962e-09
17.8976 3.83623 0.0702193 -4.7168 2.66634e-09
17.92 3.8378 0.0701618 -4.71803 2.66306e-09
17.9424 3.83937 0.0701044 -4.71926 2.65979e-09
17.9648 3.84094 0.0700471 -4.72048 2.65653e-09
17.9872 3.84251 0.0699899 -4.72171 2.65328e-09
18.0096 3.84408 0.0699329 -4.72293 2.65004e-09
18.032 3.84564 0.0698759 -4.72415 2.6468e-09
18.0544 3.84721 0.0698191 -4.72537 2.64358e-09
18.0768 3.84877 0.0697624 -4.72659 2.64036e-09
18.0992 3.85033 0.0697058 -4.72781 2.63714e-09
18.1216 3.85189 0.0696493 -4.72903 2.63394e-09
18.144 3.85345 0.069593 -4.73024 2.63074e-09
18.1664 3.85501 0.0695367 -4.73145 2.62755e-09
18.1888 3.85657 0.0694806 -4.73266 2.62437e-09
18.2112 3.85812 0.0694246 -4.73387 2.6212e-09
18.2336 3.85968 0.0693687 -4.73508 2.61803e-09
18.256 3.86123 0.0693129 -4.73629 2.61488e-09
18.2784 3.86278 0.0692572 -4.7375 2.61173e-09
18.3008 3.86433 0.0692016 -4.7387 2.60858e-09
18.3232 3.86588 0.0691462 -4.7399 2.60545e-09
18.3456 3.86743 0.0690908 -4.7411 2.60232e-09
18.368 3.86898 0.0690356 -4.7423 2.5992e-09
18.3904 3.87052 0.0689804 -4.7435 2.59609e-09
18.4128 3.87207 0.0689254 -4.7447 2.59298e-09
18.4352 3.87361 0.0688705 -4.7459 2.58988e-09
18.4576 3.87515 0.0688157 -4.74709 2.58679e-09
18.48 3.87669 0.068761 -4.74828 2.58371e-09
18.5024 3.87823 0.0687064 -4.74947 2.58063e-09
18.5248 3.87977 0.068652 -4.75066 2.57757e-09
18.5472 3.88131 0.0685976 -4.75185 2.5745e-09
18.5696 3.88285 0.0685433 -4.75304 2.57145e-09
18.592 3.88438 0.0684892 -4.75422 2.5684e-09
18.6144 3.88591 0.0684351 -4.75541 2.56536e-09
18.6368 3.88745 0.0683812 -4.75659 2.56233e-09
18.6592 3.88898 0.0683274 -4.75777 2.55931e-09
18.6816 3.89051 0.0682736 -4.75895 2.55629e-09
18.704 3.89204 0.06822 -4.76013 2.55328e-09
18.7264 3.89356 0.0681665 -4.76131 2.55027e-09
18.7488 3.89509 0.0681131 -4.76248 2.54728e-09
18.7712 3.89662 0.0680598 -4.76366 2.54429e-09
18.7936 3.89814 0.0680066 -4.76483 2.5413e-09
18.816 3.89966 0.0679535 -4.766 2.53833e-09
18.8384 3.90118 0.0679005 -4.76717 2.53536e-09
18.8608 3.9027 0.0678476 -4.76834 2.5324e-09
18.8832 3.90422 0.0677948 -4.76951 2.52944e-09
18.9056 3.90574 0.0677421 -4.77068 2.52649e-09
18.928 3.90726 0.0676895 -4.77184 2.52355e-09
18.9504 3.90877 0.067637 -4.773 2.52062e-09
18.9728 3.91029 0.0675847 -4.77417 2.51769e-09
18.9952 3.9118 0.0675324 -4.77533 2.51477e-09
19.0176 3.91331 0.0674802 -4.77649 2.51186e-09
19.04 3.91482 0.0674281 -4.77765 2.50895e-09
19.0624 3.91633 0.0673761 -4.7788 2.50605e-09
19.0848 3.91784 0.0673243 -4.77996 2.50316e-09
19.1072 3.91935 0.0672725 -4.78111 2.50027e-09
19.1296 3.92086 0.0672208 -4.78226 2.49739e-09
19.152 3.92236 0.0671692 -4.78342 2.49451e-09
19.1744 3.92387 0.0671177 -4.78457 2.49165e-09
19.1968 3.92537 0.0670664 -4.78572 2.48879e-09
19.2192 3.92687 0.0670151 -4.78686 2.48593e-09
19.2416 3.92837 0.0669639 -4.78801 2.48308e-09
19.264 3.92987 0.0669128 -4.78915 2.48024e-09
19.2864 3.93137 0.0668618 -4.7903 2.47741e-09
19.3088 3.93287 0.0668109 -4.79144 2.47458e-09
19.3312 3.93436 0.0667601 -4.79258 2.47176e-09
19.3536 3.93586 0.0667094 -4.79372 2.46894e-09
19.376 3.93735 0.0666588 -4.79486 2.46614e-09
19.3984 3.93884 0.0666083 -4.796 2.46333e-09
19.4208 3.94033 0.0665579 -4.79713 2.46054e-09
19.4432 3.94182 0.0665076 -4.79827 2.45775e-09
19.4656 3.94331 0.0664574 -4.7994 2.45496e-09
19.488 3.9448 0.0664072 -4.80053 2.45219e-09
19.5104 3.94629 0.0663572 -4.80166 2.44942e-09
19.5328 3.94778 0.0663073 -4.80279 2.44665e-09
19.5552 3.94926 0.0662574 -4.80392 2.44389e-09
19.5776 3.95074 0.0662077 -4.80505 2.44114e-09
19.6 3.95223 0.066158 -4.80617 2.43839e-09
19.6224 3.95371 0.0661084 -4.8073 2.43565e-09
19.6448 3.95519 0.066059 -4.80842 2.43292e-09
19.6672 3.95667 0.0660096 -4.80954 2.43019e-09
19.6896 3.95814 0.0659603 -4.81066 2.42747e-09
19.712 3.95962 0.0659111 -4.81178 2.42476e-09
19.7344 3.9611 0.065862 -4.8129 2.42205e-09
19.7568 3.96257 0.065813 -4.81402 2.41934e-09
19.7792 3.96405 0.065764 -4.81513 2.41665e-09
19.8016 3.96552 0.0657152 -4.81625 2.41396e-09
19.824 3.96699 0.0656665 -4.81736 2.41127e-09
19.8464 3.96846 0.0656178 -4.81847 2.40859e-09
19.8688 3.96993 0.0655693 -4.81958 2.40592e-09
19.8912 3.9714 0.0655208 -4.82069 2.40325e-09
19.9136 3.97287 0.0654724 -4.8218 2.40059e-09
19.936 3.97433 0.0654241 -4.8229 2.39793e-09
19.9584 3.9758 0.0653759 -4.82401 2.39529e-09
19.9808 3.97726 0.0653278 -4.82511 2.39264e-09
20.0032 3.97872 0.0652798 -4.82622 2.39e-09
20.0256 3.98018 0.0652318 -4.82732 2.38737e-09
20.048 3.98165 0.065184 -4.82842 2.38474e-09
20.0704 3.9831 0.0651362 -4.82952 2.38212e-09
20.0928 3.98456 0.0650885 -4.83062 2.37951e-09
20.1152 3.98602 0.065041 -4.83172 2.3769e-09
20.1376 3.98748 0.0649935 -4.83281 2.3743e-09
20.16 3.98893 0.064946 -4.83391 2.3717e-09
20.1824 3.99039 0.0648987 -4.835 2.36911e-09
20.2048 3.99184 0.0648515 -4.83609 2.36652e-09
20.2272 3.99329 0.0648043 -4.83718 2.36394e-09
20.2496 3.99474 0.0647572 -4.83827 2.36136e-09
20.272 3.99619 0.0647103 -4.83936 2.3588e-09
20.2944 3.99764 0.0646634 -4.84045 2.35623e-09
20.3168 3.99909 0.0646165 -4.84154 2.35367e-09
20.3392 4.00054 0.0645698 -4.84262 2.35112e-09
20.3616 4.00198 0.0645232 -4.84371 2.34857e-09
20.384 4.00343 0.0644766 -4.84479 2.34603e-09
20.4064 4.00487 0.0644301 -4.84587 2.3435e-09
20.4288 4.00631 0.0643837 -4.84695 2.34096e-09
20.4512 4.00776 0.0643374 -4.84803 2.33844e-09
20.4736 4.0092 0.0642912 -4.84911 2.33592e-09
20.496 4.01064 0.064245 -4.85019 2.3334e-09
20.5184 4.01207 0.064199 -4.85126 2.3309e-09
20.5408 4.01351 0.064153 -4.85234 2.32839e-09
20.5632 4.01495 0.0641071 -4.85341 2.32589e-09
20.5856 4.01638 0.0640613 -4.85448 2.3234e-09
20.608 4.01782 0.0640156 -4.85555 2.32091e-09
20.6304 4.01925 0.0639699 -4.85662 2.31843e-09
20.6528 4.02068 0.0639243 -4.85769 2.31595e-09
20.6752 4.02212 0.0638788 -4.85876 2.31348e-09
20.6976 4.02355 0.0638334 -4.85983 2.31102e-09
20.72 4.02498 0.0637881 -4.86089 2.30855e-09
20.7424 4.0264 0.0637429 -4.86196 2.3061e-09
20.7648 4.02783 0.0636977 -4.86302 2.30365e-09
20.7872 4.02926 0.0636526 -4.86408 2.3012e-09
20.8096 4.03068 0.0636076 -4.86514 2.29876e-09
20.832 4.03211 0.0635627 -4.8662 2.29633e-09
20.8544 4.03353 0.0635178 -4.86726 2.2939e-09
20.8768 4.03495 0.063473 -4.86832 2.29147e-09
20.8992 4.03637 0.0634284 -4.86938 2.28905e-09
20.9216 4.03779 0.0633837 -4.87043 2.28664e-09
20.944 4.03921 0.0633392 -4.87149 2.28423e-09
20.9664 4.04063 0.0632947 -4.87254 2.28182e-09
20.9888 4.04205 0.0632504 -4.87359 2.27942e-09
21.0112 4.04347 0.0632061 -4.87464 2.27703e-09
21.0336 4.04488 0.0631618 -4.87569 2.27464e-09
21.056 4.0463 0.0631177 -4.87674 2.27226e-09
21.0784 4.04771 0.0630736 -4.87779 2.26988e-09
21.1008 4.04912 0.0630296 -4.87884 2.2675e-09
21.1232 4.05053 0.0629857 -4.87988 2.26513e-09
21.1456 4.05194 0.0629419 -4.88093 2.26277e-09
21.168 4.05335 0.0628981 -4.88197 2.26041e-09
21.1904 4.05476 0.0628544 -4.88301 2.25806e-09
21.2128 4.05617 0.0628108 -4.88405 2.25571e-09
21.2352 4.05757 0.0627673 -4.88509 2.25336e-09
21.2576 4.05898 0.0627238 -4.88613 2.25102e-09
21.28 4.06038 0.0626804 -4.88717 2.24869e-09
21.3024 4.06179 0.0626371 -4.88821 2.24636e-09
21.3248 4.06319 0.0625939 -4.88924 2.24403e-09
21.3472 4.06459 0.0625507 -4.89028 2.24171e-09
21.3696 4.06599 0.0625076 -4.89131 2.23939e-09
21.392 4.06739 0.0624646 -4.89234 2.23708e-09
21.4144 4.06879 0.0624217 -4.89338 2.23478e-09
21.4368 4.07019 0.0623788 -4.89441 2.23247e-09
21.4592 4.07159 0.062336 -4.89544 2.23018e-09
21.4816 4.07298 0.0622933 -4.89646 2.22789e-09
21.504 4.07438 0.0622507 -4.89749 2.2256e-09
21.5264 4.07577 0.0622081 -4.89852 2.22332e-09
21.5488 4.07716 0.0621656 -4.89954 2.22104e-09
21.5712 4.07856 0.0621232 -4.90057 2.21876e-09
21.5936 4.07995 0.0620808 -4.90159 2.2165e-09
21.616 4.08134 0.0620385 -4.90261 2.21423e-09
21.6384 4.08273 0.0619963 -4.90363 2.21197e-09
21.6608 4.08411 0.0619542 -4.90465 2.20972e-09
21.6832 4.0855 0.0619121 -4.90567 2.20747e-09
21.7056 4.08689 0.0618701 -4.90669 2.20522e-09
21.728 4.08827 0.0618282 -4.90771 2.20298e-09
21.7504 4.08966 0.0617863 -4.90872 2.20074e-09
21.7728 4.09104 0.0617446 -4.90974 2.19851e-09
21.7952 4.09242 0.0617029 -4.91075 2.19628e-09
21.8176 4.09381 0.0616612 -4.91176 2.19406e-09
21.84 4.09519 0.0616196 -4.91277 2.19184e-09
21.8624 4.09657 0.0615781 -4.91379 2.18963e-09
21.8848 4.09795 0.0615367 -4.91479 2.18742e-09
21.9072 4.09932 0.0614953 -4.9158 2.18521e-09
21.9296 4.1007 0.061454 -4.91681 2.18301e-09
21.952 4.10208 0.0614128 -4.91782 2.18082e-09
21.9744 4.10345 0.0613717 -4.91882 2.17863e-09
21.9968 4.10483 0.0613306 -4.91983 2.17644e-09
22.0192 4.1062 0.0612896 -4.92083 2.17426e-09
22.0416 4.10757 0.0612486 -4.92183 2.17208e-09
22.064 4.10894 0.0612077 -4.92284 2.1699e-09
22.0864 4.11031 0.0611669 -4.92384 2.16773e-09
22.1088 4.11168 0.0611262 -4.92484 2.16557e-09
22.1312 4.11305 0.0610855 -4.92583 2.16341e-09
22.1536 4.11442 0.0610449 -4.92683 2.16125e-09
22.176 4.11579 0.0610044 -4.92783 2.1591e-09
22.1984 4.11715 0.0609639 -4.92882 2.15695e-09
22.2208 4.11852 0.0609235 -4.92982 2.1548e-09
22.2432 4.11988 0.0608831 -4.93081 2.15266e-09
22.2656 4.12125 0.0608429 -4.9318 2.15053e-09
22.288 4.12261 0.0608027 -4.9328 2.1484e-09
22.3104 4.12397 0.0607625 -4.93379 2.14627e-09
22.3328 4.12533 0.0607224 -4.93478 2.14415e-09
22.3552 4.12669 0.0606824 -4.93577 2.14203e-09
22.3776 4.12805 0.0606425 -4.93675 2.13991e-09
22.4 4.12941 0.0606026 -4.93774 2.1378e-09
